333.348	1.7
333.679	1.7
334.011	1.7
334.343	3.3
334.674	3.7
335.006	2.7
335.338	2.7
335.670	2.0
336.002	3.7
336.334	3.3
336.666	3.7
336.998	1.0
337.330	-1.0
337.662	-1.7
337.994	-0.3
338.326	1.3
338.658	1.7
338.990	1.3
339.323	2.7
339.655	3.0
339.987	3.0
340.320	1.3
340.652	2.3
340.984	2.3
341.317	2.7
341.649	2.0
341.982	1.3
342.314	1.3
342.647	2.3
342.979	4.7
343.312	5.0
343.645	3.3
343.978	3.0
344.310	2.7
344.643	2.7
344.976	1.0
345.309	0.3
345.642	0.0
345.975	-0.3
346.308	0.3
346.641	0.7
346.974	2.3
347.307	2.3
347.640	1.7
347.973	0.7
348.306	0.3
348.639	1.0
348.972	-0.3
349.306	1.3
349.639	1.3
349.972	4.0
350.306	4.0
350.639	4.7
350.972	4.7
351.306	4.7
351.639	5.7
351.973	5.7
352.306	5.3
352.640	4.0
352.974	3.0
353.307	1.7
353.641	1.0
353.975	-0.7
354.309	0.3
354.642	0.0
354.976	1.7
355.310	1.7
355.644	2.3
355.978	2.7
356.312	2.0
356.646	2.7
356.980	2.0
357.314	2.7
357.648	1.3
357.982	2.0
358.316	1.7
358.651	3.0
358.985	2.3
359.319	2.0
359.653	1.7
359.988	1.3
360.322	1.0
360.656	0.3
360.991	-0.3
361.325	0.0
361.660	0.3
361.994	0.7
362.329	1.0
362.664	0.3
362.998	2.3
363.333	1.3
363.668	2.7
364.002	1.3
364.337	2.3
364.672	2.0
365.007	1.3
365.342	1.7
365.676	1.3
366.011	2.7
366.346	1.7
366.681	3.0
367.016	2.0
367.351	2.7
367.687	1.0
368.022	1.3
368.357	1.0
368.692	1.0
369.027	1.0
369.363	0.0
369.698	1.3
370.033	2.0
370.369	3.0
370.704	2.3
371.039	2.7
371.375	3.0
371.710	3.0
372.046	0.7
372.381	0.3
372.717	-0.7
373.053	1.0
373.388	-0.3
373.724	0.0
374.060	0.0
374.395	3.0
374.731	3.0
375.067	2.7
375.403	0.7
375.739	1.7
376.075	1.3
376.411	1.3
376.747	0.0
377.083	-0.3
377.419	-0.3
377.755	1.0
378.091	2.0
378.427	1.7
378.763	1.3
379.099	1.3
379.436	2.0
379.772	1.0
380.108	1.3
380.445	2.0
380.781	1.7
381.117	1.3
381.454	0.3
381.790	1.0
382.127	1.3
382.463	1.3
382.800	2.0
383.137	1.3
383.473	2.0
383.810	1.0
384.147	1.7
384.483	1.0
384.820	2.3
385.157	0.7
385.494	1.7
385.831	0.3
386.167	0.7
386.504	-0.7
386.841	-0.7
387.178	-0.7
387.515	0.7
387.852	2.0
388.189	3.0
388.527	3.3
388.864	3.0
389.201	4.3
389.538	3.0
389.875	3.7
390.213	2.7
390.550	4.3
390.887	5.7
391.225	5.0
391.562	2.7
391.899	0.3
392.237	0.7
392.574	1.7
392.912	1.0
393.250	1.3
393.587	1.3
393.925	2.3
394.262	1.0
394.600	1.0
394.938	-1.0
395.276	-1.3
395.613	-2.0
395.951	-1.3
396.289	0.7
396.627	1.3
396.965	3.3
397.303	1.7
397.641	2.0
397.979	1.0
398.317	2.7
398.655	2.7
398.993	1.7
399.331	0.7
399.669	0.7
400.008	2.7
400.346	2.3
400.684	1.3
401.022	0.0
401.361	0.7
401.699	2.3
402.037	2.3
402.376	2.0
402.714	0.7
403.053	0.3
403.391	1.0
403.730	2.0
404.068	4.0
404.407	2.3
404.746	1.3
405.084	0.7
405.423	1.7
405.762	2.3
406.101	1.3
406.439	2.0
406.778	1.7
407.117	1.3
407.456	0.7
407.795	0.7
408.134	1.7
408.473	2.0
408.812	2.0
409.151	0.3
409.490	1.3
409.829	2.3
410.168	5.3
410.508	5.0
410.847	5.0
411.186	4.0
411.525	3.0
411.865	3.0
412.204	2.7
412.543	4.0
412.883	3.0
413.222	4.0
413.562	5.0
413.901	6.3
414.241	6.3
414.580	5.3
414.920	5.3
415.259	6.0
415.599	4.7
415.939	5.3
416.278	5.0
416.618	7.3
416.958	7.0
417.298	8.7
417.637	10.7
417.977	12.7
418.317	13.7
418.657	12.7
418.997	12.7
419.337	12.0
419.677	12.7
420.017	13.0
420.357	14.3
420.697	15.3
421.037	17.3
421.378	17.3
421.718	17.7
422.058	17.0
422.398	18.7
422.739	19.3
423.079	20.0
423.419	20.0
423.760	20.7
424.100	20.3
424.441	21.0
424.781	23.3
425.122	26.0
425.462	28.3
425.803	29.0
426.143	30.7
426.484	30.3
426.825	31.7
427.165	31.7
427.506	32.7
427.847	33.0
428.187	34.7
428.528	34.3
428.869	34.0
429.210	34.7
429.551	35.7
429.892	38.0
430.233	39.0
430.574	42.3
430.915	42.7
431.256	43.0
431.597	44.0
431.938	46.0
432.279	48.0
432.620	48.3
432.962	47.7
433.303	49.0
433.644	51.0
433.985	53.7
434.327	54.7
434.668	55.3
435.010	58.7
435.351	61.0
435.692	63.3
436.034	63.3
436.375	65.3
436.717	68.3
437.058	71.0
437.400	71.7
437.742	72.3
438.083	74.3
438.425	77.3
438.767	80.7
439.109	82.3
439.450	85.3
439.792	87.7
440.134	90.7
440.476	93.0
440.818	95.0
441.160	96.7
441.502	97.7
441.844	98.0
442.186	100.7
442.528	104.0
442.870	108.7
443.212	111.7
443.554	113.3
443.896	114.0
444.238	116.3
444.581	120.0
444.923	121.7
445.265	121.3
445.608	122.0
445.950	124.0
446.292	126.3
446.635	128.3
446.977	132.3
447.320	134.7
447.662	138.3
448.005	141.3
448.347	144.7
448.690	144.0
449.032	143.0
449.375	141.0
449.718	138.7
450.060	137.7
450.403	138.3
450.746	141.0
451.089	141.0
451.431	142.3
451.774	141.0
452.117	139.7
452.460	138.7
452.803	139.3
453.146	139.0
453.489	136.3
453.832	133.3
454.175	131.7
454.518	129.3
454.861	126.0
455.204	125.3
455.548	124.3
455.891	123.0
456.234	119.3
456.577	117.0
456.921	116.3
457.264	115.0
457.607	113.7
457.951	112.7
458.294	110.0
458.638	106.7
458.981	104.0
459.325	101.0
459.668	98.3
460.012	94.0
460.355	92.0
460.699	92.0
461.042	91.7
461.386	93.0
461.730	91.7
462.074	91.3
462.417	88.7
462.761	86.7
463.105	85.3
463.449	85.7
463.793	85.0
464.137	82.7
464.481	80.0
464.824	78.7
465.168	78.0
465.513	76.3
465.857	75.0
466.201	74.7
466.545	74.0
466.889	73.7
467.233	72.7
467.577	71.7
467.921	70.3
468.266	67.0
468.610	65.0
468.954	62.3
469.299	64.0
469.643	65.7
469.987	68.3
470.332	68.0
470.676	67.3
471.021	63.7
471.365	60.7
471.710	57.3
472.054	56.3
472.399	53.7
472.744	53.0
473.088	51.3
473.433	52.3
473.778	52.3
474.122	52.7
474.467	51.0
474.812	49.3
475.157	48.0
475.502	47.3
475.847	46.7
476.191	46.3
476.536	46.7
476.881	46.0
477.226	46.3
477.571	45.3
477.916	46.0
478.262	44.3
478.607	44.3
478.952	41.3
479.297	40.3
479.642	39.3
479.987	39.7
480.333	42.3
480.678	44.7
481.023	47.0
481.369	46.0
481.714	45.3
482.059	44.7
482.405	44.0
482.750	42.3
483.096	42.7
483.441	42.7
483.787	42.7
484.132	41.3
484.478	43.7
484.824	45.0
485.169	47.3
485.515	48.7
485.861	49.0
486.206	47.0
486.552	44.7
486.898	43.3
487.244	43.7
487.590	44.0
487.935	46.0
488.281	46.7
488.627	46.3
488.973	45.3
489.319	45.7
489.665	46.3
490.011	48.3
490.357	50.0
490.703	50.7
491.050	51.0
491.396	51.3
491.742	53.3
492.088	54.7
492.434	56.3
492.781	55.7
493.127	57.0
493.473	57.0
493.820	59.0
494.166	58.0
494.512	58.3
494.859	58.0
495.205	60.3
495.552	63.0
495.898	64.0
496.245	64.0
496.591	64.3
496.938	66.0
497.285	67.3
497.631	67.7
497.978	69.3
498.325	72.3
498.671	74.7
499.018	77.0
499.365	76.3
499.712	79.3
500.059	81.0
500.405	83.3
500.752	84.3
501.099	85.7
501.446	88.0
501.793	88.3
502.140	90.3
502.487	97.0
502.834	105.0
503.181	109.7
503.529	108.3
503.876	104.7
504.223	100.7
504.570	100.7
504.917	101.0
505.265	102.7
505.612	102.7
505.959	104.3
506.306	108.3
506.654	113.0
507.001	117.0
507.349	118.7
507.696	116.3
508.044	115.0
508.391	113.3
508.739	115.0
509.086	117.7
509.434	119.7
509.781	122.3
510.129	121.7
510.477	124.7
510.824	127.3
511.172	134.7
511.520	136.3
511.868	136.0
512.215	132.7
512.563	133.3
512.911	135.0
513.259	137.7
513.607	140.3
513.955	144.7
514.303	146.7
514.651	146.7
514.999	147.0
515.347	144.0
515.695	142.7
516.043	140.3
516.391	144.0
516.739	145.7
517.087	147.0
517.436	149.3
517.784	151.7
518.132	157.3
518.480	156.3
518.829	155.7
519.177	152.3
519.525	155.7
519.874	160.0
520.222	162.3
520.571	161.0
520.919	161.3
521.268	163.3
521.616	167.0
521.965	168.3
522.313	166.7
522.662	165.3
523.011	165.3
523.359	166.0
523.708	165.3
524.057	164.7
524.405	165.7
524.754	166.7
525.103	168.3
525.452	168.3
525.801	170.7
526.150	171.3
526.498	172.3
526.847	172.0
527.196	170.7
527.545	171.0
527.894	170.7
528.243	173.3
528.592	176.3
528.941	179.0
529.291	182.3
529.640	184.7
529.989	184.7
530.338	182.7
530.687	181.3
531.037	183.0
531.386	184.3
531.735	186.3
532.084	192.0
532.434	198.3
532.783	202.3
533.132	205.0
533.482	209.3
533.831	208.0
534.181	200.0
534.530	190.7
534.880	190.0
535.229	193.0
535.579	196.0
535.929	194.3
536.278	194.3
536.628	193.0
536.978	196.0
537.327	196.7
537.677	198.0
538.027	197.7
538.377	197.3
538.726	201.7
539.076	215.0
539.426	227.3
539.776	228.0
540.126	215.3
540.476	203.7
540.826	199.3
541.176	201.7
541.526	204.0
541.876	206.7
542.226	207.0
542.576	207.7
542.926	207.3
543.276	206.0
543.627	205.7
543.977	207.3
544.327	210.3
544.677	210.0
545.028	208.7
545.378	207.3
545.728	209.0
546.079	212.7
546.429	212.7
546.779	215.3
547.130	215.0
547.480	216.0
547.831	215.7
548.181	217.3
548.532	220.3
548.882	220.7
549.233	220.3
549.584	219.3
549.934	220.7
550.285	218.0
550.636	219.3
550.986	219.0
551.337	222.7
551.688	224.7
552.039	227.0
552.389	228.3
552.740	227.0
553.091	228.3
553.442	228.3
553.793	228.3
554.144	225.3
554.495	224.3
554.846	224.7
555.197	225.7
555.548	226.3
555.899	223.0
556.250	217.7
556.601	213.0
556.952	211.7
557.303	212.3
557.655	212.0
558.006	211.7
558.357	212.3
558.708	211.7
559.060	209.0
559.411	208.7
559.762	209.3
560.114	213.7
560.465	213.3
560.817	214.3
561.168	214.7
561.519	218.3
561.871	220.3
562.223	223.3
562.574	226.0
562.926	232.7
563.277	240.7
563.629	247.0
563.980	254.0
564.332	261.0
564.684	271.0
565.036	278.7
565.387	282.0
565.739	281.3
566.091	276.7
566.443	273.3
566.795	271.0
567.146	272.3
567.498	274.0
567.850	278.0
568.202	282.0
568.554	283.3
568.906	282.0
569.258	277.7
569.610	277.0
569.962	277.3
570.314	278.0
570.667	279.0
571.019	281.7
571.371	283.0
571.723	281.0
572.075	277.3
572.428	274.0
572.780	274.0
573.132	273.3
573.484	276.0
573.837	283.7
574.189	289.3
574.541	293.0
574.894	294.3
575.246	311.3
575.599	343.0
575.951	359.3
576.304	345.3
576.656	309.0
577.009	283.3
577.361	277.0
577.714	278.3
578.067	279.3
578.419	279.0
578.772	276.3
579.125	280.7
579.478	284.0
579.830	292.3
580.183	293.0
580.536	294.3
580.889	306.3
581.242	325.3
581.594	333.0
581.947	318.0
582.300	298.0
582.653	289.3
583.006	296.7
583.359	323.7
583.712	554.7
584.065	1486.7
584.418	2697.3
584.771	3354.3
585.125	2629.7
585.478	1407.3
585.831	523.7
586.184	320.3
586.537	321.3
586.890	369.0
587.244	456.7
587.597	520.3
587.950	492.7
588.304	391.7
588.657	311.7
589.010	297.3
589.364	325.0
589.717	345.3
590.071	342.7
590.424	318.3
590.778	299.3
591.131	292.0
591.485	287.3
591.838	283.3
592.192	276.3
592.546	277.3
592.899	298.0
593.253	423.7
593.607	625.7
593.960	745.3
594.314	661.3
594.668	459.3
595.022	320.3
595.375	287.0
595.729	296.0
596.083	308.3
596.437	338.0
596.791	368.3
597.145	373.7
597.499	338.7
597.853	297.0
598.207	276.7
598.561	271.3
598.915	267.3
599.269	261.7
599.623	257.0
599.977	256.3
600.331	254.3
600.685	255.0
601.040	253.3
601.394	254.7
601.748	280.3
602.102	323.3
602.457	355.7
602.811	340.0
603.165	293.3
603.520	256.7
603.874	244.3
604.228	245.7
604.583	245.3
604.937	244.7
605.292	243.0
605.646	246.7
606.001	304.7
606.355	478.0
606.710	681.0
607.064	726.3
607.419	572.0
607.774	366.7
608.128	328.0
608.483	543.7
608.838	856.0
609.192	972.7
609.547	772.3
609.902	452.3
610.257	263.7
610.612	223.3
610.966	224.0
611.321	222.7
611.676	226.0
612.031	228.7
612.386	238.0
612.741	300.0
613.096	610.0
613.451	1095.3
613.806	1379.0
614.161	1172.3
614.516	686.0
614.871	356.7
615.226	333.0
615.581	438.0
615.937	481.7
616.292	408.0
616.647	289.3
617.002	225.0
617.357	215.3
617.713	220.0
618.068	212.7
618.423	198.0
618.779	185.3
619.134	177.7
619.489	180.3
619.845	187.3
620.200	207.7
620.556	253.0
620.911	305.0
621.267	320.7
621.622	280.3
621.978	218.7
622.333	179.3
622.689	166.0
623.045	163.0
623.400	164.3
623.756	167.0
624.112	170.3
624.467	169.0
624.823	169.3
625.179	213.7
625.535	365.7
625.890	561.7
626.246	628.0
626.602	499.7
626.958	297.7
627.314	180.7
627.670	153.3
628.026	153.7
628.382	155.0
628.738	156.0
629.093	176.7
629.450	232.3
629.806	290.0
630.162	298.7
630.518	248.3
630.874	189.0
631.230	159.0
631.586	162.7
631.942	221.7
632.298	394.3
632.655	612.3
633.011	686.3
633.367	546.7
633.724	315.0
634.080	176.0
634.436	138.3
634.792	137.0
635.149	134.7
635.505	132.0
635.862	128.7
636.218	130.7
636.575	139.0
636.931	222.0
637.288	425.7
637.644	631.0
638.001	652.3
638.357	474.7
638.714	361.0
639.070	650.3
639.427	1189.3
639.784	1461.7
640.140	1186.3
640.497	631.7
640.854	257.3
641.211	133.3
641.567	116.7
641.924	112.3
642.281	110.7
642.638	110.3
642.995	108.7
643.352	110.0
643.708	111.0
644.065	111.7
644.422	109.7
644.779	106.3
645.136	103.3
645.493	100.7
645.850	98.7
646.207	99.7
646.564	99.0
646.922	98.7
647.279	96.3
647.636	96.3
647.993	98.0
648.350	99.3
648.707	103.7
649.065	142.3
649.422	356.3
649.779	717.0
650.136	966.7
650.494	863.0
650.851	511.7
651.208	221.0
651.566	112.0
651.923	122.0
652.281	184.7
652.638	246.3
652.996	253.7
653.353	195.0
653.711	129.3
654.068	95.0
654.426	85.7
654.783	86.0
655.141	97.0
655.498	115.3
655.856	125.3
656.214	116.7
656.571	100.3
656.929	87.3
657.287	84.0
657.644	85.0
658.002	87.7
658.360	108.7
658.718	205.7
659.076	357.7
659.434	450.3
659.791	390.0
660.149	239.3
660.507	127.0
660.865	87.3
661.223	83.0
661.581	81.3
661.939	80.0
662.297	76.3
662.655	72.3
663.013	71.0
663.371	71.3
663.729	71.0
664.087	69.7
664.446	70.0
664.804	71.3
665.162	72.0
665.520	74.3
665.878	77.7
666.237	106.7
666.595	284.7
666.953	603.3
667.311	843.0
667.670	765.7
668.028	457.3
668.386	190.3
668.745	87.3
669.103	73.7
669.462	73.0
669.820	75.0
670.179	91.3
670.537	188.7
670.896	338.0
671.254	429.0
671.613	367.0
671.971	215.3
672.330	103.7
672.689	65.0
673.047	61.7
673.406	61.3
673.765	60.7
674.123	60.0
674.482	59.3
674.841	60.0
675.199	61.0
675.558	61.7
675.917	61.0
676.276	58.0
676.635	58.7
676.994	58.0
677.352	58.7
677.711	57.3
678.070	55.3
678.429	53.3
678.788	51.3
679.147	51.7
679.506	51.3
679.865	51.7
680.224	51.0
680.583	52.3
680.942	52.3
681.302	51.7
681.661	50.7
682.020	50.3
682.379	50.0
682.738	50.0
683.097	48.3
683.457	48.0
683.816	47.7
684.175	49.0
684.534	49.0
684.894	47.7
685.253	45.0
685.612	44.3
685.972	45.0
686.331	45.7
686.691	45.3
687.050	42.3
687.409	43.7
687.769	44.3
688.128	45.7
688.488	44.7
688.847	42.7
689.207	42.7
689.567	41.0
689.926	40.0
690.286	41.0
690.645	43.0
691.005	47.0
691.365	60.7
691.724	187.3
692.084	441.0
692.444	650.0
692.804	608.7
693.163	363.7
693.523	137.7
693.883	51.0
694.243	38.7
694.603	40.3
694.963	38.7
695.322	39.0
695.682	40.0
696.042	40.3
696.402	38.7
696.762	37.0
697.122	37.3
697.482	37.3
697.842	37.3
698.202	34.7
698.562	33.0
698.922	31.7
699.282	33.3
699.643	35.0
700.003	34.7
700.363	35.0
700.723	36.3
701.083	42.0
701.444	58.7
701.804	111.3
702.164	329.0
702.524	632.0
702.885	776.7
703.245	610.3
703.605	297.0
703.966	101.3
704.326	50.3
704.686	53.3
705.047	62.7
705.407	70.3
705.768	66.3
706.128	54.0
706.489	40.0
706.849	32.7
707.210	30.7
707.570	30.3
707.931	30.3
708.291	30.0
708.652	29.0
709.013	28.3
709.373	28.7
709.734	29.7
710.095	31.3
710.455	32.0
710.816	32.7
711.177	32.0
711.538	29.3
711.898	26.3
712.259	25.7
712.620	27.7
712.981	29.0
713.342	30.3
713.703	30.3
714.063	30.3
714.424	27.3
714.785	27.3
715.146	27.0
715.507	28.0
715.868	29.7
716.229	51.0
716.590	94.3
716.951	126.0
717.312	117.0
717.673	74.7
718.035	40.3
718.396	27.3
718.757	25.0
719.118	24.7
719.479	25.7
719.840	27.0
720.202	27.0
720.563	26.7
720.924	25.0
721.285	25.0
721.647	23.7
722.008	25.7
722.369	27.7
722.731	31.0
723.092	44.3
723.453	124.0
723.815	252.7
724.176	324.7
724.538	266.3
724.899	138.7
725.261	53.0
725.622	30.7
725.984	28.3
726.345	28.0
726.707	28.0
727.068	26.0
727.430	25.0
727.791	22.7
728.153	22.0
728.515	22.0
728.876	21.3
729.238	21.7
729.600	20.7
729.961	23.0
730.323	23.3
730.685	23.3
731.047	21.3
731.408	21.3
731.770	22.3
732.132	23.0
732.494	24.0
732.856	24.0
733.218	25.0
733.580	26.0
733.941	26.7
734.303	26.3
734.665	25.7
735.027	25.3
735.389	24.3
735.751	23.3
736.113	25.3
736.475	27.7
736.837	28.7
737.200	27.7
737.562	28.7
737.924	28.3
738.286	27.3
738.648	24.7
739.010	22.7
739.372	20.7
739.735	18.3
740.097	18.3
740.459	18.0
740.821	19.3
741.184	18.7
741.546	19.0
741.908	18.3
742.271	19.7
742.633	27.0
742.995	52.0
743.358	82.7
743.720	90.0
744.082	67.3
744.445	38.3
744.807	26.0
745.170	26.0
745.532	26.0
745.895	29.0
746.257	35.0
746.620	42.0
746.982	44.0
747.345	40.0
747.708	46.3
748.070	76.3
748.433	110.3
748.796	109.0
749.158	76.3
749.521	42.3
749.884	30.7
750.246	26.7
750.609	22.0
750.972	18.7
751.335	17.0
751.697	15.7
752.060	15.3
752.423	30.3
752.786	72.3
753.149	115.7
753.512	122.3
753.875	94.3
754.237	56.3
754.600	36.7
754.963	24.0
755.326	19.3
755.689	17.0
756.052	17.7
756.415	19.0
756.778	21.0
757.141	23.3
757.504	23.0
757.868	26.0
758.231	26.7
758.594	27.7
758.957	26.0
759.320	26.3
759.683	27.0
760.046	27.7
760.410	28.0
760.773	28.7
761.136	28.7
761.499	26.7
761.863	26.7
762.226	25.3
762.589	22.7
762.953	19.0
763.316	16.3
763.679	15.3
764.043	12.3
764.406	10.7
764.769	10.7
765.133	10.7
765.496	10.3
765.860	9.3
766.223	9.0
766.587	10.3
766.950	10.0
767.314	10.0
767.677	9.3
768.041	11.0
768.405	13.3
768.768	15.0
769.132	15.3
769.495	17.0
769.859	17.3
770.223	18.7
770.586	18.3
770.950	19.7
771.314	19.0
771.678	20.3
772.041	21.0
772.405	23.3
772.769	22.0
773.133	23.0
773.496	22.3
773.860	22.0
774.224	20.3
774.588	21.0
774.952	21.0
775.316	17.7
775.680	12.7
776.044	12.0
776.408	27.7
776.772	52.7
777.136	66.0
777.500	52.7
777.864	27.3
778.228	10.7
778.592	5.7
778.956	5.3
779.320	4.0
779.684	5.0
780.048	4.3
780.412	4.7
780.776	4.3
781.140	4.3
781.505	5.0
781.869	5.0
782.233	6.0
782.597	6.0
782.961	5.7
783.326	5.7
783.690	5.7
784.054	6.3
784.419	5.3
784.783	5.7
785.147	5.0
785.512	5.0
785.876	5.0
786.240	5.0
786.605	5.3
786.969	6.0
787.334	5.7
787.698	5.0
788.063	3.7
788.427	4.3
788.792	5.0
789.156	7.0
789.521	7.0
789.885	6.7
790.250	4.3
790.614	3.7
790.979	3.7
791.344	3.3
791.708	3.3
792.073	3.0
792.438	3.0
792.802	3.3
793.167	5.7
793.532	13.7
793.896	20.3
794.261	21.0
794.626	13.3
794.991	6.3
795.355	2.3
795.720	0.0
796.085	1.0
796.450	2.3
796.815	6.0
797.180	5.0
797.545	4.7
797.909	4.0
798.274	4.3
798.639	3.7
799.004	4.0
799.369	3.3
799.734	4.0
800.099	2.7
800.464	2.7
800.829	2.7
801.194	2.7
801.559	2.3
801.924	1.3
802.289	1.0
802.655	1.3
803.020	3.3
803.385	4.7
803.750	5.7
804.115	3.3
804.480	3.3
804.846	2.7
805.211	2.7
805.576	3.3
805.941	3.7
806.306	3.7
806.672	1.7
807.037	1.7
807.402	4.3
807.768	6.7
808.133	7.7
808.498	6.0
808.864	4.7
809.229	3.0
809.594	1.3
809.960	0.0
810.325	0.7
810.691	3.0
811.056	7.7
811.422	12.0
811.787	14.0
812.153	12.3
812.518	11.7
812.884	20.7
813.249	31.3
813.615	32.7
813.980	21.7
814.346	8.3
814.712	3.0
815.077	2.7
815.443	2.7
815.809	2.3
816.174	3.3
816.540	4.0
816.906	5.0
817.271	3.0
817.637	2.3
818.003	0.7
818.369	0.3
818.734	-0.3
819.100	-0.7
819.466	-0.3
819.832	0.7
820.198	1.0
820.563	1.7
820.929	3.0
821.295	3.7
821.661	3.7
822.027	2.0
822.393	1.3
822.759	0.3
823.125	0.7
823.491	0.7
823.857	2.0
824.223	2.0
824.589	4.0
824.955	4.0
825.321	6.3
825.687	10.3
826.053	16.0
826.419	19.3
826.785	15.7
827.151	9.3
827.517	3.0
827.883	1.7
828.250	1.3
828.616	2.0
828.982	4.7
829.348	18.0
829.714	33.0
830.081	35.0
830.447	23.3
830.813	8.3
831.179	4.0
831.546	3.3
831.912	4.3
832.278	3.0
832.645	2.3
833.011	1.3
833.377	2.0
833.744	1.3
834.110	0.3
834.476	0.7
834.843	1.3
835.209	2.0
835.576	3.0
835.942	6.0
836.309	11.0
836.675	24.7
837.042	77.3
837.408	134.3
837.775	144.3
838.141	92.3
838.508	31.7
838.874	6.3
839.241	3.3
839.608	3.0
839.974	3.7
840.341	3.3
840.707	4.3
841.074	12.7
841.441	24.3
841.808	29.3
842.174	21.0
842.541	9.3
842.908	3.0
843.274	4.7
843.641	8.3
844.008	21.3
844.375	33.0
844.741	33.0
845.108	21.3
845.475	10.7
845.842	10.3
846.209	10.3
846.576	8.0
846.943	4.7
847.309	2.7
847.676	2.3
848.043	4.3
848.410	12.0
848.777	42.7
849.144	78.7
849.511	91.7
849.878	64.0
850.245	27.3
850.612	8.0
850.979	6.0
851.346	4.0
851.713	3.0
852.080	1.3
852.447	1.7
852.814	1.7
853.182	2.3
853.549	3.3
853.916	3.0
854.283	1.3
854.650	0.3
855.017	0.7
855.385	1.7
855.752	1.3
856.119	2.3
856.486	6.0
856.853	7.7
857.221	8.0
857.588	6.0
857.955	9.0
858.323	21.7
858.690	41.3
859.057	51.3
859.425	40.7
859.792	19.7
860.159	4.3
860.527	0.7
860.894	2.0
861.261	3.0
861.629	2.7
861.996	1.7
862.364	5.3
862.731	17.0
863.099	31.0
863.466	35.0
863.834	27.3
864.201	21.0
864.569	39.7
864.936	79.7
865.304	106.3
865.671	92.7
866.039	53.0
866.407	21.0
866.774	12.3
867.142	19.3
867.509	37.3
867.877	51.0
868.245	49.7
868.612	33.0
868.980	17.0
869.348	10.0
869.715	8.7
870.083	9.7
870.451	8.0
870.819	7.3
871.186	7.3
871.554	9.0
871.922	9.3
872.290	7.7
872.658	5.3
873.025	3.7
873.393	2.0
873.761	2.3
874.129	1.7
874.497	2.0
874.865	1.3
875.233	1.0
875.601	2.0
875.969	4.0
876.336	9.3
876.704	16.0
877.072	27.7
877.440	50.7
877.808	79.7
878.176	93.3
878.544	76.7
878.912	43.0
879.280	17.0
879.648	6.3
880.017	3.3
880.385	4.0
880.753	4.3
881.121	6.7
881.489	6.0
881.857	6.0
882.225	5.7
882.593	5.3
882.962	5.7
883.330	6.0
883.698	7.7
884.066	8.7
884.434	12.0
884.803	18.0
885.171	24.3
885.539	26.7
885.907	28.0
886.276	29.0
886.644	28.0
887.012	22.0
887.380	15.3
887.749	12.0
888.117	10.3
888.485	10.0
888.854	9.0
889.222	9.7
889.591	9.3
889.959	9.0
890.327	10.0
890.696	10.7
891.064	11.7
891.433	11.7
891.801	9.3
892.170	7.0
892.538	3.7
892.907	3.7
893.275	4.0
893.644	3.7
894.012	3.0
894.381	1.0
894.749	0.7
895.118	1.3
895.486	2.3
895.855	3.0
896.224	2.3
896.592	2.3
896.961	2.0
897.329	2.0
897.698	2.7
898.067	3.3
898.435	4.7
898.804	4.0
899.173	2.7
899.542	0.0
899.910	-0.3
900.279	-0.7
900.648	0.3
901.017	0.0
901.385	1.7
901.754	2.3
902.123	3.7
902.492	2.7
902.860	1.3
903.229	0.3
903.598	-0.3
903.967	-0.3
904.336	-1.3
904.705	-1.7
905.074	-1.0
905.443	0.0
905.811	1.3
906.180	2.0
906.549	2.3
906.918	2.7
907.287	3.0
907.656	2.3
908.025	1.0
908.394	-0.7
908.763	-1.0
909.132	-0.3
909.501	0.0
909.870	1.3
910.239	1.7
910.608	2.7
910.977	2.7
911.346	2.7
911.716	2.0
912.085	1.7
912.454	2.3
912.823	1.3
913.192	0.0
913.561	-0.7
913.930	1.3
914.299	3.3
914.669	5.3
915.038	5.3
915.407	4.3
915.776	2.3
916.146	1.7
916.515	3.0
916.884	2.7
917.253	3.3
917.623	1.0
917.992	1.0
918.361	-0.7
918.730	0.3
919.100	1.7
919.469	4.7
919.838	8.0
920.208	7.7
920.577	7.3
920.946	5.3
921.316	5.7
921.685	6.0
922.055	6.0
922.424	4.0
922.793	2.0
923.163	0.0
923.532	0.3
923.902	1.0
924.271	0.7
924.641	0.7
925.010	-0.3
925.380	0.7
925.749	0.3
926.119	1.0
926.488	1.3
926.858	0.3
927.227	1.0
927.597	1.3
927.967	2.7
928.336	2.3
928.706	0.3
929.075	0.7
929.445	0.7
929.815	2.7
930.184	2.3
930.554	2.3
930.924	2.3
931.293	2.7
931.663	3.7
932.033	4.7
932.402	4.7
932.772	4.3
933.142	3.0
933.511	3.3
933.881	3.0
934.251	3.3
934.621	2.7
934.991	3.0
935.360	1.0
935.730	1.0
936.100	0.7
936.470	2.0
936.840	1.0
937.209	0.0
937.579	0.0
937.949	0.0
938.319	0.0
938.689	1.3
939.059	2.3
939.429	2.7
939.799	1.3
940.168	1.7
940.538	0.7
940.908	1.7
941.278	0.3
941.648	1.0
942.018	1.0
942.388	2.3
942.758	3.0
943.128	1.3
943.498	1.7
943.868	1.7
944.238	2.3
944.608	1.3
944.978	0.7
945.348	1.3
945.718	1.7
946.089	2.7
946.459	2.7
946.829	2.7
947.199	1.7
947.569	2.3
947.939	4.0
948.309	6.3
948.679	6.7
949.050	5.0
949.420	3.3
949.790	1.7
950.160	2.7
950.530	2.0
950.901	1.7
951.271	1.0
951.641	1.0
952.011	1.7
952.382	0.7
952.752	1.7
953.122	2.3
953.492	2.7
953.863	2.0
954.233	1.7
954.603	1.3
954.974	0.7
955.344	0.3
955.714	0.3
956.085	0.0
956.455	-0.3
956.825	0.3
957.196	1.3
957.566	0.7
957.936	0.0
958.307	0.0
958.677	1.0
959.048	2.7
959.418	2.0
959.789	1.3
960.159	0.3
960.529	2.0
960.900	3.0
961.270	2.0
961.641	1.0
962.011	0.0
962.382	2.0
962.752	2.0
963.123	3.3
963.494	3.0
963.864	3.0
964.235	2.3
964.605	1.7
964.976	2.0
965.346	1.7
965.717	4.0
966.088	5.3
966.458	6.3
966.829	5.3
967.199	4.7
967.570	5.0
967.941	4.0
968.311	2.7
968.682	1.0
969.053	0.3
969.423	0.7
969.794	1.3
970.165	1.0
970.535	0.3
970.906	-0.3
971.277	1.3
971.648	2.0
972.018	2.3
972.389	1.0
972.760	0.3
973.131	0.0
973.502	-0.7
973.872	-0.3
974.243	0.7
974.614	1.7
974.985	3.0
975.356	2.3
975.726	3.0
976.097	2.0
976.468	2.7
976.839	3.3
977.210	5.0
977.581	4.0
977.952	3.3
978.323	2.3
978.693	2.0
979.064	2.3
979.435	2.0
979.806	1.3
980.177	-0.7
980.548	-2.0
980.919	-1.0
981.290	1.0
981.661	1.7
982.032	2.3
982.403	1.7
982.774	3.3
983.145	3.3
983.516	4.0
983.887	2.0
984.258	0.0
984.629	-0.7
985.000	1.3
985.371	2.7
985.742	2.0
986.113	1.7
986.484	1.7
986.856	3.3
987.227	3.7
987.598	2.7
987.969	1.7
988.340	0.0
988.711	0.0
989.082	-0.3
989.454	0.3
989.825	1.7
990.196	2.3
990.567	2.3
990.938	2.0
991.309	2.3
991.681	3.7
992.052	2.7
992.423	2.3
992.794	-0.3
993.166	0.0
993.537	0.7
993.908	2.3
994.279	1.0
994.651	-0.7
995.022	-1.0
995.393	0.7
995.764	3.0
996.136	3.0
996.507	2.7
996.878	0.7
997.250	1.0
997.621	2.0
997.992	2.7
998.364	2.0
998.735	1.3
999.106	2.3
999.478	1.7
999.849	1.0
1000.221	-0.3
1000.592	2.3
1000.963	2.0
1001.335	2.0
1001.706	2.0
1002.078	3.0
1002.449	3.3
1002.821	2.3
1003.192	1.7
1003.564	0.7
1003.935	-0.3
1004.306	-1.0
1004.678	-1.0
1005.049	-1.3
1005.421	-0.3
1005.792	1.0
1006.164	2.3
1006.535	3.0
1006.907	4.0
1007.279	4.3
1007.650	3.7
1008.022	2.7
1008.393	2.0
1008.765	1.3
1009.136	1.0
1009.508	0.7
1009.880	1.0
1010.251	0.7
1010.623	1.0
1010.994	1.7
1011.366	2.3
1011.738	3.0
1012.109	4.0
1012.481	3.0
1012.853	1.7
1013.224	0.3
1013.596	0.3
1013.968	0.3
1014.339	-0.7
1014.711	-0.7
1015.083	1.0
1015.454	2.3
1015.826	3.0
1016.198	2.3
1016.570	2.7
1016.941	3.7
1017.313	4.0
1017.685	4.0
1018.057	1.7
1018.428	1.3
1018.800	1.3
1019.172	1.7
1019.544	1.7
1019.915	0.7
1020.287	1.7
1020.659	3.0
1021.031	3.7
1021.403	2.3
1021.775	0.0
1022.146	1.0
1022.518	3.0
1022.890	4.0
1023.262	3.7
1023.634	3.3
1024.006	2.3
1024.378	1.0
1024.749	1.0
1025.121	3.0
1025.493	5.0
1025.865	5.7
1026.237	6.3
1026.609	5.3
1026.981	5.0
1027.353	4.0
1027.725	4.0
1028.097	3.0
1028.469	2.7
1028.841	3.3
1029.213	4.0
1029.585	4.7
1029.957	4.0
1030.329	5.7
1030.701	6.3
1031.073	7.3
1031.445	7.7
1031.817	7.3
1032.189	6.7
1032.561	5.7
1032.933	5.0
1033.305	6.0
1033.677	6.3
1034.049	6.3
1034.421	6.0
1034.793	7.0
1035.165	8.7
1035.537	9.3
1035.909	9.7
1036.281	10.3
1036.653	11.0
1037.025	10.7
1037.398	10.0
1037.770	9.3
1038.142	9.0
1038.514	9.0
1038.886	9.3
1039.258	10.7
1039.630	11.7
1040.003	12.0
1040.375	12.0
1040.747	11.3
1041.119	11.3
1041.491	10.7
1041.863	11.3
1042.236	11.7
1042.608	12.0
1042.980	10.3
1043.352	9.7
1043.725	9.7
1044.097	12.0
1044.469	12.0
1044.841	13.0
1045.213	12.7
1045.586	12.7
1045.958	11.7
1046.330	11.0
1046.703	11.7
1047.075	11.3
1047.447	11.3
1047.819	9.7
1048.192	10.0
1048.564	10.0
1048.936	11.7
1049.309	11.3
1049.681	11.3
1050.053	11.7
1050.426	12.7
1050.798	13.3
1051.170	12.7
1051.543	11.7
1051.915	10.7
1052.287	10.3
1052.660	10.7
1053.032	9.7
1053.405	10.7
1053.777	10.7
1054.149	12.0
1054.522	11.0
1054.894	11.7
1055.267	12.3
1055.639	13.0
1056.011	13.0
1056.384	11.7
1056.756	10.7
1057.129	9.0
1057.501	10.0
1057.874	11.3
1058.246	13.3
1058.618	13.7
1058.991	12.7
1059.363	12.0
1059.736	11.3
1060.108	11.3
1060.481	9.3
1060.853	8.3
1061.226	8.3
1061.598	9.7
1061.971	10.3
1062.343	12.0
1062.716	11.7
1063.088	13.0
1063.461	11.0
1063.834	11.0
1064.206	11.0
