333.348	91.0
333.679	91.0
334.011	94.3
334.343	94.7
334.674	97.0
335.006	95.7
335.338	95.7
335.670	95.3
336.002	97.0
336.334	97.0
336.666	96.7
336.998	96.3
337.330	95.7
337.662	94.3
337.994	93.0
338.326	93.3
338.658	96.0
338.990	98.0
339.323	98.0
339.655	96.3
339.987	98.0
340.320	99.7
340.652	101.3
340.984	99.0
341.317	100.7
341.649	100.0
341.982	100.7
342.314	98.0
342.647	98.3
342.979	97.3
343.312	96.3
343.645	96.3
343.978	96.0
344.310	95.7
344.643	96.0
344.976	97.0
345.309	98.3
345.642	97.7
345.975	97.7
346.308	97.3
346.641	98.0
346.974	99.3
347.307	100.3
347.640	101.7
347.973	102.3
348.306	101.7
348.639	99.3
348.972	97.7
349.306	96.3
349.639	95.7
349.972	95.7
350.306	96.7
350.639	97.7
350.972	99.3
351.306	97.7
351.639	96.3
351.973	94.3
352.306	96.0
352.640	99.0
352.974	99.3
353.307	98.0
353.641	96.0
353.975	95.3
354.309	96.0
354.642	95.3
354.976	95.0
355.310	100.0
355.644	101.3
355.978	102.7
356.312	98.3
356.646	98.7
356.980	98.3
357.314	99.3
357.648	98.3
357.982	98.7
358.316	96.7
358.651	96.7
358.985	96.0
359.319	95.7
359.653	94.7
359.988	94.7
360.322	97.0
360.656	100.0
360.991	101.0
361.325	99.0
361.660	97.0
361.994	97.0
362.329	98.3
362.664	98.3
362.998	97.3
363.333	97.0
363.668	96.0
364.002	96.3
364.337	97.3
364.672	98.3
365.007	98.7
365.342	97.7
365.676	98.0
366.011	98.7
366.346	99.3
366.681	99.3
367.016	99.3
367.351	99.0
367.687	100.3
368.022	98.7
368.357	98.3
368.692	97.0
369.027	98.7
369.363	98.0
369.698	98.0
370.033	95.7
370.369	97.7
370.704	97.7
371.039	96.3
371.375	95.3
371.710	95.0
372.046	97.3
372.381	98.0
372.717	98.7
373.053	99.7
373.388	98.7
373.724	99.0
374.060	98.7
374.395	99.7
374.731	99.3
375.067	97.3
375.403	96.7
375.739	96.7
376.075	97.0
376.411	96.3
376.747	97.0
377.083	98.0
377.419	99.7
377.755	100.7
378.091	100.3
378.427	99.3
378.763	98.7
379.099	97.0
379.436	97.0
379.772	96.3
380.108	97.3
380.445	96.3
380.781	96.0
381.117	95.7
381.454	96.0
381.790	94.7
382.127	95.0
382.463	94.3
382.800	96.3
383.137	96.3
383.473	97.3
383.810	97.3
384.147	96.7
384.483	96.7
384.820	96.0
385.157	98.0
385.494	101.3
385.831	100.3
386.167	99.7
386.504	95.3
386.841	95.7
387.178	95.3
387.515	96.3
387.852	96.7
388.189	97.0
388.527	97.0
388.864	97.0
389.201	96.7
389.538	97.3
389.875	98.0
390.213	98.3
390.550	98.3
390.887	97.7
391.225	96.7
391.562	95.3
391.899	95.3
392.237	96.3
392.574	97.0
392.912	96.7
393.250	97.0
393.587	97.7
393.925	97.3
394.262	98.3
394.600	97.3
394.938	97.7
395.276	96.3
395.613	97.3
395.951	97.7
396.289	97.7
396.627	97.0
396.965	96.7
397.303	96.3
397.641	96.3
397.979	95.7
398.317	95.7
398.655	97.3
398.993	98.3
399.331	98.0
399.669	96.3
400.008	96.3
400.346	97.7
400.684	98.0
401.022	97.7
401.361	96.7
401.699	95.7
402.037	95.0
402.376	94.7
402.714	94.3
403.053	95.7
403.391	97.7
403.730	99.7
404.068	99.7
404.407	98.3
404.746	100.0
405.084	99.0
405.423	98.0
405.762	95.3
406.101	95.0
406.439	96.0
406.778	97.0
407.117	97.0
407.456	97.0
407.795	95.0
408.134	96.3
408.473	95.7
408.812	97.3
409.151	97.0
409.490	97.7
409.829	99.0
410.168	98.0
410.508	99.3
410.847	96.3
411.186	97.3
411.525	97.3
411.865	98.3
412.204	98.7
412.543	98.3
412.883	99.0
413.222	98.0
413.562	99.0
413.901	98.7
414.241	100.3
414.580	99.7
414.920	102.0
415.259	105.0
415.599	105.7
415.939	105.7
416.278	103.0
416.618	102.7
416.958	101.3
417.298	101.0
417.637	102.0
417.977	103.3
418.317	104.0
418.657	104.0
418.997	104.3
419.337	106.0
419.677	107.7
420.017	109.0
420.357	109.3
420.697	108.7
421.037	108.0
421.378	108.0
421.718	108.7
422.058	109.0
422.398	110.0
422.739	109.0
423.079	110.7
423.419	112.3
423.760	114.7
424.100	116.0
424.441	117.0
424.781	118.0
425.122	120.3
425.462	121.3
425.803	122.0
426.143	120.3
426.484	120.3
426.825	122.0
427.165	123.0
427.506	124.3
427.847	125.0
428.187	133.0
428.528	133.7
428.869	135.3
429.210	130.0
429.551	132.7
429.892	134.7
430.233	136.7
430.574	137.0
430.915	137.0
431.256	137.7
431.597	139.7
431.938	142.0
432.279	142.3
432.620	142.3
432.962	142.0
433.303	146.7
433.644	146.3
433.985	149.0
434.327	147.7
434.668	151.3
435.010	152.7
435.351	154.3
435.692	156.3
436.034	157.7
436.375	162.3
436.717	162.7
437.058	165.3
437.400	166.3
437.742	169.3
438.083	171.7
438.425	172.3
438.767	173.7
439.109	174.3
439.450	177.7
439.792	180.3
440.134	182.3
440.476	182.7
440.818	185.0
441.160	189.3
441.502	196.3
441.844	200.7
442.186	201.7
442.528	201.0
442.870	202.0
443.212	206.7
443.554	208.7
443.896	211.7
444.238	212.7
444.581	214.3
444.923	217.0
445.265	218.3
445.608	221.3
445.950	225.0
446.292	229.0
446.635	231.7
446.977	232.3
447.320	233.7
447.662	235.0
448.005	238.0
448.347	237.3
448.690	237.3
449.032	237.0
449.375	238.0
449.718	238.0
450.060	238.0
450.403	238.7
450.746	240.7
451.089	240.3
451.431	240.7
451.774	243.3
452.117	243.0
452.460	241.0
452.803	236.7
453.146	234.7
453.489	234.7
453.832	232.3
454.175	229.0
454.518	225.7
454.861	223.3
455.204	223.3
455.548	221.0
455.891	218.3
456.234	212.3
456.577	209.0
456.921	208.3
457.264	211.0
457.607	211.3
457.951	207.7
458.294	203.7
458.638	200.0
458.981	199.0
459.325	198.0
459.668	197.0
460.012	195.0
460.355	193.0
460.699	190.7
461.042	186.7
461.386	183.3
461.730	181.3
462.074	181.0
462.417	179.7
462.761	180.3
463.105	179.7
463.449	180.3
463.793	178.0
464.137	176.3
464.481	174.7
464.824	173.3
465.168	171.7
465.513	172.7
465.857	171.7
466.201	173.0
466.545	168.0
466.889	165.7
467.233	163.3
467.577	163.0
467.921	164.3
468.266	162.7
468.610	161.7
468.954	159.3
469.299	157.7
469.643	156.7
469.987	157.0
470.332	157.3
470.676	156.3
471.021	154.3
471.365	154.7
471.710	154.3
472.054	154.3
472.399	151.0
472.744	147.3
473.088	146.3
473.433	145.7
473.778	147.7
474.122	146.7
474.467	146.3
474.812	145.0
475.157	143.3
475.502	143.3
475.847	142.3
476.191	142.0
476.536	142.0
476.881	140.0
477.226	140.0
477.571	139.3
477.916	141.0
478.262	139.3
478.607	138.3
478.952	139.7
479.297	141.0
479.642	140.7
479.987	138.7
480.333	137.3
480.678	137.3
481.023	137.0
481.369	136.3
481.714	135.7
482.059	135.0
482.405	134.3
482.750	134.7
483.096	135.0
483.441	137.0
483.787	136.3
484.132	137.3
484.478	135.7
484.824	136.0
485.169	135.7
485.515	136.3
485.861	135.7
486.206	135.3
486.552	136.3
486.898	137.0
487.244	136.7
487.590	136.7
487.935	138.3
488.281	139.3
488.627	141.0
488.973	141.3
489.319	142.7
489.665	140.7
490.011	140.3
490.357	142.0
490.703	145.3
491.050	145.3
491.396	144.0
491.742	143.0
492.088	144.7
492.434	145.7
492.781	146.3
493.127	147.7
493.473	149.0
493.820	151.3
494.166	152.7
494.512	157.0
494.859	157.0
495.205	158.7
495.552	156.7
495.898	158.0
496.245	159.0
496.591	160.3
496.938	161.0
497.285	161.0
497.631	161.7
497.978	163.0
498.325	166.0
498.671	166.7
499.018	168.3
499.365	168.7
499.712	171.7
500.059	174.0
500.405	176.3
500.752	177.0
501.099	177.3
501.446	180.0
501.793	185.7
502.140	188.3
502.487	186.3
502.834	183.3
503.181	183.7
503.529	186.3
503.876	188.0
504.223	191.0
504.570	193.7
504.917	195.0
505.265	198.7
505.612	198.3
505.959	199.0
506.306	198.0
506.654	200.0
507.001	201.3
507.349	201.3
507.696	202.3
508.044	205.0
508.391	205.3
508.739	207.3
509.086	206.7
509.434	209.7
509.781	210.7
510.129	215.3
510.477	216.7
510.824	218.3
511.172	217.7
511.520	219.7
511.868	222.0
512.215	223.3
512.563	224.3
512.911	224.7
513.259	224.7
513.607	225.0
513.955	226.3
514.303	228.0
514.651	227.0
514.999	227.3
515.347	228.7
515.695	233.3
516.043	235.7
516.391	236.7
516.739	236.3
517.087	236.0
517.436	240.7
517.784	240.7
518.132	241.3
518.480	239.3
518.829	241.7
519.177	246.0
519.525	248.0
519.874	248.7
520.222	250.0
520.571	253.7
520.919	253.0
521.268	251.0
521.616	248.0
521.965	251.7
522.313	251.3
522.662	253.0
523.011	254.7
523.359	255.0
523.708	254.7
524.057	254.0
524.405	256.7
524.754	260.3
525.103	260.3
525.452	260.3
525.801	260.0
526.150	263.0
526.498	266.0
526.847	265.0
527.196	264.7
527.545	265.0
527.894	267.0
528.243	267.0
528.592	264.3
528.941	265.3
529.291	266.3
529.640	269.3
529.989	268.0
530.338	269.0
530.687	268.7
531.037	269.3
531.386	269.3
531.735	272.0
532.084	274.3
532.434	273.0
532.783	272.7
533.132	273.0
533.482	275.7
533.831	275.0
534.181	277.0
534.530	278.7
534.880	280.7
535.229	280.3
535.579	278.7
535.929	279.7
536.278	280.0
536.628	280.3
536.978	281.0
537.327	282.3
537.677	284.0
538.027	285.0
538.377	287.0
538.726	286.0
539.076	288.0
539.426	287.7
539.776	293.7
540.126	293.3
540.476	292.3
540.826	289.7
541.176	289.0
541.526	291.7
541.876	292.3
542.226	292.0
542.576	292.7
542.926	295.3
543.276	298.3
543.627	298.0
543.977	297.7
544.327	301.3
544.677	301.3
545.028	300.7
545.378	297.0
545.728	299.3
546.079	301.3
546.429	303.7
546.779	303.7
547.130	303.7
547.480	301.3
547.831	302.7
548.181	304.0
548.532	308.3
548.882	309.0
549.233	309.0
549.584	309.7
549.934	308.7
550.285	309.0
550.636	310.3
550.986	310.3
551.337	312.3
551.688	312.7
552.039	312.7
552.389	311.7
552.740	308.7
553.091	311.3
553.442	315.0
553.793	318.0
554.144	318.7
554.495	317.3
554.846	318.7
555.197	315.7
555.548	311.0
555.899	305.7
556.250	304.3
556.601	303.3
556.952	299.0
557.303	296.3
557.655	296.7
558.006	299.3
558.357	300.3
558.708	301.3
559.060	301.0
559.411	301.0
559.762	303.0
560.114	304.7
560.465	306.7
560.817	307.3
561.168	306.7
561.519	311.0
561.871	312.3
562.223	318.0
562.574	318.7
562.926	324.3
563.277	327.7
563.629	336.7
563.980	343.3
564.332	352.0
564.684	355.7
565.036	357.7
565.387	356.7
565.739	357.0
566.091	356.7
566.443	357.7
566.795	357.7
567.146	357.0
567.498	359.0
567.850	362.0
568.202	364.0
568.554	362.0
568.906	358.7
569.258	359.3
569.610	360.3
569.962	361.7
570.314	361.7
570.667	363.0
571.019	363.7
571.371	361.7
571.723	361.3
572.075	360.3
572.428	361.7
572.780	361.0
573.132	361.7
573.484	360.3
573.837	362.7
574.189	361.0
574.541	362.0
574.894	361.0
575.246	361.3
575.599	363.3
575.951	363.0
576.304	363.3
576.656	360.0
577.009	358.0
577.361	360.0
577.714	363.3
578.067	365.0
578.419	363.7
578.772	361.7
579.125	361.0
579.478	360.3
579.830	360.7
580.183	363.0
580.536	365.0
580.889	364.0
581.242	362.3
581.594	359.0
581.947	360.7
582.300	362.0
582.653	364.7
583.006	365.3
583.359	363.7
583.712	366.0
584.065	363.3
584.418	362.0
584.771	358.0
585.125	359.7
585.478	362.7
585.831	364.7
586.184	363.0
586.537	362.7
586.890	359.7
587.244	363.0
587.597	367.0
587.950	369.7
588.304	369.3
588.657	365.0
589.010	363.3
589.364	360.0
589.717	356.0
590.071	356.3
590.424	355.0
590.778	358.0
591.131	357.0
591.485	356.3
591.838	355.3
592.192	352.7
592.546	353.0
592.899	352.3
593.253	354.7
593.607	354.3
593.960	351.0
594.314	350.7
594.668	350.7
595.022	350.3
595.375	347.7
595.729	346.7
596.083	346.7
596.437	349.0
596.791	349.0
597.145	348.3
597.499	347.0
597.853	345.3
598.207	347.0
598.561	346.3
598.915	345.7
599.269	343.0
599.623	339.3
599.977	337.3
600.331	337.3
600.685	338.7
601.040	343.3
601.394	342.7
601.748	339.0
602.102	333.0
602.457	330.7
602.811	331.3
603.165	332.7
603.520	331.7
603.874	330.3
604.228	326.7
604.583	325.7
604.937	325.3
605.292	325.3
605.646	323.0
606.001	322.7
606.355	320.7
606.710	319.3
607.064	314.3
607.419	313.7
607.774	311.7
608.128	309.7
608.483	307.0
608.838	307.0
609.192	307.0
609.547	307.3
609.902	307.3
610.257	308.0
610.612	306.0
610.966	303.7
611.321	300.0
611.676	297.3
612.031	294.7
612.386	294.7
612.741	297.7
613.096	296.7
613.451	295.0
613.806	293.7
614.161	295.7
614.516	294.7
614.871	290.7
615.226	286.7
615.581	286.3
615.937	287.0
616.292	286.3
616.647	285.3
617.002	281.7
617.357	280.0
617.713	275.7
618.068	275.7
618.423	274.7
618.779	274.7
619.134	272.3
619.489	270.3
619.845	271.0
620.200	271.3
620.556	271.7
620.911	268.7
621.267	266.3
621.622	263.7
621.978	261.3
622.333	259.0
622.689	258.7
623.045	259.3
623.400	259.3
623.756	258.3
624.112	256.7
624.467	254.3
624.823	251.7
625.179	250.3
625.535	249.0
625.890	248.3
626.246	245.7
626.602	244.7
626.958	244.7
627.314	246.3
627.670	248.0
628.026	247.0
628.382	244.7
628.738	241.0
629.093	238.3
629.450	236.0
629.806	233.7
630.162	231.3
630.518	230.7
630.874	232.0
631.230	231.7
631.586	229.0
631.942	227.3
632.298	226.0
632.655	226.0
633.011	223.7
633.367	222.3
633.724	221.7
634.080	219.3
634.436	219.7
634.792	216.7
635.149	215.3
635.505	213.7
635.862	214.3
636.218	216.0
636.575	215.3
636.931	215.7
637.288	214.7
637.644	216.3
638.001	215.3
638.357	213.7
638.714	210.3
639.070	208.3
639.427	211.0
639.784	210.7
640.140	208.0
640.497	203.7
640.854	201.7
641.211	201.3
641.567	200.3
641.924	200.3
642.281	202.0
642.638	200.7
642.995	199.7
643.352	198.3
643.708	198.0
644.065	195.7
644.422	190.7
644.779	188.3
645.136	187.7
645.493	190.0
645.850	190.3
646.207	190.0
646.564	189.0
646.922	189.0
647.279	188.0
647.636	187.0
647.993	184.7
648.350	184.7
648.707	183.3
649.065	183.3
649.422	184.3
649.779	184.3
650.136	184.7
650.494	181.3
650.851	180.7
651.208	180.3
651.566	180.3
651.923	178.3
652.281	177.7
652.638	177.0
652.996	178.3
653.353	176.3
653.711	175.7
654.068	173.3
654.426	172.3
654.783	171.0
655.141	170.3
655.498	169.3
655.856	170.7
656.214	170.7
656.571	169.7
656.929	167.0
657.287	167.0
657.644	166.7
658.002	166.7
658.360	165.7
658.718	164.3
659.076	164.0
659.434	162.7
659.791	162.3
660.149	163.3
660.507	165.0
660.865	166.0
661.223	164.0
661.581	161.3
661.939	160.0
662.297	158.0
662.655	158.7
663.013	158.0
663.371	157.7
663.729	156.0
664.087	155.7
664.446	156.7
664.804	157.7
665.162	157.0
665.520	157.3
665.878	157.0
666.237	157.7
666.595	157.3
666.953	157.3
667.311	155.0
667.670	153.0
668.028	151.7
668.386	151.3
668.745	150.3
669.103	149.3
669.462	149.3
669.820	148.7
670.179	147.7
670.537	149.3
670.896	151.3
671.254	152.0
671.613	151.0
671.971	149.7
672.330	150.7
672.689	148.7
673.047	147.3
673.406	144.7
673.765	144.3
674.123	144.0
674.482	143.3
674.841	144.7
675.199	144.0
675.558	144.7
675.917	143.0
676.276	143.0
676.635	141.3
676.994	141.3
677.352	141.3
677.711	142.0
678.070	141.3
678.429	139.0
678.788	138.7
679.147	138.3
679.506	140.3
679.865	140.3
680.224	139.0
680.583	136.7
680.942	135.3
681.302	135.7
681.661	135.3
682.020	134.3
682.379	135.3
682.738	136.0
683.097	137.0
683.457	135.7
683.816	133.3
684.175	133.7
684.534	133.7
684.894	134.7
685.253	132.7
685.612	132.0
685.972	131.7
686.331	130.3
686.691	129.7
687.050	129.7
687.409	130.7
687.769	131.0
688.128	132.3
688.488	133.3
688.847	132.3
689.207	130.3
689.567	128.3
689.926	127.7
690.286	127.0
690.645	126.7
691.005	128.3
691.365	129.3
691.724	130.0
692.084	128.3
692.444	126.7
692.804	126.7
693.163	125.7
693.523	126.3
693.883	126.0
694.243	127.7
694.603	128.3
694.963	128.3
695.322	127.3
695.682	125.7
696.042	127.0
696.402	126.7
696.762	128.7
697.122	125.7
697.482	124.7
697.842	122.7
698.202	123.3
698.562	123.7
698.922	124.3
699.282	124.3
699.643	124.7
700.003	124.0
700.363	123.7
700.723	123.3
701.083	123.0
701.444	123.0
701.804	123.0
702.164	123.0
702.524	121.7
702.885	120.3
703.245	120.0
703.605	119.7
703.966	119.3
704.326	119.3
704.686	119.3
705.047	119.3
705.407	119.7
705.768	121.3
706.128	122.3
706.489	121.0
706.849	120.7
707.210	119.3
707.570	120.3
707.931	118.7
708.291	119.3
708.652	118.3
709.013	118.7
709.373	118.0
709.734	117.0
710.095	116.0
710.455	116.7
710.816	117.7
711.177	117.0
711.538	114.0
711.898	114.0
712.259	113.7
712.620	114.7
712.981	111.7
713.342	111.3
713.703	111.7
714.063	112.7
714.424	113.3
714.785	113.3
715.146	113.3
715.507	115.7
715.868	116.3
716.229	117.7
716.590	114.3
716.951	114.0
717.312	112.3
717.673	112.3
718.035	111.3
718.396	111.0
718.757	112.7
719.118	113.0
719.479	114.0
719.840	111.7
720.202	111.0
720.563	110.3
720.924	112.0
721.285	113.3
721.647	112.7
722.008	111.3
722.369	109.7
722.731	109.3
723.092	108.3
723.453	108.0
723.815	108.0
724.176	108.0
724.538	107.7
724.899	107.3
725.261	108.3
725.622	109.7
725.984	110.3
726.345	110.3
726.707	110.3
727.068	110.7
727.430	111.3
727.791	110.7
728.153	109.7
728.515	110.0
728.876	110.0
729.238	109.7
729.600	109.0
729.961	107.7
730.323	108.0
730.685	107.0
731.047	108.3
731.408	109.3
731.770	110.7
732.132	111.0
732.494	109.0
732.856	107.7
733.218	108.7
733.580	109.7
733.941	109.7
734.303	106.0
734.665	105.7
735.027	104.3
735.389	106.3
735.751	107.0
736.113	107.7
736.475	107.7
736.837	107.3
737.200	108.3
737.562	107.3
737.924	106.0
738.286	104.3
738.648	105.0
739.010	106.0
739.372	106.3
739.735	106.7
740.097	106.0
740.459	106.3
740.821	106.3
741.184	106.7
741.546	107.0
741.908	104.3
742.271	103.0
742.633	101.7
742.995	103.7
743.358	104.7
743.720	105.3
744.082	104.3
744.445	104.3
744.807	103.7
745.170	104.0
745.532	103.7
745.895	105.3
746.257	105.0
746.620	104.3
746.982	105.3
747.345	105.0
747.708	104.0
748.070	100.3
748.433	100.3
748.796	102.0
749.158	102.7
749.521	102.7
749.884	101.3
750.246	100.7
750.609	101.3
750.972	101.7
751.335	101.0
751.697	100.0
752.060	100.0
752.423	101.7
752.786	101.7
753.149	102.0
753.512	101.3
753.875	101.7
754.237	100.7
754.600	99.3
754.963	99.7
755.326	100.3
755.689	104.7
756.052	104.3
756.415	105.0
756.778	101.7
757.141	101.0
757.504	99.7
757.868	100.0
758.231	99.7
758.594	100.3
758.957	101.7
759.320	101.7
759.683	100.0
760.046	98.0
760.410	98.0
760.773	99.7
761.136	100.3
761.499	101.7
761.863	100.7
762.226	101.0
762.589	99.7
762.953	100.3
763.316	99.7
763.679	99.0
764.043	98.7
764.406	97.7
764.769	98.3
765.133	98.0
765.496	98.7
765.860	98.7
766.223	97.7
766.587	99.3
766.950	99.3
767.314	100.0
767.677	99.3
768.041	100.0
768.405	100.0
768.768	99.0
769.132	99.0
769.495	99.0
769.859	98.0
770.223	96.3
770.586	96.3
770.950	97.0
771.314	97.3
771.678	97.7
772.041	99.3
772.405	99.0
772.769	99.0
773.133	97.0
773.496	97.0
773.860	96.7
774.224	96.0
774.588	95.3
774.952	94.7
775.316	95.0
775.680	95.0
776.044	94.7
776.408	95.3
776.772	96.0
777.136	95.3
777.500	95.7
777.864	95.3
778.228	97.3
778.592	98.0
778.956	98.3
779.320	98.3
779.684	96.3
780.048	96.7
780.412	95.3
780.776	96.7
781.140	96.7
781.505	97.0
781.869	96.0
782.233	95.3
782.597	96.7
782.961	96.7
783.326	98.0
783.690	98.0
784.054	98.0
784.419	97.0
784.783	96.3
785.147	96.3
785.512	95.7
785.876	95.0
786.240	95.0
786.605	95.3
786.969	99.7
787.334	99.7
787.698	99.3
788.063	95.3
788.427	95.7
788.792	97.3
789.156	99.7
789.521	100.0
789.885	99.3
790.250	97.3
790.614	96.3
790.979	95.0
791.344	94.0
791.708	93.3
792.073	94.0
792.438	94.7
792.802	95.3
793.167	95.3
793.532	98.0
793.896	99.0
794.261	102.7
794.626	100.3
794.991	99.7
795.355	95.7
795.720	95.7
796.085	95.7
796.450	95.0
796.815	93.7
797.180	93.0
797.545	93.3
797.909	93.7
798.274	94.0
798.639	95.3
799.004	96.3
799.369	96.3
799.734	95.7
800.099	95.7
800.464	96.0
800.829	96.0
801.194	96.0
801.559	96.7
801.924	96.3
802.289	95.0
802.655	95.7
803.020	95.3
803.385	96.3
803.750	95.0
804.115	95.0
804.480	94.0
804.846	94.0
805.211	94.0
805.576	94.7
805.941	94.3
806.306	94.3
806.672	95.3
807.037	101.3
807.402	102.7
807.768	101.0
808.133	95.3
808.498	93.3
808.864	93.0
809.229	92.7
809.594	93.7
809.960	94.7
810.325	94.0
810.691	93.0
811.056	93.0
811.422	95.0
811.787	96.0
812.153	95.0
812.518	94.0
812.884	93.7
813.249	94.3
813.615	94.0
813.980	94.0
814.346	94.0
814.712	92.7
815.077	93.3
815.443	93.7
815.809	94.7
816.174	94.7
816.540	95.3
816.906	95.3
817.271	95.0
817.637	95.7
818.003	97.0
818.369	97.0
818.734	96.3
819.100	96.0
819.466	96.7
819.832	96.0
820.198	95.3
820.563	98.7
820.929	97.3
821.295	96.7
821.661	91.7
822.027	91.0
822.393	92.3
822.759	92.3
823.125	94.3
823.491	94.0
823.857	94.7
824.223	93.7
824.589	94.0
824.955	94.0
825.321	95.0
825.687	94.0
826.053	94.0
826.419	93.0
826.785	93.0
827.151	92.7
827.517	92.7
827.883	94.3
828.250	94.0
828.616	94.7
828.982	93.0
829.348	94.3
829.714	95.3
830.081	95.0
830.447	95.3
830.813	93.7
831.179	95.3
831.546	94.3
831.912	95.0
832.278	94.0
832.645	93.7
833.011	93.0
833.377	93.3
833.744	94.7
834.110	94.0
834.476	94.0
834.843	94.0
835.209	95.7
835.576	96.3
835.942	96.7
836.309	98.7
836.675	98.7
837.042	97.7
837.408	95.3
837.775	94.3
838.141	94.3
838.508	94.0
838.874	93.3
839.241	93.0
839.608	93.0
839.974	93.0
840.341	93.0
840.707	94.0
841.074	94.0
841.441	95.7
841.808	95.0
842.174	96.0
842.541	94.3
842.908	94.0
843.274	94.3
843.641	93.3
844.008	92.3
844.375	89.7
844.741	91.3
845.108	93.7
845.475	96.0
845.842	99.0
846.209	101.3
846.576	101.0
846.943	98.0
847.309	94.3
847.676	94.3
848.043	93.0
848.410	93.7
848.777	92.0
849.144	93.0
849.511	91.7
849.878	92.3
850.245	92.3
850.612	93.0
850.979	97.3
851.346	97.3
851.713	97.3
852.080	93.7
852.447	93.7
852.814	94.7
853.182	95.7
853.549	95.0
853.916	94.0
854.283	94.0
854.650	95.0
855.017	95.0
855.385	94.0
855.752	92.7
856.119	92.0
856.486	92.0
856.853	94.0
857.221	94.3
857.588	94.7
857.955	94.0
858.323	94.7
858.690	95.0
859.057	94.0
859.425	93.7
859.792	96.3
860.159	97.0
860.527	96.7
860.894	94.3
861.261	96.0
861.629	97.3
861.996	96.3
862.364	93.7
862.731	93.0
863.099	92.0
863.466	94.0
863.834	93.3
864.201	95.0
864.569	93.7
864.936	93.7
865.304	92.7
865.671	93.3
866.039	94.0
866.407	94.3
866.774	93.7
867.142	92.7
867.509	91.0
867.877	90.3
868.245	90.3
868.612	91.7
868.980	92.0
869.348	92.7
869.715	94.0
870.083	95.0
870.451	93.7
870.819	94.7
871.186	94.3
871.554	96.3
871.922	95.0
872.290	95.3
872.658	94.7
873.025	94.0
873.393	93.3
873.761	94.3
874.129	94.3
874.497	94.7
874.865	94.7
875.233	95.3
875.601	94.7
875.969	95.3
876.336	95.7
876.704	96.3
877.072	96.3
877.440	97.0
877.808	96.3
878.176	94.7
878.544	92.7
878.912	93.0
879.280	93.7
879.648	95.3
880.017	96.0
880.385	97.3
880.753	97.0
881.121	97.7
881.489	96.3
881.857	96.7
882.225	96.7
882.593	96.3
882.962	95.3
883.330	94.3
883.698	93.7
884.066	93.0
884.434	92.3
884.803	92.3
885.171	93.0
885.539	99.3
885.907	101.0
886.276	102.0
886.644	97.3
887.012	96.7
887.380	96.3
887.749	98.0
888.117	98.0
888.485	97.7
888.854	95.3
889.222	95.0
889.591	95.0
889.959	94.3
890.327	94.0
890.696	93.3
891.064	92.7
891.433	92.7
891.801	93.3
892.170	97.3
892.538	99.7
892.907	101.3
893.275	98.7
893.644	97.0
894.012	95.3
894.381	95.0
894.749	95.0
895.118	94.3
895.486	93.3
895.855	93.0
896.224	93.3
896.592	93.7
896.961	94.0
897.329	95.0
897.698	95.0
898.067	94.7
898.435	94.7
898.804	96.0
899.173	96.7
899.542	96.0
899.910	95.0
900.279	93.3
900.648	92.7
901.017	93.0
901.385	94.3
901.754	94.0
902.123	97.3
902.492	96.3
902.860	96.7
903.229	93.3
903.598	93.7
903.967	96.3
904.336	96.0
904.705	96.0
905.074	92.7
905.443	97.0
905.811	98.3
906.180	99.0
906.549	94.3
906.918	92.7
907.287	93.0
907.656	93.7
908.025	94.3
908.394	97.3
908.763	97.0
909.132	98.7
909.501	95.7
909.870	98.3
910.239	96.3
910.608	96.7
910.977	94.7
911.346	95.0
911.716	95.0
912.085	94.3
912.454	94.7
912.823	94.3
913.192	94.3
913.561	95.7
913.930	95.7
914.299	102.7
914.669	101.7
915.038	102.3
915.407	95.3
915.776	96.3
916.146	95.3
916.515	96.0
916.884	95.0
917.253	95.0
917.623	93.7
917.992	93.0
918.361	92.7
918.730	94.3
919.100	96.0
919.469	96.7
919.838	96.0
920.208	95.3
920.577	96.3
920.946	97.7
921.316	96.3
921.685	95.7
922.055	94.3
922.424	95.3
922.793	96.0
923.163	95.0
923.532	95.0
923.902	94.3
924.271	95.7
924.641	97.3
925.010	97.3
925.380	98.0
925.749	95.3
926.119	96.0
926.488	94.0
926.858	95.3
927.227	94.3
927.597	96.0
927.967	95.3
928.336	95.7
928.706	95.3
929.075	94.3
929.445	94.3
929.815	93.7
930.184	95.3
930.554	94.7
930.924	95.3
931.293	95.3
931.663	97.3
932.033	98.3
932.402	97.3
932.772	96.3
933.142	95.7
933.511	96.7
933.881	96.3
934.251	95.3
934.621	94.7
934.991	93.7
935.360	95.7
935.730	95.0
936.100	95.7
936.470	94.0
936.840	95.0
937.209	96.3
937.579	96.3
937.949	96.0
938.319	94.3
938.689	94.3
939.059	94.0
939.429	94.7
939.799	96.0
940.168	96.7
940.538	96.0
940.908	94.3
941.278	93.7
941.648	94.0
942.018	95.3
942.388	95.7
942.758	95.3
943.128	94.3
943.498	93.0
943.868	94.7
944.238	95.7
944.608	96.3
944.978	94.7
945.348	92.7
945.718	93.0
946.089	93.3
946.459	95.3
946.829	96.0
947.199	95.3
947.569	95.0
947.939	97.0
948.309	99.7
948.679	99.3
949.050	97.7
949.420	98.3
949.790	98.3
950.160	100.3
950.530	97.7
950.901	97.7
951.271	94.3
951.641	94.7
952.011	95.0
952.382	95.7
952.752	96.3
953.122	95.7
953.492	95.7
953.863	96.0
954.233	96.7
954.603	97.3
954.974	96.7
955.344	99.0
955.714	97.3
956.085	97.0
956.455	93.7
956.825	96.3
957.196	96.3
957.566	96.7
957.936	95.0
958.307	94.3
958.677	95.0
959.048	96.0
959.418	96.3
959.789	95.7
960.159	95.3
960.529	95.3
960.900	95.0
961.270	94.3
961.641	93.3
962.011	94.7
962.382	94.3
962.752	95.7
963.123	96.0
963.494	97.3
963.864	97.3
964.235	96.0
964.605	96.0
964.976	97.0
965.346	96.7
965.717	95.7
966.088	94.7
966.458	95.0
966.829	95.0
967.199	94.0
967.570	94.0
967.941	93.3
968.311	93.7
968.682	94.3
969.053	96.0
969.423	96.3
969.794	96.7
970.165	95.0
970.535	95.3
970.906	94.3
971.277	95.3
971.648	94.3
972.018	95.3
972.389	95.7
972.760	96.0
973.131	94.3
973.502	94.7
973.872	95.7
974.243	97.0
974.614	96.7
974.985	97.0
975.356	97.3
975.726	99.3
976.097	99.7
976.468	100.3
976.839	97.0
977.210	96.0
977.581	94.7
977.952	95.3
978.323	97.3
978.693	97.0
979.064	96.0
979.435	94.0
979.806	94.3
980.177	99.7
980.548	100.7
980.919	101.3
981.290	98.0
981.661	99.0
982.032	99.3
982.403	99.3
982.774	98.0
983.145	97.3
983.516	95.7
983.887	95.3
984.258	96.3
984.629	97.3
985.000	95.7
985.371	95.0
985.742	94.7
986.113	95.7
986.484	96.0
986.856	96.3
987.227	98.7
987.598	99.3
987.969	100.0
988.340	98.0
988.711	96.0
989.082	96.3
989.454	97.3
989.825	99.0
990.196	99.0
990.567	98.7
990.938	99.3
991.309	99.0
991.681	101.3
992.052	100.3
992.423	99.7
992.794	97.7
993.166	98.0
993.537	99.0
993.908	98.7
994.279	99.7
994.651	98.3
995.022	96.3
995.393	95.0
995.764	94.7
996.136	95.7
996.507	94.7
996.878	95.0
997.250	96.0
997.621	97.3
997.992	98.0
998.364	97.0
998.735	97.3
999.106	97.3
999.478	99.0
999.849	101.3
1000.221	102.7
1000.592	101.3
1000.963	98.3
1001.335	97.0
1001.706	97.3
1002.078	97.0
1002.449	98.0
1002.821	99.7
1003.192	100.3
1003.564	99.7
1003.935	98.0
1004.306	100.7
1004.678	100.0
1005.049	100.0
1005.421	97.0
1005.792	97.0
1006.164	97.7
1006.535	97.3
1006.907	98.0
1007.279	98.7
1007.650	103.3
1008.022	104.7
1008.393	104.7
1008.765	100.0
1009.136	98.3
1009.508	100.7
1009.880	102.7
1010.251	103.0
1010.623	99.7
1010.994	98.3
1011.366	96.7
1011.738	101.3
1012.109	101.3
1012.481	103.0
1012.853	98.3
1013.224	98.7
1013.596	100.0
1013.968	101.7
1014.339	101.0
1014.711	100.7
1015.083	99.7
1015.454	100.0
1015.826	99.0
1016.198	97.7
1016.570	98.7
1016.941	98.7
1017.313	99.3
1017.685	98.3
1018.057	98.7
1018.428	99.0
1018.800	99.0
1019.172	99.3
1019.544	101.3
1019.915	102.7
1020.287	103.0
1020.659	103.0
1021.031	101.0
1021.403	101.3
1021.775	99.7
1022.146	100.7
1022.518	98.3
1022.890	98.3
1023.262	97.3
1023.634	97.7
1024.006	98.0
1024.378	100.0
1024.749	103.0
1025.121	103.0
1025.493	103.0
1025.865	103.3
1026.237	103.3
1026.609	101.7
1026.981	99.0
1027.353	99.0
1027.725	101.0
1028.097	101.7
1028.469	101.7
1028.841	101.3
1029.213	100.7
1029.585	101.0
1029.957	100.7
1030.329	103.0
1030.701	105.0
1031.073	109.3
1031.445	108.0
1031.817	107.3
1032.189	103.7
1032.561	104.3
1032.933	103.3
1033.305	102.3
1033.677	104.0
1034.049	103.3
1034.421	104.0
1034.793	104.7
1035.165	105.7
1035.537	106.7
1035.909	106.0
1036.281	108.3
1036.653	109.0
1037.025	109.3
1037.398	110.0
1037.770	111.0
1038.142	109.7
1038.514	108.7
1038.886	107.3
1039.258	108.7
1039.630	108.7
1040.003	110.7
1040.375	110.3
1040.747	112.0
1041.119	113.0
1041.491	117.0
1041.863	116.3
1042.236	115.0
1042.608	113.3
1042.980	113.7
1043.352	115.0
1043.725	111.7
1044.097	111.0
1044.469	109.3
1044.841	110.7
1045.213	109.3
1045.586	108.3
1045.958	107.3
1046.330	109.0
1046.703	110.0
1047.075	112.7
1047.447	112.7
1047.819	114.3
1048.192	113.0
1048.564	113.7
1048.936	112.3
1049.309	111.3
1049.681	111.7
1050.053	112.0
1050.426	111.7
1050.798	110.0
1051.170	110.7
1051.543	112.0
1051.915	111.3
1052.287	110.3
1052.660	109.7
1053.032	112.0
1053.405	112.0
1053.777	114.0
1054.149	114.7
1054.522	115.3
1054.894	116.0
1055.267	115.7
1055.639	117.3
1056.011	118.3
1056.384	118.7
1056.756	118.3
1057.129	117.0
1057.501	117.7
1057.874	117.3
1058.246	116.7
1058.618	116.7
1058.991	116.0
1059.363	117.3
1059.736	117.0
1060.108	119.0
1060.481	120.0
1060.853	121.3
1061.226	125.7
1061.598	125.0
1061.971	124.7
1062.343	119.7
1062.716	119.7
1063.088	119.3
1063.461	120.0
1063.834	120.0
1064.206	120.0
