Ê±¼ä - °ÚÂÖ½Ç¶ÈÊ±ÐòÍ¼	°ÚÂÖ½Ç¶È - °ÚÂÖ½Ç¶ÈÊ±ÐòÍ¼	
0	6.768	
0.02	7.992	
0.04	9.288	
0.06	10.584	
0.08	11.772	
0.1	12.996	
0.12	14.148	
0.14	15.228	
0.16	16.344	
0.18	17.352	
0.2	18.324	
0.22	19.224	
0.24	20.088	
0.26	20.844	
0.28	21.564	
0.3	22.248	
0.32	22.788	
0.34	23.292	
0.36	23.724	
0.38	24.048	
0.4	24.336	
0.42	24.516	
0.44	24.588	
0.46	24.624	
0.48	24.552	
0.5	24.444	
0.52	24.192	
0.54	23.904	
0.56	23.544	
0.58	23.112	
0.6	22.608	
0.62	22.032	
0.64	21.42	
0.66	20.664	
0.68	19.872	
0.7	19.044	
0.72	18.144	
0.74	17.244	
0.76	16.164	
0.78	15.084	
0.8	14.004	
0.82	12.816	
0.84	11.592	
0.86	10.368	
0.88	9.108	
0.9	7.884	
0.92	6.516	
0.94	5.22	
0.96	3.852	
0.98	2.484	
1	1.224	
1.02	-0.144	
1.04	-1.512	
1.06	-2.844	
1.08	-4.104	
1.1	-5.364	
1.12	-6.624	
1.14	-7.848	
1.16	-8.892	
1.18	-10.044	
1.2	-11.088	
1.22	-12.096	
1.24	-13.032	
1.26	-13.86	
1.28	-14.616	
1.3	-15.336	
1.32	-15.984	
1.34	-16.524	
1.36	-16.992	
1.38	-17.352	
1.4	-17.64	
1.42	-17.82	
1.44	-17.928	
1.46	-17.964	
1.48	-17.856	
1.5	-17.712	
1.52	-17.46	
1.54	-17.136	
1.56	-16.704	
1.58	-16.2	
1.6	-15.66	
1.62	-15.012	
1.64	-14.256	
1.66	-13.464	
1.68	-12.636	
1.7	-11.736	
1.72	-10.764	
1.74	-9.72	
1.76	-8.676	
1.78	-7.524	
1.8	-6.336	
1.82	-5.148	
1.84	-3.924	
1.86	-2.664	
1.88	-1.26	
1.9	0	
1.92	1.368	
1.94	2.664	
1.96	4.032	
1.98	5.328	
2	6.66	
2.02	7.992	
2.04	9.252	
2.06	10.476	
2.08	11.736	
2.1	12.996	
2.12	14.076	
2.14	15.264	
2.16	16.308	
2.18	17.316	
2.2	18.288	
2.22	19.188	
2.24	20.052	
2.26	20.808	
2.28	21.564	
2.3	22.212	
2.32	22.824	
2.34	23.292	
2.36	23.724	
2.38	24.084	
2.4	24.372	
2.42	24.552	
2.44	24.624	
2.46	24.66	
2.48	24.588	
2.5	24.48	
2.52	24.264	
2.54	23.976	
2.56	23.616	
2.58	23.184	
2.6	22.644	
2.62	22.104	
2.64	21.456	
2.66	20.736	
2.68	19.944	
2.7	19.152	
2.72	18.216	
2.74	17.28	
2.76	16.2	
2.78	15.156	
2.8	14.076	
2.82	12.888	
2.84	11.664	
2.86	10.404	
2.88	9.18	
2.9	7.848	
2.92	6.588	
2.94	5.22	
2.96	3.852	
2.98	2.556	
3	1.224	
3.02	-0.144	
3.04	-1.512	
3.06	-2.772	
3.08	-4.104	
3.1	-5.4	
3.12	-6.624	
3.14	-7.848	
3.16	-8.964	
3.18	-10.044	
3.2	-11.124	
3.22	-12.132	
3.24	-13.032	
3.26	-13.86	
3.28	-14.688	
3.3	-15.372	
3.32	-16.02	
3.34	-16.596	
3.36	-17.028	
3.38	-17.424	
3.4	-17.676	
3.42	-17.892	
3.44	-17.964	
3.46	-18	
3.48	-17.928	
3.5	-17.748	
3.52	-17.496	
3.54	-17.172	
3.56	-16.74	
3.58	-16.236	
3.6	-15.696	
3.62	-15.012	
3.64	-14.292	
3.66	-13.536	
3.68	-12.672	
3.7	-11.772	
3.72	-10.764	
3.74	-9.72	
3.76	-8.676	
3.78	-7.56	
3.8	-6.336	
3.82	-5.148	
3.84	-3.924	
3.86	-2.628	
3.88	-1.332	
3.9	-0.036	
3.92	1.332	
3.94	2.664	
3.96	4.032	
3.98	5.328	
4	6.696	
4.02	8.028	
4.04	9.288	
4.06	10.584	
4.08	11.772	
4.1	12.924	
4.12	14.184	
4.14	15.264	
4.16	16.344	
4.18	17.352	
4.2	18.288	
4.22	19.224	
4.24	20.088	
4.26	20.88	
4.28	21.6	
4.3	22.248	
4.32	22.824	
4.34	23.328	
4.36	23.76	
4.38	24.084	
4.4	24.372	
4.42	24.552	
4.44	24.66	
4.46	24.66	
4.48	24.624	
4.5	24.48	
4.52	24.264	
4.54	23.976	
4.56	23.616	
4.58	23.148	
4.6	22.68	
4.62	22.068	
4.64	21.456	
4.66	20.7	
4.68	19.98	
4.7	19.116	
4.72	18.18	
4.74	17.208	
4.76	16.2	
4.78	15.12	
4.8	14.04	
4.82	12.888	
4.84	11.664	
4.86	10.404	
4.88	9.18	
4.9	7.812	
4.92	6.516	
4.94	5.22	
4.96	3.852	
4.98	2.556	
5	1.188	
5.02	-0.252	
5.04	-1.548	
5.06	-2.808	
5.08	-4.14	
5.1	-5.364	
5.12	-6.624	
5.14	-7.776	
5.16	-9	
5.18	-10.116	
5.2	-11.124	
5.22	-12.132	
5.24	-13.032	
5.26	-13.86	
5.28	-14.652	
5.3	-15.372	
5.32	-16.02	
5.34	-16.56	
5.36	-17.028	
5.38	-17.388	
5.4	-17.676	
5.42	-17.856	
5.44	-17.964	
5.46	-17.964	
5.48	-17.892	
5.5	-17.748	
5.52	-17.46	
5.54	-17.1	
5.56	-16.704	
5.58	-16.236	
5.6	-15.66	
5.62	-15.012	
5.64	-14.292	
5.66	-13.5	
5.68	-12.672	
5.7	-11.736	
5.72	-10.728	
5.74	-9.72	
5.76	-8.676	
5.78	-7.488	
5.8	-6.336	
5.82	-5.112	
5.84	-3.924	
5.86	-2.628	
5.88	-1.296	
5.9	0	
5.92	1.26	
5.94	2.7	
5.96	3.996	
5.98	5.292	
6	6.66	
6.02	7.992	
6.04	9.288	
6.06	10.512	
6.08	11.772	
6.1	12.996	
6.12	14.184	
6.14	15.228	
6.16	16.308	
6.18	17.352	
6.2	18.324	
6.22	19.224	
6.24	20.088	
6.26	20.88	
6.28	21.564	
6.3	22.212	
6.32	22.788	
6.34	23.292	
6.36	23.724	
6.38	24.048	
6.4	24.336	
6.42	24.516	
6.44	24.624	
6.46	24.624	
6.48	24.588	
6.5	24.444	
6.52	24.228	
6.54	23.94	
6.56	23.58	
6.58	23.148	
6.6	22.644	
6.62	22.032	
6.64	21.42	
6.66	20.736	
6.68	19.908	
6.7	19.08	
6.72	18.144	
6.74	17.208	
6.76	16.236	
6.78	15.084	
6.8	14.004	
6.82	12.888	
6.84	11.664	
6.86	10.404	
6.88	9.18	
6.9	7.848	
6.92	6.516	
6.94	5.148	
6.96	3.852	
6.98	2.556	
7	1.188	
7.02	-0.252	
7.04	-1.548	
7.06	-2.808	
7.08	-4.14	
7.1	-5.364	
7.12	-6.588	
7.14	-7.812	
7.16	-8.964	
7.18	-10.008	
7.2	-11.124	
7.22	-12.06	
7.24	-12.96	
7.26	-13.86	
7.28	-14.652	
7.3	-15.336	
7.32	-15.984	
7.34	-16.488	
7.36	-16.992	
7.38	-17.352	
7.4	-17.64	
7.42	-17.82	
7.44	-17.928	
7.46	-17.928	
7.48	-17.856	
7.5	-17.712	
7.52	-17.46	
7.54	-17.1	
7.56	-16.704	
7.58	-16.2	
7.6	-15.624	
7.62	-15.012	
7.64	-14.22	
7.66	-13.464	
7.68	-12.6	
7.7	-11.7	
7.72	-10.764	
7.74	-9.72	
7.76	-8.64	
7.78	-7.488	
7.8	-6.336	
7.82	-5.148	
7.84	-3.852	
7.86	-2.628	
7.88	-1.296	
7.9	-0.036	
7.92	1.26	
7.94	2.664	
7.96	3.924	
7.98	5.328	
8	6.624	
8.02	8.064	
8.04	9.216	
8.06	10.512	
8.08	11.7	
8.1	12.924	
8.12	14.04	
8.14	15.192	
8.16	16.236	
8.18	17.28	
8.2	18.288	
8.22	19.188	
8.24	20.016	
8.26	20.808	
8.28	21.528	
8.3	22.212	
8.32	22.752	
8.34	23.256	
8.36	23.688	
8.38	24.048	
8.4	24.3	
8.42	24.48	
8.44	24.588	
8.46	24.624	
8.48	24.588	
8.5	24.444	
8.52	24.228	
8.54	23.94	
8.56	23.58	
8.58	23.148	
8.6	22.644	
8.62	22.068	
8.64	21.42	
8.66	20.736	
8.68	19.944	
8.7	19.116	
8.72	18.216	
8.74	17.244	
8.76	16.2	
8.78	15.156	
8.8	14.04	
8.82	12.888	
8.84	11.664	
8.86	10.404	
8.88	9.18	
8.9	7.92	
8.92	6.588	
8.94	5.184	
8.96	3.924	
8.98	2.556	
9	1.26	
9.02	-0.144	
9.04	-1.476	
9.06	-2.808	
9.08	-4.104	
9.1	-5.328	
9.12	-6.552	
9.14	-7.812	
9.16	-8.856	
9.18	-10.044	
9.2	-11.052	
9.22	-12.06	
9.24	-12.96	
9.26	-13.824	
9.28	-14.616	
9.3	-15.336	
9.32	-15.948	
9.34	-16.524	
9.36	-16.956	
9.38	-17.352	
9.4	-17.64	
9.42	-17.82	
9.44	-17.928	
9.46	-17.964	
9.48	-17.856	
9.5	-17.712	
9.52	-17.46	
9.54	-17.1	
9.56	-16.704	
9.58	-16.2	
9.6	-15.624	
9.62	-15.012	
9.64	-14.292	
9.66	-13.536	
9.68	-12.6	
9.7	-11.772	
9.72	-10.764	
9.74	-9.72	
9.76	-8.676	
9.78	-7.524	
9.8	-6.408	
9.82	-5.184	
9.84	-3.924	
9.86	-2.7	
9.88	-1.368	
9.9	-0.036	
9.92	1.26	
9.94	2.628	
9.96	3.96	
9.98	5.256	
10	6.624	
10.02	7.884	
10.04	9.216	
10.06	10.476	
10.08	11.7	
10.1	12.888	
10.12	14.04	
10.14	15.228	
10.16	16.236	
10.18	17.244	
10.2	18.252	
10.22	19.188	
10.24	19.98	
10.26	20.844	
10.28	21.492	
10.3	22.176	
10.32	22.752	
10.34	23.256	
10.36	23.688	
10.38	24.012	
10.4	24.3	
10.42	24.48	
10.44	24.588	
10.46	24.624	
10.48	24.552	
10.5	24.408	
10.52	24.228	
10.54	23.904	
10.56	23.544	
10.58	23.112	
10.6	22.644	
10.62	22.032	
10.64	21.384	
10.66	20.7	
10.68	19.872	
10.7	19.08	
10.72	18.18	
10.74	17.208	
10.76	16.236	
10.78	15.156	
10.8	14.04	
10.82	12.888	
10.84	11.664	
10.86	10.44	
10.88	9.18	
10.9	7.848	
10.92	6.516	
10.94	5.22	
10.96	3.852	
10.98	2.556	
11	1.188	
11.02	-0.18	
11.04	-1.512	
11.06	-2.808	
11.08	-4.068	
11.1	-5.364	
11.12	-6.552	
11.14	-7.74	
11.16	-8.928	
11.18	-10.044	
11.2	-11.052	
11.22	-12.024	
11.24	-12.996	
11.26	-13.788	
11.28	-14.616	
11.3	-15.336	
11.32	-15.948	
11.34	-16.524	
11.36	-16.992	
11.38	-17.352	
11.4	-17.64	
11.42	-17.82	
11.44	-17.928	
11.46	-17.964	
11.48	-17.892	
11.5	-17.712	
11.52	-17.46	
11.54	-17.1	
11.56	-16.704	
11.58	-16.236	
11.6	-15.66	
11.62	-15.048	
11.64	-14.292	
11.66	-13.5	
11.68	-12.636	
11.7	-11.736	
11.72	-10.728	
11.74	-9.72	
11.76	-8.676	
11.78	-7.524	
11.8	-6.336	
11.82	-5.112	
11.84	-3.888	
11.86	-2.664	
11.88	-1.368	
11.9	-0.072	
11.92	1.26	
11.94	2.556	
11.96	3.924	
11.98	5.292	
12	6.588	
12.02	7.92	
12.04	9.216	
12.06	10.44	
12.08	11.7	
12.1	12.924	
12.12	14.04	
12.14	15.192	
12.16	16.236	
12.18	17.316	
12.2	18.252	
12.22	19.188	
12.24	20.052	
12.26	20.808	
12.28	21.528	
12.3	22.212	
12.32	22.752	
12.34	23.256	
12.36	23.688	
12.38	24.048	
12.4	24.3	
12.42	24.48	
12.44	24.588	
12.46	24.624	
12.48	24.588	
12.5	24.444	
12.52	24.228	
12.54	23.94	
12.56	23.58	
12.58	23.148	
12.6	22.644	
12.62	22.068	
12.64	21.42	
12.66	20.664	
12.68	19.944	
12.7	19.08	
12.72	18.216	
12.74	17.244	
12.76	16.2	
12.78	15.192	
12.8	14.04	
12.82	12.924	
12.84	11.7	
12.86	10.44	
12.88	9.18	
12.9	7.92	
12.92	6.516	
12.94	5.292	
12.96	3.852	
12.98	2.628	
13	1.188	
13.02	-0.108	
13.04	-1.476	
13.06	-2.808	
13.08	-4.068	
13.1	-5.292	
13.12	-6.552	
13.14	-7.704	
13.16	-8.892	
13.18	-10.008	
13.2	-11.088	
13.22	-12.06	
13.24	-12.924	
13.26	-13.86	
13.28	-14.616	
13.3	-15.3	
13.32	-15.948	
13.34	-16.524	
13.36	-16.992	
13.38	-17.352	
13.4	-17.64	
13.42	-17.82	
13.44	-17.928	
13.46	-17.964	
13.48	-17.892	
13.5	-17.712	
13.52	-17.46	
13.54	-17.1	
13.56	-16.704	
13.58	-16.2	
13.6	-15.624	
13.62	-15.012	
13.64	-14.256	
13.66	-13.5	
13.68	-12.672	
13.7	-11.7	
13.72	-10.8	
13.74	-9.756	
13.76	-8.64	
13.78	-7.524	
13.8	-6.372	
13.82	-5.184	
13.84	-3.924	
13.86	-2.664	
13.88	-1.368	
13.9	-0.036	
13.92	1.224	
13.94	2.592	
13.96	3.96	
13.98	5.256	
14	6.588	
14.02	7.92	
14.04	9.252	
14.06	10.476	
14.08	11.736	
14.1	12.924	
14.12	14.076	
14.14	15.192	
14.16	16.236	
14.18	17.28	
14.2	18.288	
14.22	19.152	
14.24	20.016	
14.26	20.772	
14.28	21.528	
14.3	22.176	
14.32	22.752	
14.34	23.256	
14.36	23.652	
14.38	24.012	
14.4	24.3	
14.42	24.48	
14.44	24.588	
14.46	24.624	
14.48	24.552	
14.5	24.408	
14.52	24.228	
14.54	23.904	
14.56	23.58	
14.58	23.148	
14.6	22.608	
14.62	22.068	
14.64	21.42	
14.66	20.7	
14.68	19.944	
14.7	19.08	
14.72	18.18	
14.74	17.244	
14.76	16.236	
14.78	15.12	
14.8	13.968	
14.82	12.852	
14.84	11.628	
14.86	10.44	
14.88	9.18	
14.9	7.884	
14.92	6.552	
14.94	5.256	
14.96	3.888	
14.98	2.592	
15	1.224	
15.02	-0.144	
15.04	-1.44	
15.06	-2.772	
15.08	-4.104	
15.1	-5.328	
15.12	-6.624	
15.14	-7.74	
15.16	-8.928	
15.18	-10.008	
15.2	-11.016	
15.22	-12.024	
15.24	-12.924	
15.26	-13.824	
15.28	-14.616	
15.3	-15.336	
15.32	-15.948	
15.34	-16.488	
15.36	-16.956	
15.38	-17.352	
15.4	-17.604	
15.42	-17.82	
15.44	-17.928	
15.46	-17.928	
15.48	-17.856	
15.5	-17.712	
15.52	-17.46	
15.54	-17.1	
15.56	-16.668	
15.58	-16.2	
15.6	-15.624	
15.62	-14.976	
15.64	-14.292	
15.66	-13.5	
15.68	-12.636	
15.7	-11.736	
15.72	-10.728	
15.74	-9.792	
15.76	-8.712	
15.78	-7.56	
15.8	-6.408	
15.82	-5.184	
15.84	-3.924	
15.86	-2.664	
15.88	-1.332	
15.9	-0.072	
15.92	1.296	
15.94	2.592	
15.96	3.924	
15.98	5.292	
16	6.588	
16.02	7.848	
16.04	9.144	
16.06	10.44	
16.08	11.628	
16.1	12.852	
16.12	14.04	
16.14	15.192	
16.16	16.236	
16.18	17.208	
16.2	18.252	
16.22	19.116	
16.24	19.98	
16.26	20.772	
16.28	21.456	
16.3	22.14	
16.32	22.716	
16.34	23.22	
16.36	23.652	
16.38	24.012	
16.4	24.264	
16.42	24.48	
16.44	24.588	
16.46	24.588	
16.48	24.552	
16.5	24.408	
16.52	24.228	
16.54	23.904	
16.56	23.58	
16.58	23.148	
16.6	22.644	
16.62	22.032	
16.64	21.42	
16.66	20.7	
16.68	19.908	
16.7	19.116	
16.72	18.216	
16.74	17.28	
16.76	16.272	
16.78	15.192	
16.8	14.112	
16.82	12.924	
16.84	11.7	
16.86	10.512	
16.88	9.216	
16.9	7.92	
16.92	6.588	
16.94	5.292	
16.96	3.924	
16.98	2.628	
17	1.26	
17.02	-0.108	
17.04	-1.476	
17.06	-2.772	
17.08	-3.996	
17.1	-5.256	
17.12	-6.516	
17.14	-7.704	
17.16	-8.892	
17.18	-9.972	
17.2	-11.016	
17.22	-12.024	
17.24	-12.924	
17.26	-13.824	
17.28	-14.58	
17.3	-15.336	
17.32	-15.948	
17.34	-16.488	
17.36	-16.956	
17.38	-17.352	
17.4	-17.64	
17.42	-17.82	
17.44	-17.928	
17.46	-17.928	
17.48	-17.892	
17.5	-17.712	
17.52	-17.46	
17.54	-17.1	
17.56	-16.704	
17.58	-16.2	
17.6	-15.66	
17.62	-15.012	
17.64	-14.292	
17.66	-13.536	
17.68	-12.672	
17.7	-11.736	
17.72	-10.8	
17.74	-9.756	
17.76	-8.676	
17.78	-7.524	
17.8	-6.444	
17.82	-5.148	
17.84	-3.96	
17.86	-2.736	
17.88	-1.404	
17.9	-0.144	
17.92	1.224	
17.94	2.556	
17.96	3.852	
17.98	5.292	
18	6.552	
18.02	7.848	
18.04	9.216	
18.06	10.368	
18.08	11.628	
18.1	12.852	
18.12	14.04	
18.14	15.12	
18.16	16.164	
18.18	17.208	
18.2	18.18	
18.22	19.116	
18.24	20.016	
18.26	20.736	
18.28	21.492	
18.3	22.176	
18.32	22.716	
18.34	23.22	
18.36	23.652	
18.38	24.012	
18.4	24.3	
18.42	24.48	
18.44	24.588	
18.46	24.624	
18.48	24.588	
18.5	24.444	
18.52	24.228	
18.54	23.94	
18.56	23.58	
18.58	23.148	
18.6	22.68	
18.62	22.104	
18.64	21.492	
18.66	20.772	
18.68	19.98	
18.7	19.152	
18.72	18.252	
18.74	17.28	
18.76	16.308	
18.78	15.228	
18.8	14.076	
18.82	12.96	
18.84	11.808	
18.86	10.476	
18.88	9.252	
18.9	7.956	
18.92	6.66	
18.94	5.328	
18.96	3.996	
18.98	2.592	
19	1.332	
19.02	-0.036	
19.04	-1.332	
19.06	-2.664	
19.08	-3.996	
19.1	-5.292	
19.12	-6.48	
19.14	-7.704	
19.16	-8.82	
19.18	-10.008	
19.2	-11.016	
19.22	-12.024	
19.24	-12.924	
19.26	-13.788	
19.28	-14.58	
19.3	-15.3	
19.32	-15.948	
19.34	-16.488	
19.36	-16.956	
19.38	-17.352	
19.4	-17.64	
19.42	-17.82	
19.44	-17.928	
19.46	-17.964	
19.48	-17.892	
19.5	-17.748	
19.52	-17.496	
19.54	-17.172	
19.56	-16.74	
19.58	-16.272	
19.6	-15.696	
19.62	-15.012	
19.64	-14.364	
19.66	-13.608	
19.68	-12.708	
19.7	-11.772	
19.72	-10.872	
19.74	-9.792	
19.76	-8.676	
19.78	-7.596	
19.8	-6.444	
19.82	-5.22	
19.84	-4.032	
19.86	-2.736	
19.88	-1.404	
19.9	-0.144	
19.92	1.26	
19.94	2.52	
19.96	3.852	
19.98	5.22	
20	6.516	
20.02	7.848	
20.04	9.144	
20.06	10.404	
20.08	11.628	
20.1	12.816	
20.12	14.004	
20.14	15.156	
20.16	16.2	
20.18	17.244	
20.2	18.216	
20.22	19.116	
20.24	19.98	
20.26	20.772	
20.28	21.492	
20.3	22.14	
20.32	22.752	
20.34	23.256	
20.36	23.688	
20.38	24.048	
20.4	24.336	
20.42	24.516	
20.44	24.624	
20.46	24.66	
20.48	24.624	
20.5	24.48	
20.52	24.264	
20.54	23.976	
20.56	23.616	
20.58	23.184	
20.6	22.716	
20.62	22.14	
20.64	21.492	
20.66	20.772	
20.68	20.016	
20.7	19.152	
20.72	18.324	
20.74	17.352	
20.76	16.308	
20.78	15.264	
20.8	14.076	
20.82	12.96	
20.84	11.736	
20.86	10.548	
20.88	9.288	
20.9	7.992	
20.92	6.696	
20.94	5.292	
20.96	3.996	
20.98	2.664	
21	1.296	
21.02	-0.072	
21.04	-1.368	
21.06	-2.7	
21.08	-3.96	
21.1	-5.328	
21.12	-6.516	
21.14	-7.704	
21.16	-8.856	
21.18	-10.008	
21.2	-11.016	
21.22	-12.024	
21.24	-12.996	
21.26	-13.86	
21.28	-14.616	
21.3	-15.336	
21.32	-15.984	
21.34	-16.524	
21.36	-16.992	
21.38	-17.388	
21.4	-17.676	
21.42	-17.892	
21.44	-17.964	
21.46	-18	
21.48	-17.928	
21.5	-17.748	
21.52	-17.496	
21.54	-17.172	
21.56	-16.74	
21.58	-16.236	
21.6	-15.732	
21.62	-15.048	
21.64	-14.328	
21.66	-13.536	
21.68	-12.708	
21.7	-11.808	
21.72	-10.8	
21.74	-9.792	
21.76	-8.712	
21.78	-7.596	
21.8	-6.408	
21.82	-5.184	
21.84	-3.996	
21.86	-2.736	
21.88	-1.44	
21.9	-0.036	
21.92	1.188	
21.94	2.556	
21.96	3.924	
21.98	5.22	
22	6.624	
22.02	7.956	
22.04	9.216	
22.06	10.44	
22.08	11.7	
22.1	12.924	
22.12	14.04	
22.14	15.192	
22.16	16.236	
22.18	17.28	
22.2	18.288	
22.22	19.152	
22.24	20.052	
22.26	20.808	
22.28	21.528	
22.3	22.176	
22.32	22.788	
22.34	23.292	
22.36	23.724	
22.38	24.084	
22.4	24.336	
22.42	24.516	
22.44	24.624	
22.46	24.66	
22.48	24.624	
22.5	24.48	
22.52	24.264	
22.54	23.976	
22.56	23.616	
22.58	23.184	
22.6	22.716	
22.62	22.14	
22.64	21.492	
22.66	20.772	
22.68	20.016	
22.7	19.116	
22.72	18.252	
22.74	17.316	
22.76	16.272	
22.78	15.228	
22.8	14.112	
22.82	12.924	
22.84	11.736	
22.86	10.548	
22.88	9.252	
22.9	7.92	
22.92	6.588	
22.94	5.292	
22.96	3.924	
22.98	2.556	
23	1.26	
23.02	-0.108	
23.04	-1.476	
23.06	-2.772	
23.08	-4.104	
23.1	-5.436	
23.12	-6.588	
23.14	-7.74	
23.16	-8.928	
23.18	-10.008	
23.2	-11.052	
23.22	-12.024	
23.24	-13.032	
23.26	-13.86	
23.28	-14.652	
23.3	-15.372	
23.32	-16.02	
23.34	-16.56	
23.36	-17.028	
23.38	-17.388	
23.4	-17.676	
23.42	-17.892	
23.44	-18	
23.46	-18	
23.48	-17.928	
23.5	-17.748	
23.52	-17.496	
23.54	-17.172	
23.56	-16.776	
23.58	-16.236	
23.6	-15.696	
23.62	-15.048	
23.64	-14.328	
23.66	-13.536	
23.68	-12.672	
23.7	-11.772	
23.72	-10.764	
23.74	-9.756	
23.76	-8.64	
23.78	-7.56	
23.8	-6.444	
23.82	-5.148	
23.84	-3.96	
23.86	-2.664	
23.88	-1.368	
23.9	-0.036	
23.92	1.26	
23.94	2.592	
23.96	3.924	
23.98	5.256	
24	6.624	
24.02	7.956	
24.04	9.216	
24.06	10.476	
24.08	11.736	
24.1	12.924	
24.12	14.148	
24.14	15.192	
24.16	16.308	
24.18	17.316	
24.2	18.288	
24.22	19.224	
24.24	20.052	
24.26	20.88	
24.28	21.564	
24.3	22.212	
24.32	22.788	
24.34	23.292	
24.36	23.724	
24.38	24.084	
24.4	24.336	
24.42	24.552	
24.44	24.66	
24.46	24.66	
24.48	24.624	
24.5	24.48	
24.52	24.264	
24.54	23.976	
24.56	23.616	
24.58	23.148	
24.6	22.68	
24.62	22.104	
24.64	21.456	
24.66	20.736	
24.68	19.98	
24.7	19.116	
24.72	18.252	
24.74	17.28	
24.76	16.272	
24.78	15.192	
24.8	14.112	
24.82	12.924	
24.84	11.7	
24.86	10.476	
24.88	9.216	
24.9	7.884	
24.92	6.588	
24.94	5.256	
24.96	3.888	
24.98	2.556	
25	1.188	
25.02	-0.18	
25.04	-1.476	
25.06	-2.808	
25.08	-4.068	
25.1	-5.292	
25.12	-6.552	
25.14	-7.812	
25.16	-8.964	
25.18	-10.008	
25.2	-11.088	
25.22	-12.06	
25.24	-13.032	
25.26	-13.824	
25.28	-14.652	
25.3	-15.372	
25.32	-15.984	
25.34	-16.56	
25.36	-16.992	
25.38	-17.388	
25.4	-17.676	
25.42	-17.856	
25.44	-17.964	
25.46	-17.964	
25.48	-17.892	
25.5	-17.712	
25.52	-17.46	
25.54	-17.136	
25.56	-16.74	
25.58	-16.236	
25.6	-15.66	
25.62	-15.012	
25.64	-14.292	
25.66	-13.5	
25.68	-12.672	
25.7	-11.772	
25.72	-10.764	
25.74	-9.756	
25.76	-8.676	
25.78	-7.524	
25.8	-6.372	
25.82	-5.148	
25.84	-3.96	
25.86	-2.664	
25.88	-1.296	
25.9	0	
25.92	1.26	
25.94	2.628	
25.96	3.924	
25.98	5.292	
26	6.624	
26.02	7.92	
26.04	9.216	
26.06	10.44	
26.08	11.7	
26.1	12.888	
26.12	14.076	
26.14	15.192	
26.16	16.308	
26.18	17.28	
26.2	18.252	
26.22	19.152	
26.24	20.052	
26.26	20.808	
26.28	21.528	
26.3	22.176	
26.32	22.788	
26.34	23.256	
26.36	23.688	
26.38	24.048	
26.4	24.3	
26.42	24.48	
26.44	24.588	
26.46	24.624	
26.48	24.588	
26.5	24.444	
26.52	24.228	
26.54	23.94	
26.56	23.58	
26.58	23.148	
26.6	22.644	
26.62	22.068	
26.64	21.456	
26.66	20.736	
26.68	19.98	
26.7	19.08	
26.72	18.216	
26.74	17.244	
26.76	16.2	
26.78	15.156	
26.8	14.076	
26.82	12.888	
26.84	11.664	
26.86	10.404	
26.88	9.18	
26.9	7.92	
26.92	6.588	
26.94	5.22	
26.96	3.924	
26.98	2.556	
27	1.224	
27.02	-0.18	
27.04	-1.476	
27.06	-2.808	
27.08	-4.068	
27.1	-5.364	
27.12	-6.624	
27.14	-7.776	
27.16	-8.892	
27.18	-10.044	
27.2	-11.016	
27.22	-12.096	
27.24	-12.996	
27.26	-13.86	
27.28	-14.616	
27.3	-15.336	
27.32	-15.948	
27.34	-16.524	
27.36	-16.992	
27.38	-17.352	
27.4	-17.64	
27.42	-17.82	
27.44	-17.928	
27.46	-17.928	
27.48	-17.856	
27.5	-17.676	
27.52	-17.46	
27.54	-17.1	
27.56	-16.704	
27.58	-16.2	
27.6	-15.624	
27.62	-14.976	
27.64	-14.256	
27.66	-13.5	
27.68	-12.672	
27.7	-11.736	
27.72	-10.8	
27.74	-9.72	
27.76	-8.712	
27.78	-7.524	
27.8	-6.336	
27.82	-5.22	
27.84	-3.888	
27.86	-2.628	
27.88	-1.368	
27.9	-0.036	
27.92	1.224	
27.94	2.556	
27.96	3.924	
27.98	5.292	
28	6.552	
28.02	8.28	
28.04	9.216	
28.06	10.476	
28.08	11.7	
28.1	12.852	
28.12	14.04	
28.14	15.12	
28.16	16.272	
28.18	17.244	
28.2	18.252	
28.22	19.116	
28.24	19.98	
28.26	20.772	
28.28	21.492	
28.3	22.176	
28.32	22.752	
28.34	23.256	
28.36	23.652	
28.38	24.048	
28.4	24.3	
28.42	24.48	
28.44	24.588	
28.46	24.624	
28.48	24.588	
28.5	24.444	
28.52	24.228	
28.54	23.94	
28.56	23.616	
28.58	23.148	
28.6	22.644	
28.62	22.068	
28.64	21.42	
28.66	20.772	
28.68	19.98	
28.7	19.116	
28.72	18.252	
28.74	17.28	
28.76	16.236	
28.78	15.192	
28.8	14.04	
28.82	12.888	
28.84	11.736	
28.86	10.512	
28.88	9.252	
28.9	7.92	
28.92	6.66	
28.94	5.292	
28.96	3.924	
28.98	2.628	
29	1.26	
29.02	-0.108	
29.04	-1.476	
29.06	-2.736	
29.08	-3.996	
29.1	-5.364	
29.12	-6.552	
29.14	-7.704	
29.16	-8.928	
29.18	-10.044	
29.2	-11.016	
29.22	-12.06	
29.24	-12.96	
29.26	-13.86	
29.28	-14.616	
29.3	-15.3	
29.32	-15.984	
29.34	-16.488	
29.36	-16.956	
29.38	-17.352	
29.4	-17.604	
29.42	-17.82	
29.44	-17.928	
29.46	-17.928	
29.48	-17.856	
29.5	-17.712	
29.52	-17.46	
29.54	-17.1	
29.56	-16.704	
29.58	-16.236	
29.6	-15.66	
29.62	-15.012	
29.64	-14.292	
29.66	-13.536	
29.68	-12.672	
29.7	-11.736	
29.72	-10.8	
29.74	-9.756	
29.76	-8.676	
29.78	-7.596	
29.8	-6.408	
29.82	-5.22	
29.84	-3.96	
29.86	-2.664	
29.88	-1.404	
29.9	-0.072	
29.92	1.26	
29.94	2.556	
29.96	3.924	
29.98	5.22	
30	6.552	
























Ê±¼ä - °ÚÂÖ½Ç¶ÈÊ±ÐòÍ¼	°ÚÂÖ½Ç¶È - °ÚÂÖ½Ç¶ÈÊ±ÐòÍ¼	
0	5.256	
0.02	3.96	
0.04	2.592	
0.06	1.224	
0.08	-0.072	
0.1	-1.404	
0.12	-2.664	
0.14	-3.996	
0.16	-5.22	
0.18	-6.444	
0.2	-7.704	
0.22	-8.82	
0.24	-9.864	
0.26	-10.944	
0.28	-11.88	
0.3	-12.816	
0.32	-13.644	
0.34	-14.436	
0.36	-15.192	
0.38	-15.804	
0.4	-16.344	
0.42	-16.812	
0.44	-17.172	
0.46	-17.46	
0.48	-17.64	
0.5	-17.748	
0.52	-17.748	
0.54	-17.676	
0.56	-17.532	
0.58	-17.28	
0.6	-16.956	
0.62	-16.524	
0.64	-16.056	
0.66	-15.48	
0.68	-14.796	
0.7	-14.148	
0.72	-13.392	
0.74	-12.528	
0.76	-11.592	
0.78	-10.656	
0.8	-9.648	
0.82	-8.532	
0.84	-7.452	
0.86	-6.336	
0.88	-5.112	
0.9	-3.852	
0.92	-2.592	
0.94	-1.332	
0.96	0	
0.98	1.26	
1	2.556	
1.02	3.888	
1.04	5.256	
1.06	6.516	
1.08	7.884	
1.1	9.108	
1.12	10.368	
1.14	11.628	
1.16	12.816	
1.18	13.932	
1.2	15.084	
1.22	16.164	
1.24	17.208	
1.26	18.144	
1.28	19.008	
1.3	19.872	
1.32	20.628	
1.34	21.384	
1.36	22.032	
1.38	22.608	
1.4	23.112	
1.42	23.544	
1.44	23.904	
1.46	24.156	
1.48	24.336	
1.5	24.444	
1.52	24.48	
1.54	24.444	
1.56	24.3	
1.58	24.084	
1.6	23.796	
1.62	23.472	
1.64	23.04	
1.66	22.536	
1.68	21.96	
1.7	21.312	
1.72	20.628	
1.74	19.836	
1.76	19.044	
1.78	18.108	
1.8	17.208	
1.82	16.2	
1.84	15.12	
1.86	14.04	
1.88	12.852	
1.9	11.628	
1.92	10.404	
1.94	9.18	
1.96	7.884	
1.98	6.552	
2	5.328	
2.02	3.96	
2.04	2.556	
2.06	1.26	
2.08	-0.036	
2.1	-1.332	
2.12	-2.664	
2.14	-3.96	
2.16	-5.184	
2.18	-6.444	
2.2	-7.632	
2.22	-8.748	
2.24	-9.864	
2.26	-10.872	
2.28	-11.916	
2.3	-12.816	
2.32	-13.644	
2.34	-14.436	
2.36	-15.156	
2.38	-15.804	
2.4	-16.344	
2.42	-16.776	
2.44	-17.172	
2.46	-17.46	
2.48	-17.64	
2.5	-17.748	
2.52	-17.748	
2.54	-17.676	
2.56	-17.532	
2.58	-17.28	
2.6	-16.956	
2.62	-16.56	
2.64	-16.056	
2.66	-15.516	
2.68	-14.868	
2.7	-14.148	
2.72	-13.392	
2.74	-12.528	
2.76	-11.628	
2.78	-10.728	
2.8	-9.684	
2.82	-8.604	
2.84	-7.524	
2.86	-6.336	
2.88	-5.112	
2.9	-3.888	
2.92	-2.592	
2.94	-1.332	
2.96	-0.072	
2.98	1.26	
3	2.592	
3.02	3.96	
3.04	5.256	
3.06	6.516	
3.08	7.848	
3.1	9.144	
3.12	10.368	
3.14	11.592	
3.16	12.78	
3.18	14.004	
3.2	15.048	
3.22	16.164	
3.24	17.136	
3.26	18.072	
3.28	19.008	
3.3	19.872	
3.32	20.628	
3.34	21.384	
3.36	21.996	
3.38	22.572	
3.4	23.112	
3.42	23.508	
3.44	23.904	
3.46	24.192	
3.48	24.336	
3.5	24.444	
3.52	24.48	
3.54	24.444	
3.56	24.3	
3.58	24.12	
3.6	23.832	
3.62	23.472	
3.64	23.076	
3.66	22.572	
3.68	21.96	
3.7	21.348	
3.72	20.664	
3.74	19.908	
3.76	19.08	
3.78	18.18	
3.8	17.244	
3.82	16.2	
3.84	15.12	
3.86	14.004	
3.88	12.924	
3.9	11.736	
3.92	10.476	
3.94	9.216	
3.96	7.956	
3.98	6.624	
4	5.292	
4.02	3.924	
4.04	2.628	
4.06	1.332	
4.08	-0.036	
4.1	-1.332	
4.12	-2.7	
4.14	-3.96	
4.16	-5.22	
4.18	-6.408	
4.2	-7.56	
4.22	-8.784	
4.24	-9.864	
4.26	-10.908	
4.28	-11.88	
4.3	-12.78	
4.32	-13.644	
4.34	-14.4	
4.36	-15.156	
4.38	-15.768	
4.4	-16.344	
4.42	-16.776	
4.44	-17.172	
4.46	-17.46	
4.48	-17.64	
4.5	-17.748	
4.52	-17.784	
4.54	-17.712	
4.56	-17.568	
4.58	-17.316	
4.6	-16.992	
4.62	-16.56	
4.64	-16.092	
4.66	-15.552	
4.68	-14.904	
4.7	-14.22	
4.72	-13.428	
4.74	-12.564	
4.76	-11.7	
4.78	-10.764	
4.8	-9.72	
4.82	-8.676	
4.84	-7.56	
4.86	-6.336	
4.88	-5.148	
4.9	-3.924	
4.92	-2.7	
4.94	-1.44	
4.96	-0.108	
4.98	1.224	
5	2.556	
5.02	3.852	
5.04	5.148	
5.06	6.552	
5.08	7.776	
5.1	9.072	
5.12	10.332	
5.14	11.592	
5.16	12.744	
5.18	13.932	
5.2	15.084	
5.22	16.128	
5.24	17.136	
5.26	18.108	
5.28	18.972	
5.3	19.836	
5.32	20.664	
5.34	21.384	
5.36	22.032	
5.38	22.644	
5.4	23.112	
5.42	23.544	
5.44	23.904	
5.46	24.192	
5.48	24.372	
5.5	24.48	
5.52	24.516	
5.54	24.48	
5.56	24.336	
5.58	24.156	
5.6	23.868	
5.62	23.544	
5.64	23.04	
5.66	22.572	
5.68	22.032	
5.7	21.384	
5.72	20.7	
5.74	19.944	
5.76	19.08	
5.78	18.18	
5.8	17.244	
5.82	16.272	
5.84	15.192	
5.86	14.076	
5.88	12.924	
5.9	11.7	
5.92	10.512	
5.94	9.288	
5.96	8.028	
5.98	6.696	
6	5.364	
6.02	4.068	
6.04	2.664	
6.06	1.332	
6.08	0	
6.1	-1.296	
6.12	-2.628	
6.14	-3.96	
6.16	-5.22	
6.18	-6.372	
6.2	-7.632	
6.22	-8.712	
6.24	-9.864	
6.26	-10.872	
6.28	-11.88	
6.3	-12.816	
6.32	-13.644	
6.34	-14.436	
6.36	-15.156	
6.38	-15.804	
6.4	-16.344	
6.42	-16.812	
6.44	-17.208	
6.46	-17.496	
6.48	-17.676	
6.5	-17.784	
6.52	-17.82	
6.54	-17.748	
6.56	-17.604	
6.58	-17.352	
6.6	-17.028	
6.62	-16.632	
6.64	-16.164	
6.66	-15.588	
6.68	-14.904	
6.7	-14.256	
6.72	-13.428	
6.74	-12.636	
6.76	-11.736	
6.78	-10.764	
6.8	-9.72	
6.82	-8.676	
6.84	-7.524	
6.86	-6.372	
6.88	-5.22	
6.9	-4.032	
6.92	-2.736	
6.94	-1.44	
6.96	-0.144	
6.98	1.188	
7	2.592	
7.02	3.888	
7.04	5.184	
7.06	6.444	
7.08	7.776	
7.1	9.108	
7.12	10.368	
7.14	11.628	
7.16	12.78	
7.18	13.932	
7.2	15.048	
7.22	16.128	
7.24	17.136	
7.26	18.108	
7.28	19.008	
7.3	19.908	
7.32	20.664	
7.34	21.42	
7.36	22.032	
7.38	22.644	
7.4	23.148	
7.42	23.58	
7.44	23.94	
7.46	24.192	
7.48	24.408	
7.5	24.516	
7.52	24.552	
7.54	24.516	
7.56	24.372	
7.58	24.156	
7.6	23.904	
7.62	23.544	
7.64	23.112	
7.66	22.608	
7.68	22.032	
7.7	21.42	
7.72	20.7	
7.74	19.98	
7.76	19.08	
7.78	18.18	
7.8	17.244	
7.82	16.272	
7.84	15.192	
7.86	14.112	
7.88	12.888	
7.9	11.736	
7.92	10.476	
7.94	9.252	
7.96	8.028	
7.98	6.696	
8	5.4	
8.02	4.032	
8.04	2.7	
8.06	1.332	
8.08	0.036	
8.1	-1.332	
8.12	-2.628	
8.14	-3.924	
8.16	-5.22	
8.18	-6.408	
8.2	-7.596	
8.22	-8.712	
8.24	-9.828	
8.26	-10.908	
8.28	-11.916	
8.3	-12.816	
8.32	-13.716	
8.34	-14.472	
8.36	-15.156	
8.38	-15.84	
8.4	-16.344	
8.42	-16.848	
8.44	-17.208	
8.46	-17.496	
8.48	-17.712	
8.5	-17.82	
8.52	-17.82	
8.54	-17.748	
8.56	-17.604	
8.58	-17.352	
8.6	-17.028	
8.62	-16.632	
8.64	-16.128	
8.66	-15.552	
8.68	-14.94	
8.7	-14.22	
8.72	-13.464	
8.74	-12.6	
8.76	-11.7	
8.78	-10.764	
8.8	-9.756	
8.82	-8.64	
8.84	-7.596	
8.86	-6.408	
8.88	-5.184	
8.9	-3.96	
8.92	-2.7	
8.94	-1.404	
8.96	-0.072	
8.98	1.224	
9	2.52	
9.02	3.852	
9.04	5.22	
9.06	6.552	
9.08	7.884	
9.1	9.18	
9.12	10.332	
9.14	11.664	
9.16	12.78	
9.18	14.004	
9.2	15.084	
9.22	16.128	
9.24	17.208	
9.26	18.144	
9.28	19.044	
9.3	19.872	
9.32	20.664	
9.34	21.384	
9.36	22.032	
9.38	22.644	
9.4	23.148	
9.42	23.58	
9.44	23.94	
9.46	24.192	
9.48	24.408	
9.5	24.516	
9.52	24.552	
9.54	24.48	
9.56	24.372	
9.58	24.156	
9.6	23.868	
9.62	23.544	
9.64	23.076	
9.66	22.572	
9.68	22.032	
9.7	21.384	
9.72	20.7	
9.74	19.908	
9.76	19.116	
9.78	18.216	
9.8	17.28	
9.82	16.236	
9.84	15.192	
9.86	14.076	
9.88	12.924	
9.9	11.772	
9.92	10.512	
9.94	9.252	
9.96	7.992	
9.98	6.66	
10	5.328	
10.02	3.996	
10.04	2.664	
10.06	1.296	
10.08	0	
10.1	-1.368	
10.12	-2.628	
10.14	-3.96	
10.16	-5.22	
10.18	-6.444	
10.2	-7.632	
10.22	-8.748	
10.24	-9.864	
10.26	-10.944	
10.28	-11.952	
10.3	-12.852	
10.32	-13.68	
10.34	-14.472	
10.36	-15.192	
10.38	-15.804	
10.4	-16.38	
10.42	-16.848	
10.44	-17.208	
10.46	-17.496	
10.48	-17.712	
10.5	-17.82	
10.52	-17.856	
10.54	-17.784	
10.56	-17.604	
10.58	-17.352	
10.6	-17.028	
10.62	-16.632	
10.64	-16.128	
10.66	-15.588	
10.68	-14.94	
10.7	-14.256	
10.72	-13.464	
10.74	-12.636	
10.76	-11.664	
10.78	-10.764	
10.8	-9.684	
10.82	-8.712	
10.84	-7.524	
10.86	-6.372	
10.88	-5.184	
10.9	-3.96	
10.92	-2.7	
10.94	-1.44	
10.96	-0.036	
10.98	1.224	
11	2.592	
11.02	3.888	
11.04	5.22	
11.06	6.516	
11.08	7.848	
11.1	9.072	
11.12	10.404	
11.14	11.628	
11.16	12.816	
11.18	13.896	
11.2	15.084	
11.22	16.128	
11.24	17.172	
11.26	18.144	
11.28	19.044	
11.3	19.872	
11.32	20.664	
11.34	21.42	
11.36	22.068	
11.38	22.644	
11.4	23.148	
11.42	23.58	
11.44	23.94	
11.46	24.192	
11.48	24.408	
11.5	24.516	
11.52	24.552	
11.54	24.48	
11.56	24.372	
11.58	24.156	
11.6	23.868	
11.62	23.544	
11.64	23.112	
11.66	22.608	
11.68	22.032	
11.7	21.384	
11.72	20.7	
11.74	19.908	
11.76	19.116	
11.78	18.216	
11.8	17.244	
11.82	16.236	
11.84	15.156	
11.86	14.076	
11.88	12.96	
11.9	11.736	
11.92	10.512	
11.94	9.288	
11.96	7.956	
11.98	6.696	
12	5.292	
12.02	3.996	
12.04	2.628	
12.06	1.26	
12.08	0.036	
12.1	-1.368	
12.12	-2.664	
12.14	-3.924	
12.16	-5.184	
12.18	-6.444	
12.2	-7.596	
12.22	-8.748	
12.24	-9.828	
12.26	-10.908	
12.28	-11.88	
12.3	-12.816	
12.32	-13.68	
12.34	-14.436	
12.36	-15.156	
12.38	-15.804	
12.4	-16.344	
12.42	-16.848	
12.44	-17.208	
12.46	-17.496	
12.48	-17.712	
12.5	-17.82	
12.52	-17.82	
12.54	-17.748	
12.56	-17.604	
12.58	-17.352	
12.6	-17.028	
12.62	-16.632	
12.64	-16.128	
12.66	-15.552	
12.68	-14.904	
12.7	-14.22	
12.72	-13.464	
12.74	-12.6	
12.76	-11.736	
12.78	-10.764	
12.8	-9.756	
12.82	-8.712	
12.84	-7.56	
12.86	-6.372	
12.88	-5.184	
12.9	-3.96	
12.92	-2.7	
12.94	-1.368	
12.96	-0.108	
12.98	1.224	
13	2.52	
13.02	3.816	
13.04	5.22	
13.06	6.516	
13.08	7.812	
13.1	9.144	
13.12	10.368	
13.14	11.556	
13.16	12.78	
13.18	13.932	
13.2	15.084	
13.22	16.128	
13.24	17.172	
13.26	18.144	
13.28	19.044	
13.3	19.908	
13.32	20.7	
13.34	21.42	
13.36	22.068	
13.38	22.644	
13.4	23.148	
13.42	23.58	
13.44	23.94	
13.46	24.192	
13.48	24.408	
13.5	24.516	
13.52	24.552	
13.54	24.48	
13.56	24.372	
13.58	24.156	
13.6	23.904	
13.62	23.544	
13.64	23.112	
13.66	22.644	
13.68	22.032	
13.7	21.42	
13.72	20.736	
13.74	19.944	
13.76	19.116	
13.78	18.252	
13.8	17.28	
13.82	16.236	
13.84	15.228	
13.86	14.148	
13.88	12.924	
13.9	11.808	
13.92	10.512	
13.94	9.216	
13.96	8.028	
13.98	6.696	
14	5.364	
14.02	3.996	
14.04	2.664	
14.06	1.332	
14.08	-0.036	
14.1	-1.332	
14.12	-2.664	
14.14	-3.96	
14.16	-5.184	
14.18	-6.372	
14.2	-7.632	
14.22	-8.748	
14.24	-9.864	
14.26	-10.944	
14.28	-11.916	
14.3	-12.816	
14.32	-13.716	
14.34	-14.472	
14.36	-15.192	
14.38	-15.804	
14.4	-16.344	
14.42	-16.848	
14.44	-17.208	
14.46	-17.496	
14.48	-17.712	
14.5	-17.82	
14.52	-17.82	
14.54	-17.748	
14.56	-17.604	
14.58	-17.352	
14.6	-17.064	
14.62	-16.632	
14.64	-16.164	
14.66	-15.588	
14.68	-14.94	
14.7	-14.256	
14.72	-13.464	
14.74	-12.636	
14.76	-11.736	
14.78	-10.764	
14.8	-9.756	
14.82	-8.64	
14.84	-7.56	
14.86	-6.444	
14.88	-5.184	
14.9	-3.96	
14.92	-2.736	
14.94	-1.44	
14.96	-0.108	
14.98	1.224	
15	2.52	
15.02	3.816	
15.04	5.148	
15.06	6.516	
15.08	7.812	
15.1	9.072	
15.12	10.368	
15.14	11.592	
15.16	12.78	
15.18	13.932	
15.2	15.048	
15.22	16.092	
15.24	17.172	
15.26	18.108	
15.28	19.044	
15.3	19.872	
15.32	20.664	
15.34	21.384	
15.36	22.032	
15.38	22.644	
15.4	23.148	
15.42	23.58	
15.44	23.94	
15.46	24.192	
15.48	24.408	
15.5	24.516	
15.52	24.552	
15.54	24.516	
15.56	24.372	
15.58	24.192	
15.6	23.904	
15.62	23.544	
15.64	23.112	
15.66	22.608	
15.68	22.068	
15.7	21.456	
15.72	20.736	
15.74	19.98	
15.76	19.116	
15.78	18.216	
15.8	17.316	
15.82	16.272	
15.84	15.228	
15.86	14.112	
15.88	12.924	
15.9	11.772	
15.92	10.584	
15.94	9.288	
15.96	7.992	
15.98	6.696	
16	5.364	
16.02	3.996	
16.04	2.7	
16.06	1.332	
16.08	-0.036	
16.1	-1.332	
16.12	-2.592	
16.14	-3.924	
16.16	-5.184	
16.18	-6.444	
16.2	-7.596	
16.22	-8.712	
16.24	-9.864	
16.26	-10.908	
16.28	-11.88	
16.3	-12.816	
16.32	-13.68	
16.34	-14.472	
16.36	-15.192	
16.38	-15.804	
16.4	-16.38	
16.42	-16.848	
16.44	-17.244	
16.46	-17.532	
16.48	-17.748	
16.5	-17.856	
16.52	-17.856	
16.54	-17.784	
16.56	-17.64	
16.58	-17.388	
16.6	-17.064	
16.62	-16.668	
16.64	-16.2	
16.66	-15.624	
16.68	-14.976	
16.7	-14.292	
16.72	-13.5	
16.74	-12.672	
16.76	-11.772	
16.78	-10.8	
16.8	-9.756	
16.82	-8.712	
16.84	-7.56	
16.86	-6.444	
16.88	-5.22	
16.9	-3.96	
16.92	-2.664	
16.94	-1.476	
16.96	-0.144	
16.98	1.188	
17	2.52	
17.02	3.816	
17.04	5.256	
17.06	6.48	
17.08	7.812	
17.1	9.108	
17.12	10.368	
17.14	11.592	
17.16	12.816	
17.18	13.968	
17.2	15.084	
17.22	16.164	
17.24	17.172	
17.26	18.144	
17.28	19.08	
17.3	19.908	
17.32	20.664	
17.34	21.42	
17.36	22.032	
17.38	22.68	
17.4	23.148	
17.42	23.616	
17.44	23.94	
17.46	24.228	
17.48	24.444	
17.5	24.552	
17.52	24.588	
17.54	24.552	
17.56	24.408	
17.58	24.228	
17.6	23.94	
17.62	23.58	
17.64	23.148	
17.66	22.644	
17.68	22.104	
17.7	21.456	
17.72	20.772	
17.74	19.98	
17.76	19.152	
17.78	18.252	
17.8	17.316	
17.82	16.308	
17.84	15.264	
17.86	14.148	
17.88	12.96	
17.9	11.772	
17.92	10.548	
17.94	9.288	
17.96	8.028	
17.98	6.696	
18	5.4	
18.02	4.032	
18.04	2.664	
18.06	1.368	
18.08	0	
18.1	-1.296	
18.12	-2.664	
18.14	-3.96	
18.16	-5.184	
18.18	-6.408	
18.2	-7.596	
18.22	-8.82	
18.24	-9.828	
18.26	-10.908	
18.28	-11.916	
18.3	-12.852	
18.32	-13.716	
18.34	-14.508	
18.36	-15.192	
18.38	-15.876	
18.4	-16.416	
18.42	-16.884	
18.44	-17.244	
18.46	-17.532	
18.48	-17.748	
18.5	-17.856	
18.52	-17.892	
18.54	-17.784	
18.56	-17.64	
18.58	-17.388	
18.6	-17.064	
18.62	-16.668	
18.64	-16.164	
18.66	-15.624	
18.68	-14.976	
18.7	-14.292	
18.72	-13.5	
18.74	-12.672	
18.76	-11.736	
18.78	-10.764	
18.8	-9.792	
18.82	-8.748	
18.84	-7.596	
18.86	-6.408	
18.88	-5.256	
18.9	-3.996	
18.92	-2.7	
18.94	-1.404	
18.96	-0.144	
18.98	1.224	
19	2.52	
19.02	3.852	
19.04	5.22	
19.06	6.552	
19.08	7.812	
19.1	9.072	
19.12	10.368	
19.14	11.556	
19.16	12.78	
19.18	13.968	
19.2	15.084	
19.22	16.128	
19.24	17.172	
19.26	18.144	
19.28	19.08	
19.3	19.908	
19.32	20.7	
19.34	21.42	
19.36	22.068	
19.38	22.68	
19.4	23.148	
19.42	23.616	
19.44	23.976	
19.46	24.228	
19.48	24.444	
19.5	24.552	
19.52	24.588	
19.54	24.552	
19.56	24.408	
19.58	24.192	
19.6	23.94	
19.62	23.58	
19.64	23.148	
19.66	22.644	
19.68	22.068	
19.7	21.456	
19.72	20.772	
19.74	19.98	
19.76	19.152	
19.78	18.252	
19.8	17.316	
19.82	16.308	
19.84	15.264	
19.86	14.148	
19.88	12.96	
19.9	11.808	
19.92	10.548	
19.94	9.324	
19.96	7.992	
19.98	6.696	
20	5.4	
20.02	4.032	
20.04	2.736	
20.06	1.368	
20.08	0.036	
20.1	-1.296	
20.12	-2.628	
20.14	-3.888	
20.16	-5.184	
20.18	-6.444	
20.2	-7.596	
20.22	-8.784	
20.24	-9.864	
20.26	-10.908	
20.28	-11.916	
20.3	-12.852	
20.32	-13.716	
20.34	-14.508	
20.36	-15.192	
20.38	-15.876	
20.4	-16.416	
20.42	-16.884	
20.44	-17.244	
20.46	-17.532	
20.48	-17.748	
20.5	-17.856	
20.52	-17.892	
20.54	-17.82	
20.56	-17.64	
20.58	-17.388	
20.6	-17.064	
20.62	-16.668	
20.64	-16.164	
20.66	-15.624	
20.68	-14.976	
20.7	-14.292	
20.72	-13.5	
20.74	-12.636	
20.76	-11.7	
20.78	-10.764	
20.8	-9.792	
20.82	-8.676	
20.84	-7.596	
20.86	-6.408	
20.88	-5.22	
20.9	-3.996	
20.92	-2.7	
20.94	-1.44	
20.96	-0.108	
20.98	1.224	
21	2.52	
21.02	3.888	
21.04	5.184	
21.06	6.516	
21.08	7.848	
21.1	9.108	
21.12	10.332	
21.14	11.592	
21.16	12.78	
21.18	13.968	
21.2	15.084	
21.22	16.164	
21.24	17.172	
21.26	18.144	
21.28	19.08	
21.3	19.908	
21.32	20.7	
21.34	21.42	
21.36	22.068	
21.38	22.68	
21.4	23.184	
21.42	23.616	
21.44	23.94	
21.46	24.264	
21.48	24.444	
21.5	24.552	
21.52	24.588	
21.54	24.552	
21.56	24.408	
21.58	24.192	
21.6	23.94	
21.62	23.544	
21.64	23.148	
21.66	22.68	
21.68	22.068	
21.7	21.456	
21.72	20.772	
21.74	19.98	
21.76	19.188	
21.78	18.252	
21.8	17.28	
21.82	16.308	
21.84	15.228	
21.86	14.112	
21.88	12.924	
21.9	11.7	
21.92	10.512	
21.94	9.288	
21.96	7.992	
21.98	6.66	
22	5.292	
22.02	4.068	
22.04	2.7	
22.06	1.332	
22.08	0.036	
22.1	-1.332	
22.12	-2.664	
22.14	-3.924	
22.16	-5.22	
22.18	-6.408	
22.2	-7.632	
22.22	-8.784	
22.24	-9.9	
22.26	-10.98	
22.28	-11.952	
22.3	-12.852	
22.32	-13.716	
22.34	-14.508	
22.36	-15.264	
22.38	-15.876	
22.4	-16.416	
22.42	-16.884	
22.44	-17.244	
22.46	-17.568	
22.48	-17.748	
22.5	-17.856	
22.52	-17.892	
22.54	-17.784	
22.56	-17.64	
22.58	-17.388	
22.6	-17.064	
22.62	-16.668	
22.64	-16.2	
22.66	-15.624	
22.68	-14.94	
22.7	-14.256	
22.72	-13.5	
22.74	-12.636	
22.76	-11.772	
22.78	-10.8	
22.8	-9.792	
22.82	-8.676	
22.84	-7.56	
22.86	-6.372	
22.88	-5.22	
22.9	-3.96	
22.92	-2.736	
22.94	-1.44	
22.96	-0.144	
22.98	1.188	
23	2.556	
23.02	3.852	
23.04	5.184	
23.06	6.48	
23.08	7.848	
23.1	9.108	
23.12	10.404	
23.14	11.592	
23.16	12.744	
23.18	13.932	
23.2	15.084	
23.22	16.164	
23.24	17.172	
23.26	18.144	
23.28	19.044	
23.3	19.908	
23.32	20.7	
23.34	21.456	
23.36	22.068	
23.38	22.644	
23.4	23.184	
23.42	23.616	
23.44	23.94	
23.46	24.228	
23.48	24.444	
23.5	24.552	
23.52	24.588	
23.54	24.552	
23.56	24.408	
23.58	24.228	
23.6	23.904	
23.62	23.544	
23.64	23.148	
23.66	22.68	
23.68	22.104	
23.7	21.456	
23.72	20.772	
23.74	19.98	
23.76	19.152	
23.78	18.288	
23.8	17.352	
23.82	16.308	
23.84	15.228	
23.86	14.148	
23.88	12.996	
23.9	11.772	
23.92	10.512	
23.94	9.288	
23.96	8.028	
23.98	6.66	
24	5.4	
24.02	4.068	
24.04	2.7	
24.06	1.368	
24.08	0.036	
24.1	-1.332	
24.12	-2.628	
24.14	-3.924	
24.16	-5.22	
24.18	-6.408	
24.2	-7.596	
24.22	-8.82	
24.24	-9.864	
24.26	-10.944	
24.28	-11.916	
24.3	-12.888	
24.32	-13.716	
24.34	-14.544	
24.36	-15.228	
24.38	-15.876	
24.4	-16.416	
24.42	-16.848	
24.44	-17.244	
24.46	-17.568	
24.48	-17.748	
24.5	-17.856	
24.52	-17.892	
24.54	-17.784	
24.56	-17.64	
24.58	-17.388	
24.6	-17.064	
24.62	-16.668	
24.64	-16.2	
24.66	-15.624	
24.68	-14.976	
24.7	-14.292	
24.72	-13.464	
24.74	-12.672	
24.76	-11.772	
24.78	-10.764	
24.8	-9.72	
24.82	-8.676	
24.84	-7.56	
24.86	-6.372	
24.88	-5.22	
24.9	-3.96	
24.92	-2.736	
24.94	-1.404	
24.96	-0.144	
24.98	1.224	
25	2.484	
25.02	3.924	
25.04	5.22	
25.06	6.552	
25.08	7.884	
25.1	9.108	
25.12	10.332	
25.14	11.592	
25.16	12.816	
25.18	13.932	
25.2	15.084	
25.22	16.128	
25.24	17.208	
25.26	18.108	
25.28	19.044	
25.3	19.908	
25.32	20.7	
25.34	21.456	
25.36	22.104	
25.38	22.68	
25.4	23.184	
25.42	23.616	
25.44	23.976	
25.46	24.228	
25.48	24.444	
25.5	24.552	
25.52	24.588	
25.54	24.552	
25.56	24.408	
25.58	24.192	
25.6	23.94	
25.62	23.58	
25.64	23.148	
25.66	22.68	
25.68	22.104	
25.7	21.456	
25.72	20.772	
25.74	20.016	
25.76	19.152	
25.78	18.252	
25.8	17.316	
25.82	16.344	
25.84	15.228	
25.86	14.148	
25.88	12.96	
25.9	11.808	
25.92	10.512	
25.94	9.324	
25.96	7.992	
25.98	6.696	
26	5.4	
26.02	4.068	
26.04	2.7	
26.06	1.368	
26.08	-0.036	
26.1	-1.332	
26.12	-2.628	
26.14	-3.924	
26.16	-5.184	
26.18	-6.48	
26.2	-7.632	
26.22	-8.748	
26.24	-9.864	
26.26	-10.908	
26.28	-11.916	
26.3	-12.852	
26.32	-13.716	
26.34	-14.508	
26.36	-15.228	
26.38	-15.84	
26.4	-16.416	
26.42	-16.884	
26.44	-17.244	
26.46	-17.532	
26.48	-17.748	
26.5	-17.856	
26.52	-17.892	
26.54	-17.82	
26.56	-17.64	
26.58	-17.388	
26.6	-17.064	
26.62	-16.668	
26.64	-16.2	
26.66	-15.624	
26.68	-15.012	
26.7	-14.256	
26.72	-13.536	
26.74	-12.636	
26.76	-11.736	
26.78	-10.728	
26.8	-9.72	
26.82	-8.676	
26.84	-7.56	
26.86	-6.408	
26.88	-5.256	
26.9	-3.996	
26.92	-2.772	
26.94	-1.44	
26.96	-0.108	
26.98	1.224	
27	2.52	
27.02	3.852	
27.04	5.148	
27.06	6.516	
27.08	7.776	
27.1	9.072	
27.12	10.404	
27.14	11.628	
27.16	12.78	
27.18	14.004	
27.2	15.084	
27.22	16.164	
27.24	17.136	
27.26	18.144	
27.28	19.08	
27.3	19.908	
27.32	20.7	
27.34	21.42	
27.36	22.068	
27.38	22.68	
27.4	23.148	
27.42	23.616	
27.44	23.976	
27.46	24.228	
27.48	24.444	
27.5	24.552	
27.52	24.588	
27.54	24.552	
27.56	24.408	
27.58	24.228	
27.6	23.94	
27.62	23.58	
27.64	23.148	
27.66	22.644	
27.68	22.068	
27.7	21.456	
27.72	20.772	
27.74	20.016	
27.76	19.116	
27.78	18.252	
27.8	17.316	
27.82	16.344	
27.84	15.228	
27.86	14.148	
27.88	12.96	
27.9	11.736	
27.92	10.548	
27.94	9.324	
27.96	8.064	
27.98	6.696	
28	5.4	
28.02	4.104	
28.04	2.736	
28.06	1.296	
28.08	0.072	
28.1	-1.296	
28.12	-2.628	
28.14	-3.96	
28.16	-5.256	
28.18	-6.444	
28.2	-7.668	
28.22	-8.784	
28.24	-9.936	
28.26	-11.016	
28.28	-11.88	
28.3	-12.816	
28.32	-13.752	
28.34	-14.508	
28.36	-15.192	
28.38	-15.84	
28.4	-16.416	
28.42	-16.884	
28.44	-17.28	
28.46	-17.568	
28.48	-17.748	
28.5	-17.856	
28.52	-17.892	
28.54	-17.82	
28.56	-17.64	
28.58	-17.388	
28.6	-17.064	
28.62	-16.668	
28.64	-16.2	
28.66	-15.624	
28.68	-15.012	
28.7	-14.292	
28.72	-13.536	
28.74	-12.672	
28.76	-11.736	
28.78	-10.8	
28.8	-9.756	
28.82	-8.712	
28.84	-7.524	
28.86	-6.408	
28.88	-5.184	
28.9	-3.96	
28.92	-2.736	
28.94	-1.368	
28.96	-0.108	
28.98	1.188	
29	2.52	
29.02	3.816	
29.04	5.256	
29.06	6.516	
29.08	7.812	
29.1	9.108	
29.12	10.404	
29.14	11.592	
29.16	12.852	
29.18	14.004	
29.2	15.084	
29.22	16.164	
29.24	17.208	
29.26	18.144	
29.28	19.08	
29.3	19.908	
29.32	20.736	
29.34	21.456	
29.36	22.104	
29.38	22.68	
29.4	23.22	
29.42	23.616	
29.44	23.976	
29.46	24.264	
29.48	24.444	
29.5	24.552	
29.52	24.588	
29.54	24.552	
29.56	24.444	
29.58	24.228	
29.6	23.94	
29.62	23.58	
29.64	23.148	
29.66	22.68	
29.68	22.104	
29.7	21.456	
29.72	20.772	
29.74	19.98	
29.76	19.188	
29.78	18.216	
29.8	17.316	
29.82	16.308	
29.84	15.228	
29.86	14.112	
29.88	12.996	
29.9	11.772	
29.92	10.584	
29.94	9.288	
29.96	8.028	
29.98	6.696	

