Ê±¼ä - °ÚÂÖ½Ç¶ÈÊ±ÐòÍ¼	°ÚÂÖ½Ç¶È - °ÚÂÖ½Ç¶ÈÊ±ÐòÍ¼	
0	2.772	
0.02	2.664	
0.04	2.556	
0.06	2.484	
0.08	2.376	
0.1	2.304	
0.12	2.232	
0.14	2.196	
0.16	2.124	
0.18	2.088	
0.2	2.088	
0.22	2.052	
0.24	2.052	
0.26	2.052	
0.28	2.052	
0.3	2.052	
0.32	2.088	
0.34	2.124	
0.36	2.16	
0.38	2.196	
0.4	2.232	
0.42	2.268	
0.44	2.304	
0.46	2.34	
0.48	2.376	
0.5	2.412	
0.52	2.448	
0.54	2.484	
0.56	2.52	
0.58	2.556	
0.6	2.592	
0.62	2.592	
0.64	2.628	
0.66	2.628	
0.68	2.628	
0.7	2.664	
0.72	2.664	
0.74	2.664	
0.76	2.628	
0.78	2.628	
0.8	2.628	
0.82	2.628	
0.84	2.592	
0.86	2.592	
0.88	2.592	
0.9	2.556	
0.92	2.556	
0.94	2.556	
0.96	2.52	
0.98	2.52	
1	2.52	
1.02	2.484	
1.04	2.484	
1.06	2.484	
1.08	2.484	
1.1	2.484	
1.12	2.484	
1.14	2.484	
1.16	2.484	
1.18	2.484	
1.2	2.484	
1.22	2.484	
1.24	2.484	
1.26	2.484	
1.28	2.484	
1.3	2.484	
1.32	2.484	
1.34	2.484	
1.36	2.484	
1.38	2.484	
1.4	2.484	
1.42	2.484	
1.44	2.484	
1.46	2.484	
1.48	2.484	
1.5	2.484	
1.52	2.484	
1.54	2.484	
1.56	2.484	
1.58	2.484	
1.6	2.484	
1.62	2.484	
1.64	2.484	
1.66	2.484	
1.68	2.484	
1.7	2.484	
1.72	2.484	
1.74	2.484	
1.76	2.484	
1.78	2.484	
1.8	2.484	
1.82	2.484	
1.84	2.484	
1.86	2.484	
1.88	2.484	
1.9	2.484	
1.92	2.484	
1.94	2.484	
1.96	2.484	
1.98	2.484	
2	2.484	
2.02	2.484	
2.04	2.484	
2.06	2.484	
2.08	2.484	
2.1	2.484	
2.12	2.484	
2.14	2.484	
2.16	2.484	
2.18	2.484	
2.2	2.484	
2.22	2.484	
2.24	2.484	
2.26	2.484	
2.28	2.484	
2.3	2.484	
2.32	2.484	
2.34	2.484	
2.36	2.484	
2.38	2.484	
2.4	2.484	
2.42	2.484	
2.44	2.484	
2.46	2.484	
2.48	2.484	
2.5	2.484	
2.52	2.484	
2.54	2.484	
2.56	2.484	
2.58	2.484	
2.6	2.484	
2.62	2.484	
2.64	2.484	
2.66	2.484	
2.68	2.484	
2.7	2.484	
2.72	2.484	
2.74	2.484	
2.76	2.484	
2.78	2.484	
2.8	2.484	
2.82	2.484	
2.84	2.484	
2.86	2.484	
2.88	2.484	
2.9	2.484	
2.92	2.484	
2.94	2.484	
2.96	2.484	
2.98	2.484	
3	2.484	
3.02	2.484	
3.04	2.484	
3.06	2.484	
3.08	2.484	
3.1	2.484	
3.12	2.484	
3.14	2.484	
3.16	2.484	
3.18	2.484	
3.2	2.484	
3.22	2.484	
3.24	2.484	
3.26	2.484	
3.28	2.484	
3.3	2.484	
3.32	2.484	
3.34	2.484	
3.36	2.484	
3.38	2.484	
3.4	2.484	
3.42	2.484	
3.44	2.484	
3.46	2.484	
3.48	2.484	
3.5	2.484	
3.52	2.484	
3.54	2.484	
3.56	2.484	
3.58	2.484	
3.6	2.484	
3.62	2.484	
3.64	2.484	
3.66	2.484	
3.68	2.484	
3.7	2.484	
3.72	2.484	
3.74	2.484	
3.76	2.484	
3.78	2.484	
3.8	2.484	
3.82	2.484	
3.84	2.484	
3.86	2.484	
3.88	2.484	
3.9	2.484	
3.92	2.484	
3.94	2.484	
3.96	2.484	
3.98	2.484	
4	2.484	
4.02	2.484	
4.04	2.484	
4.06	2.484	
4.08	2.484	
4.1	2.484	
4.12	2.484	
4.14	2.484	
4.16	2.484	
4.18	2.484	
4.2	2.484	
4.22	2.484	
4.24	2.484	
4.26	2.484	
4.28	2.484	
4.3	2.484	
4.32	2.484	
4.34	2.484	
4.36	2.484	
4.38	2.484	
4.4	2.484	
4.42	2.484	
4.44	2.484	
4.46	2.484	
4.48	2.484	
4.5	2.484	
4.52	2.484	
4.54	2.484	
4.56	2.484	
4.58	2.484	
4.6	2.484	
4.62	2.484	
4.64	2.484	
4.66	2.484	
4.68	2.484	
4.7	2.484	
4.72	2.484	
4.74	2.484	
4.76	2.484	
4.78	2.484	
4.8	2.484	
4.82	2.484	
4.84	2.484	
4.86	2.484	
4.88	2.484	
4.9	2.484	
4.92	2.484	
4.94	2.484	
4.96	2.484	
4.98	2.484	
5	2.484	
5.02	2.484	
5.04	2.484	
5.06	2.484	
5.08	2.484	
5.1	2.484	
5.12	2.484	
5.14	2.484	
5.16	2.484	
5.18	2.484	
5.2	2.484	
5.22	2.484	
5.24	2.484	
5.26	2.484	
5.28	2.484	
5.3	2.484	
5.32	2.484	
5.34	2.484	
5.36	2.484	
5.38	2.484	
5.4	2.484	
5.42	2.484	
5.44	2.484	
5.46	2.484	
5.48	2.484	
5.5	2.484	
5.52	2.484	
5.54	2.484	
5.56	2.484	
5.58	2.484	
5.6	2.484	
5.62	2.484	
5.64	2.484	
5.66	2.484	
5.68	2.484	
5.7	2.484	
5.72	2.484	
5.74	2.484	
5.76	2.484	
5.78	2.484	
5.8	2.484	
5.82	2.484	
5.84	2.484	
5.86	2.484	
5.88	2.484	
5.9	2.484	
5.92	2.484	
5.94	2.484	
5.96	2.484	
5.98	2.484	
6	2.484	
6.02	2.484	
6.04	2.484	
6.06	2.484	
6.08	2.484	
6.1	2.484	
6.12	2.484	
6.14	2.484	
6.16	2.484	
6.18	2.484	
6.2	2.484	
6.22	2.484	
6.24	2.484	
6.26	2.484	
6.28	2.484	
6.3	2.484	
6.32	2.484	
6.34	2.484	
6.36	2.484	
6.38	2.484	
6.4	2.484	
6.42	2.484	
6.44	2.484	
6.46	2.484	
6.48	2.484	
6.5	2.484	
6.52	2.484	
6.54	2.484	
6.56	2.484	
6.58	2.484	
6.6	2.484	
6.62	2.484	
6.64	2.484	
6.66	2.484	
6.68	2.484	
6.7	2.484	
6.72	2.484	
6.74	2.484	
6.76	2.484	
6.78	2.484	
6.8	2.484	
6.82	2.484	
6.84	2.484	
6.86	2.484	
6.88	2.484	
6.9	2.484	
6.92	2.484	
6.94	2.484	
6.96	2.484	
6.98	2.484	
7	2.484	
7.02	2.484	
7.04	2.484	
7.06	2.484	
7.08	2.484	
7.1	2.484	
7.12	2.484	
7.14	2.484	
7.16	2.484	
7.18	2.484	
7.2	2.484	
7.22	2.484	
7.24	2.484	
7.26	2.484	
7.28	2.484	
7.3	2.484	
7.32	2.484	
7.34	2.484	
7.36	2.484	
7.38	2.484	
7.4	2.484	
7.42	2.484	
7.44	2.484	
7.46	2.484	
7.48	2.484	
7.5	2.484	
7.52	2.484	
7.54	2.484	
7.56	2.484	
7.58	2.484	
7.6	2.484	
7.62	2.484	
7.64	2.484	
7.66	2.484	
7.68	2.484	
7.7	2.484	
7.72	2.484	
7.74	2.484	
7.76	2.484	
7.78	2.484	
7.8	2.484	
7.82	2.484	
7.84	2.484	
7.86	2.484	
7.88	2.484	
7.9	2.484	
7.92	2.484	
7.94	2.484	
7.96	2.484	
7.98	2.484	
8	2.484	
8.02	2.484	
8.04	2.484	
8.06	2.484	
8.08	2.484	
8.1	2.484	
8.12	2.484	
8.14	2.484	
8.16	2.484	
8.18	2.484	
8.2	2.484	
8.22	2.484	
8.24	2.484	
8.26	2.484	
8.28	2.484	
8.3	2.484	
8.32	2.484	
8.34	2.484	
8.36	2.484	
8.38	2.484	
8.4	2.484	
8.42	2.484	
8.44	2.484	
8.46	2.484	
8.48	2.484	
8.5	2.484	
8.52	2.484	
8.54	2.484	
8.56	2.484	
8.58	2.484	
8.6	2.484	
8.62	2.484	
8.64	2.484	
8.66	2.484	
8.68	2.484	
8.7	2.484	
8.72	2.484	
8.74	2.484	
8.76	2.484	
8.78	2.484	
8.8	2.484	
8.82	2.484	
8.84	2.484	
8.86	2.484	
8.88	2.484	
8.9	2.484	
8.92	2.484	
8.94	2.484	
8.96	2.484	
8.98	2.484	
9	2.484	
9.02	2.484	
9.04	2.484	
9.06	2.484	
9.08	2.484	
9.1	2.484	
9.12	2.484	
9.14	2.484	
9.16	2.484	
9.18	2.484	
9.2	2.484	
9.22	2.484	
9.24	2.484	
9.26	2.484	
9.28	2.484	
9.3	2.484	
9.32	2.484	
9.34	2.484	
9.36	2.484	
9.38	2.484	
9.4	2.484	
9.42	2.484	
9.44	2.484	
9.46	2.484	
9.48	2.484	
9.5	2.484	
9.52	2.484	
9.54	2.484	
9.56	2.484	
9.58	2.484	
9.6	2.484	
9.62	2.484	
9.64	2.484	
9.66	2.484	
9.68	2.484	
9.7	2.484	
9.72	2.484	
9.74	2.484	
9.76	2.484	
9.78	2.484	
9.8	2.484	
9.82	2.484	
9.84	2.484	
9.86	2.484	
9.88	2.484	
9.9	2.484	
9.92	2.484	
9.94	2.484	
9.96	2.484	
9.98	2.484	
10	2.484	
10.02	2.484	
10.04	2.484	
10.06	2.484	
10.08	2.484	
10.1	2.484	
10.12	2.484	
10.14	2.484	
10.16	2.484	
10.18	2.484	
10.2	2.484	
10.22	2.484	
10.24	2.484	
10.26	2.484	
10.28	2.484	
10.3	2.484	
10.32	2.484	
10.34	2.484	
10.36	2.484	
10.38	2.484	
10.4	2.484	
10.42	2.484	
10.44	2.484	
10.46	2.484	
10.48	2.484	
10.5	2.484	
10.52	2.484	
10.54	2.484	
10.56	2.484	
10.58	2.484	
10.6	2.484	
10.62	2.484	
10.64	2.484	
10.66	2.484	
10.68	2.484	
10.7	2.484	
10.72	2.484	
10.74	2.484	
10.76	2.484	
10.78	2.484	
10.8	2.484	
10.82	2.484	
10.84	2.484	
10.86	2.484	
10.88	2.484	
10.9	2.484	
10.92	2.484	
10.94	2.484	
10.96	2.484	
10.98	2.484	
11	2.484	
11.02	2.484	
11.04	2.484	
11.06	2.484	
11.08	2.484	
11.1	2.484	
11.12	2.484	
11.14	2.484	
11.16	2.484	
11.18	2.484	
11.2	2.484	
11.22	2.484	
11.24	2.484	
11.26	2.484	
11.28	2.484	
11.3	2.484	
11.32	2.484	
11.34	2.484	
11.36	2.484	
11.38	2.484	
11.4	2.484	
11.42	2.484	
11.44	2.484	
11.46	2.484	
11.48	2.484	
11.5	2.484	
11.52	2.484	
11.54	2.484	
11.56	2.484	
11.58	2.484	
11.6	2.484	
11.62	2.484	
11.64	2.484	
11.66	2.484	
11.68	2.484	
11.7	2.484	
11.72	2.484	
11.74	2.484	
11.76	2.484	
11.78	2.484	
11.8	2.484	
11.82	2.484	
11.84	2.484	
11.86	2.484	
11.88	2.484	
11.9	2.484	
11.92	2.484	
11.94	2.484	
11.96	2.484	
11.98	2.484	
12	2.484	
12.02	2.484	
12.04	2.484	
12.06	2.484	
12.08	2.484	
12.1	2.484	
12.12	2.484	
12.14	2.484	
12.16	2.484	
12.18	2.484	
12.2	2.484	
12.22	2.484	
12.24	2.484	
12.26	2.484	
12.28	2.484	
12.3	2.484	
12.32	2.484	
12.34	2.484	
12.36	2.484	
12.38	2.484	
12.4	2.484	
12.42	2.484	
12.44	2.484	
12.46	2.484	
12.48	2.484	
12.5	2.484	
12.52	2.484	
12.54	2.484	
12.56	2.484	
12.58	2.484	
12.6	2.484	
12.62	2.484	
12.64	2.484	
12.66	2.484	
12.68	2.484	
12.7	2.484	
12.72	2.484	
12.74	2.484	
12.76	2.484	
12.78	2.484	
12.8	2.484	
12.82	2.484	
12.84	2.484	
12.86	2.484	
12.88	2.484	
12.9	2.484	
12.92	2.484	
12.94	2.484	
12.96	2.484	
12.98	2.484	
13	2.484	
13.02	2.484	
13.04	2.484	
13.06	2.484	
13.08	2.484	
13.1	2.484	
13.12	2.484	
13.14	2.484	
13.16	2.484	
13.18	2.484	
13.2	2.484	
13.22	2.484	
13.24	2.484	
13.26	2.484	
13.28	2.484	
13.3	2.484	
13.32	2.484	
13.34	2.484	
13.36	2.484	
13.38	2.484	
13.4	2.484	
13.42	2.484	
13.44	2.484	
13.46	2.484	
13.48	2.484	
13.5	2.484	
13.52	2.484	
13.54	2.484	
13.56	2.484	
13.58	2.484	
13.6	2.484	
13.62	2.484	
13.64	2.484	
13.66	2.484	
13.68	2.484	
13.7	2.484	
13.72	2.484	
13.74	2.484	
13.76	2.484	
13.78	2.484	
13.8	2.484	
13.82	2.484	
13.84	2.484	
13.86	2.484	
13.88	2.484	
13.9	2.484	
13.92	2.484	
13.94	2.484	
13.96	2.484	
13.98	2.484	
14	2.484	
14.02	2.484	
14.04	2.484	
14.06	2.484	
14.08	2.484	
14.1	2.484	
14.12	2.484	
14.14	2.484	
14.16	2.484	
14.18	2.484	
14.2	2.484	
14.22	2.484	
14.24	2.484	
14.26	2.484	
14.28	2.484	
14.3	2.484	
14.32	2.484	
14.34	2.484	
14.36	2.484	
14.38	2.484	
14.4	2.484	
14.42	2.484	
14.44	2.484	
14.46	2.484	
14.48	2.484	
14.5	2.484	
14.52	2.484	
14.54	2.484	
14.56	2.484	
14.58	2.484	
14.6	2.484	
14.62	2.484	
14.64	2.484	
14.66	2.484	
14.68	2.484	
14.7	2.484	
14.72	2.484	
14.74	2.484	
14.76	2.484	
14.78	2.484	
14.8	2.484	
14.82	2.484	
14.84	2.484	
14.86	2.484	
14.88	2.484	
14.9	2.484	
14.92	2.484	
14.94	2.484	
14.96	2.484	
14.98	2.484	
15	2.484	
15.02	2.484	
15.04	2.484	
15.06	2.484	
15.08	2.484	
15.1	2.484	
15.12	2.484	
15.14	2.484	
15.16	2.484	
15.18	2.484	
15.2	2.484	
15.22	2.484	
15.24	2.484	
15.26	2.484	
15.28	2.484	
15.3	2.484	
15.32	2.484	
15.34	2.484	
15.36	2.484	
15.38	2.484	
15.4	2.484	
15.42	2.484	
15.44	2.484	
15.46	2.484	
15.48	2.484	
15.5	2.484	
15.52	2.484	
15.54	2.484	
15.56	2.484	
15.58	2.484	
15.6	2.484	
15.62	2.484	
15.64	2.484	
15.66	2.484	
15.68	2.484	
15.7	2.484	
15.72	2.484	
15.74	2.484	
15.76	2.484	
15.78	2.484	
15.8	2.484	
15.82	2.484	
15.84	2.484	
15.86	2.484	
15.88	2.484	
15.9	2.484	
15.92	2.484	
15.94	2.484	
15.96	2.484	
15.98	2.484	
16	2.484	
16.02	2.484	
16.04	2.484	
16.06	2.484	
16.08	2.484	
16.1	2.484	
16.12	2.484	
16.14	2.484	
16.16	2.484	
16.18	2.484	
16.2	2.484	
16.22	2.484	
16.24	2.484	
16.26	2.484	
16.28	2.484	
16.3	2.484	
16.32	2.484	
16.34	2.484	
16.36	2.484	
16.38	2.484	
16.4	2.484	
16.42	2.484	
16.44	2.484	
16.46	2.484	
16.48	2.484	
16.5	2.484	
16.52	2.484	
16.54	2.484	
16.56	2.484	
16.58	2.484	
16.6	2.484	
16.62	2.484	
16.64	2.484	
16.66	2.484	
16.68	2.484	
16.7	2.484	
16.72	2.484	
16.74	2.484	
16.76	2.484	
16.78	2.484	
16.8	2.484	
16.82	2.484	
16.84	2.484	
16.86	2.484	
16.88	2.484	
16.9	2.484	
16.92	2.484	
16.94	2.484	
16.96	2.484	
16.98	2.484	
17	2.484	
17.02	2.484	
17.04	2.484	
17.06	2.484	
17.08	2.484	
17.1	2.484	
17.12	2.484	
17.14	2.484	
17.16	2.484	
17.18	2.484	
17.2	2.484	
17.22	2.484	
17.24	2.484	
17.26	2.484	
17.28	2.484	
17.3	2.484	
17.32	2.484	
17.34	2.484	
17.36	2.484	
17.38	2.484	
17.4	2.484	
17.42	2.484	
17.44	2.484	
17.46	2.484	
17.48	2.484	
17.5	2.484	
17.52	2.484	
17.54	2.484	
17.56	2.484	
17.58	2.484	
17.6	2.484	
17.62	2.484	
17.64	2.484	
17.66	2.484	
17.68	2.484	
17.7	2.484	
17.72	2.484	
17.74	2.484	
17.76	2.484	
17.78	2.484	
17.8	2.484	
17.82	2.484	
17.84	2.484	
17.86	2.484	
17.88	2.484	
17.9	2.484	
17.92	2.484	
17.94	2.484	
17.96	2.484	
17.98	2.484	
18	2.484	
18.02	2.484	
18.04	2.484	
18.06	2.484	
18.08	2.484	
18.1	2.484	
18.12	2.484	
18.14	2.484	
18.16	2.484	
18.18	2.484	
18.2	2.484	
18.22	2.484	
18.24	2.484	
18.26	2.484	
18.28	2.484	
18.3	2.484	
18.32	2.484	
18.34	2.484	
18.36	2.484	
18.38	2.484	
18.4	2.484	
18.42	2.484	
18.44	2.484	
18.46	2.484	
18.48	2.484	
18.5	2.484	
18.52	2.484	
18.54	2.484	
18.56	2.484	
18.58	2.484	
18.6	2.484	
18.62	2.484	
18.64	2.484	
18.66	2.484	
18.68	2.484	
18.7	2.484	
18.72	2.484	
18.74	2.484	
18.76	2.484	
18.78	2.484	
18.8	2.484	
18.82	2.484	
18.84	2.484	
18.86	2.484	
18.88	2.484	
18.9	2.484	
18.92	2.484	
18.94	2.484	
18.96	2.484	
18.98	2.484	
19	2.484	
19.02	2.484	
19.04	2.484	
19.06	2.484	
19.08	2.484	
19.1	2.484	
19.12	2.484	
19.14	2.484	
19.16	2.484	
19.18	2.484	
19.2	2.484	
19.22	2.484	
19.24	2.484	
19.26	2.484	
19.28	2.484	
19.3	2.484	
19.32	2.484	
19.34	2.484	
19.36	2.484	
19.38	2.484	
19.4	2.484	
19.42	2.484	
19.44	2.484	
19.46	2.484	
19.48	2.484	
19.5	2.484	
19.52	2.484	
19.54	2.484	
19.56	2.484	
19.58	2.484	
19.6	2.484	
19.62	2.484	
19.64	2.484	
19.66	2.484	
19.68	2.484	
19.7	2.484	
19.72	2.484	
19.74	2.484	
19.76	2.484	
19.78	2.484	
19.8	2.484	
19.82	2.484	
19.84	2.484	
19.86	2.484	
19.88	2.484	
19.9	2.484	
19.92	2.484	
19.94	2.484	
19.96	2.484	
19.98	2.484	
20	2.484	
20.02	2.484	
20.04	2.484	
20.06	2.484	
20.08	2.484	
20.1	2.484	
20.12	2.484	
20.14	2.484	
20.16	2.484	
20.18	2.484	
20.2	2.484	
20.22	2.484	
20.24	2.484	
20.26	2.484	
20.28	2.484	
20.3	2.484	
20.32	2.484	
20.34	2.484	
20.36	2.484	
20.38	2.484	
20.4	2.484	
20.42	2.484	
20.44	2.484	
20.46	2.484	
20.48	2.484	
20.5	2.484	
20.52	2.484	
20.54	2.484	
20.56	2.484	
20.58	2.484	
20.6	2.484	
20.62	2.484	
20.64	2.484	
20.66	2.484	
20.68	2.484	
20.7	2.484	
20.72	2.484	
20.74	2.484	
20.76	2.484	
20.78	2.484	
20.8	2.484	
20.82	2.484	
20.84	2.484	
20.86	2.484	
20.88	2.484	
20.9	2.484	
20.92	2.484	
20.94	2.484	
20.96	2.484	
20.98	2.484	
21	2.484	
21.02	2.484	
21.04	2.484	
21.06	2.484	
21.08	2.484	
21.1	2.484	
21.12	2.484	
21.14	2.484	
21.16	2.484	
21.18	2.484	
21.2	2.484	
21.22	2.484	
21.24	2.484	
21.26	2.484	
21.28	2.484	
21.3	2.484	
21.32	2.484	
21.34	2.484	
21.36	2.484	
21.38	2.484	
21.4	2.484	
21.42	2.484	
21.44	2.484	
21.46	2.484	
21.48	2.484	
21.5	2.484	
21.52	2.484	
21.54	2.484	
21.56	2.484	
21.58	2.484	
21.6	2.484	
21.62	2.484	
21.64	2.484	
21.66	2.484	
21.68	2.484	
21.7	2.484	
21.72	2.484	
21.74	2.484	
21.76	2.484	
21.78	2.484	
21.8	2.484	
21.82	2.484	
21.84	2.484	
21.86	2.484	
21.88	2.484	
21.9	2.484	
21.92	2.484	
21.94	2.484	
21.96	2.484	
21.98	2.484	
22	2.484	
22.02	2.484	
22.04	2.484	
22.06	2.484	
22.08	2.484	
22.1	2.484	
22.12	2.484	
22.14	2.484	
22.16	2.484	
22.18	2.484	
22.2	2.484	
22.22	2.484	
22.24	2.484	
22.26	2.484	
22.28	2.484	
22.3	2.484	
22.32	2.484	
22.34	2.484	
22.36	2.484	
22.38	2.484	
22.4	2.484	
22.42	2.484	
22.44	2.484	
22.46	2.484	
22.48	2.484	
22.5	2.484	
22.52	2.484	
22.54	2.484	
22.56	2.484	
22.58	2.484	
22.6	2.484	
22.62	2.484	
22.64	2.484	
22.66	2.484	
22.68	2.484	
22.7	2.484	
22.72	2.484	
22.74	2.484	
22.76	2.484	
22.78	2.484	
22.8	2.484	
22.82	2.484	
22.84	2.484	
22.86	2.484	
22.88	2.484	
22.9	2.484	
22.92	2.484	
22.94	2.484	
22.96	2.484	
22.98	2.484	
23	2.484	
23.02	2.484	
23.04	2.484	
23.06	2.484	
23.08	2.484	
23.1	2.484	
23.12	2.484	
23.14	2.484	
23.16	2.484	
23.18	2.484	
23.2	2.484	
23.22	2.484	
23.24	2.484	
23.26	2.484	
23.28	2.484	
23.3	2.484	
23.32	2.484	
23.34	2.484	
23.36	2.484	
23.38	2.484	
23.4	2.484	
23.42	2.484	
23.44	2.484	
23.46	2.484	
23.48	2.484	
23.5	2.484	
23.52	2.484	
23.54	2.484	
23.56	2.484	
23.58	2.484	
23.6	2.484	
23.62	2.484	
23.64	2.484	
23.66	2.484	
23.68	2.484	
23.7	2.484	
23.72	2.484	
23.74	2.484	
23.76	2.484	
23.78	2.484	
23.8	2.484	
23.82	2.484	
23.84	2.484	
23.86	2.484	
23.88	2.484	
23.9	2.484	
23.92	2.484	
23.94	2.484	
23.96	2.484	
23.98	2.484	
24	2.484	
24.02	2.484	
24.04	2.484	
24.06	2.484	
24.08	2.484	
24.1	2.484	
24.12	2.484	
24.14	2.484	
24.16	2.484	
24.18	2.484	
24.2	2.484	
24.22	2.484	
24.24	2.484	
24.26	2.484	
24.28	2.484	
24.3	2.484	
24.32	2.484	
24.34	2.484	
24.36	2.484	
24.38	2.484	
24.4	2.484	
24.42	2.484	
24.44	2.484	
24.46	2.484	
24.48	2.484	
24.5	2.484	
24.52	2.484	
24.54	2.484	
24.56	2.484	
24.58	2.484	
24.6	2.484	
24.62	2.484	
24.64	2.484	
24.66	2.484	
24.68	2.484	
24.7	2.484	
24.72	2.484	
24.74	2.484	
24.76	2.484	
24.78	2.484	
24.8	2.484	
24.82	2.484	
24.84	2.484	
24.86	2.484	
24.88	2.484	
24.9	2.484	
24.92	2.484	
24.94	2.484	
24.96	2.484	
24.98	2.484	
25	2.484	
25.02	2.484	
25.04	2.484	
25.06	2.484	
25.08	2.484	
25.1	2.484	
25.12	2.484	
25.14	2.484	
25.16	2.484	
25.18	2.484	
25.2	2.484	
25.22	2.484	
25.24	2.484	
25.26	2.484	
25.28	2.484	
25.3	2.484	
25.32	2.484	
25.34	2.484	
25.36	2.484	
25.38	2.484	
25.4	2.484	
25.42	2.484	
25.44	2.484	
25.46	2.484	
25.48	2.484	
25.5	2.484	
25.52	2.484	
25.54	2.484	
25.56	2.484	
25.58	2.484	
25.6	2.484	
25.62	2.484	
25.64	2.484	
25.66	2.484	
25.68	2.484	
25.7	2.484	
25.72	2.484	
25.74	2.484	
25.76	2.484	
25.78	2.484	
25.8	2.484	
25.82	2.484	
25.84	2.484	
25.86	2.484	
25.88	2.484	
25.9	2.484	
25.92	2.484	
25.94	2.484	
25.96	2.484	
25.98	2.484	
26	2.484	
26.02	2.484	
26.04	2.484	
26.06	2.484	
26.08	2.484	
26.1	2.484	
26.12	2.484	
26.14	2.484	
26.16	2.484	
26.18	2.484	
26.2	2.484	
26.22	2.484	
26.24	2.484	
26.26	2.484	
26.28	2.484	
26.3	2.484	
26.32	2.484	
26.34	2.484	
26.36	2.484	
26.38	2.484	
26.4	2.484	
26.42	2.484	
26.44	2.484	
26.46	2.484	
26.48	2.484	
26.5	2.484	
26.52	2.484	
26.54	2.484	
26.56	2.484	
26.58	2.484	
26.6	2.484	
26.62	2.484	
26.64	2.484	
26.66	2.484	
26.68	2.484	
26.7	2.484	
26.72	2.484	
26.74	2.484	
26.76	2.484	
26.78	2.484	
26.8	2.484	
26.82	2.484	
26.84	2.484	
26.86	2.484	
26.88	2.484	
26.9	2.484	
26.92	2.484	
26.94	2.484	
26.96	2.484	
26.98	2.484	
27	2.484	
27.02	2.484	
27.04	2.484	
27.06	2.484	
27.08	2.484	
27.1	2.484	
27.12	2.484	
27.14	2.484	
27.16	2.484	
27.18	2.484	
27.2	2.484	
27.22	2.484	
27.24	2.484	
27.26	2.484	
27.28	2.484	
27.3	2.484	
27.32	2.484	
27.34	2.484	
27.36	2.484	
27.38	2.484	
27.4	2.484	
27.42	2.484	
27.44	2.484	
27.46	2.484	
27.48	2.484	
27.5	2.484	
27.52	2.484	
27.54	2.484	
27.56	2.484	
27.58	2.484	
27.6	2.484	
27.62	2.484	
27.64	2.484	
27.66	2.484	
27.68	2.484	
27.7	2.484	
27.72	2.484	
27.74	2.484	
27.76	2.484	
27.78	2.484	
27.8	2.484	
27.82	2.484	
27.84	2.484	
27.86	2.484	
27.88	2.484	
27.9	2.484	
27.92	2.484	
27.94	2.484	
27.96	2.484	
27.98	2.484	
28	2.484	
28.02	2.484	
28.04	2.484	
28.06	2.484	
28.08	2.484	
28.1	2.484	
28.12	2.484	
28.14	2.484	
28.16	2.484	
28.18	2.484	
28.2	2.484	
28.22	2.484	
28.24	2.484	
28.26	2.484	
28.28	2.484	
28.3	2.484	
28.32	2.484	
28.34	2.484	
28.36	2.484	
28.38	2.484	
28.4	2.484	
28.42	2.484	
28.44	2.484	
28.46	2.484	
28.48	2.484	
28.5	2.484	
28.52	2.484	
28.54	2.484	
28.56	2.484	
28.58	2.484	
28.6	2.484	
28.62	2.484	
28.64	2.484	
28.66	2.484	
28.68	2.484	
28.7	2.484	
28.72	2.484	
28.74	2.484	
28.76	2.484	
28.78	2.484	
28.8	2.484	
28.82	2.484	
28.84	2.484	
28.86	2.484	
28.88	2.484	
28.9	2.484	
28.92	2.484	
28.94	2.484	
28.96	2.484	
28.98	2.484	
29	2.484	
29.02	2.484	
29.04	2.484	
29.06	2.484	
29.08	2.484	
29.1	2.484	
29.12	2.484	
29.14	2.484	
29.16	2.484	
29.18	2.484	
29.2	2.484	
29.22	2.484	
29.24	2.484	
29.26	2.484	
29.28	2.484	
29.3	2.484	
29.32	2.484	
29.34	2.484	
29.36	2.484	
29.38	2.484	
29.4	2.484	
29.42	2.484	
29.44	2.484	
29.46	2.484	
29.48	2.484	
29.5	2.484	
29.52	2.484	
29.54	2.484	
29.56	2.484	
29.58	2.484	
29.6	2.484	
29.62	2.484	
29.64	2.484	
29.66	2.484	
29.68	2.484	
29.7	2.484	
29.72	2.484	
29.74	2.484	
29.76	2.484	
29.78	2.484	
29.8	2.484	
29.82	2.484	
29.84	2.484	
29.86	2.484	
29.88	2.484	
29.9	2.484	
29.92	2.484	
29.94	2.484	
29.96	2.484	
29.98	2.484	
30	2.484	
