	120.000000	4.896000	-43.400000
	120.020000	4.008000	-44.000000
	120.040000	3.084000	-45.000000
	120.060000	2.148000	-45.800000
	120.080000	1.200000	-46.800000
	120.100000	0.252000	-47.200000
	120.120000	-0.708000	-47.600000
	120.140000	-1.692000	-48.200000
	120.160000	-2.688000	-49.000000
	120.180000	-3.696000	-49.800000
	120.200000	-4.692000	-50.000000
	120.220000	-5.688000	-50.000000
	120.240000	-6.672000	-49.600000
	120.260000	-7.668000	-49.600000
	120.280000	-8.676000	-49.800000
	120.300000	-9.684000	-50.200000
	120.320000	-10.668000	-50.000000
	120.340000	-11.640000	-49.400000
	120.360000	-12.624000	-49.000000
	120.380000	-13.608000	-49.000000
	120.400000	-14.580000	-49.000000
	120.420000	-15.540000	-48.600000
	120.440000	-16.488000	-48.000000
	120.460000	-17.412000	-47.200000
	120.480000	-18.300000	-46.000000
	120.500000	-19.176000	-44.800000
	120.520000	-20.052000	-44.000000
	120.540000	-20.904000	-43.400000
	120.560000	-21.720000	-42.400000
	120.580000	-22.512000	-41.000000
	120.600000	-23.280000	-39.600000
	120.620000	-24.024000	-38.400000
	120.640000	-24.732000	-37.000000
	120.660000	-25.404000	-35.400000
	120.680000	-26.052000	-33.800000
	120.700000	-26.664000	-32.200000
	120.720000	-27.264000	-31.000000
	120.740000	-27.828000	-29.600000
	120.760000	-28.356000	-28.200000
	120.780000	-28.824000	-26.000000
	120.800000	-29.268000	-24.000000
	120.820000	-29.688000	-22.200000
	120.840000	-30.072000	-20.800000
	120.860000	-30.408000	-19.000000
	120.880000	-30.696000	-16.800000
	120.900000	-30.948000	-14.600000
	120.920000	-31.176000	-12.800000
	120.940000	-31.368000	-11.200000
	120.960000	-31.512000	-9.400000
	120.980000	-31.608000	-7.200000
	121.000000	-31.668000	-5.000000
	121.020000	-31.704000	-3.200000
	121.040000	-31.704000	-1.600000
	121.060000	-31.668000	0.000000
	121.080000	-31.608000	1.600000
	121.100000	-31.512000	3.200000
	121.120000	-31.392000	4.600000
	121.140000	-31.248000	6.000000
	121.160000	-31.092000	7.000000
	121.180000	-30.912000	8.000000
	121.200000	-30.708000	9.000000
	121.220000	-30.480000	10.200000
	121.240000	-30.252000	11.000000
	121.260000	-30.012000	11.600000
	121.280000	-29.760000	12.000000
	121.300000	-29.496000	12.600000
	121.320000	-29.232000	13.000000
	121.340000	-28.980000	13.000000
	121.360000	-28.716000	13.000000
	121.380000	-28.440000	13.200000
	121.400000	-28.152000	13.800000
	121.420000	-27.864000	14.200000
	121.440000	-27.588000	14.200000
	121.460000	-27.312000	14.000000
	121.480000	-27.036000	13.800000
	121.500000	-26.760000	13.800000
	121.520000	-26.484000	13.800000
	121.540000	-26.232000	13.400000
	121.560000	-25.980000	13.000000
	121.580000	-25.752000	12.200000
	121.600000	-25.524000	11.800000
	121.620000	-25.320000	11.000000
	121.640000	-25.128000	10.400000
	121.660000	-24.960000	9.400000
	121.680000	-24.804000	8.600000
	121.700000	-24.672000	7.600000
	121.720000	-24.564000	6.600000
	121.740000	-24.480000	5.400000
	121.760000	-24.420000	4.200000
	121.780000	-24.384000	3.000000
	121.800000	-24.384000	1.600000
	121.820000	-24.408000	0.200000
	121.840000	-24.456000	-1.200000
	121.860000	-24.528000	-2.400000
	121.880000	-24.636000	-3.800000
	121.900000	-24.768000	-5.200000
	121.920000	-24.924000	-6.600000
	121.940000	-25.104000	-7.800000
	121.960000	-25.320000	-9.200000
	121.980000	-25.560000	-10.600000
	122.000000	-25.836000	-12.200000
	122.020000	-26.136000	-13.600000
	122.040000	-26.460000	-15.000000
	122.060000	-26.808000	-16.200000
	122.080000	-27.180000	-17.400000
	122.100000	-27.600000	-19.000000
	122.120000	-28.044000	-20.600000
	122.140000	-28.524000	-22.400000
	122.160000	-29.028000	-23.800000
	122.180000	-29.580000	-25.600000
	122.200000	-30.168000	-27.400000
	122.220000	-30.780000	-29.200000
	122.240000	-31.404000	-30.400000
	122.260000	-32.052000	-31.400000
	122.280000	-32.736000	-32.600000
	122.300000	-33.468000	-34.400000
	122.320000	-34.212000	-36.000000
	122.340000	-34.980000	-37.400000
	122.360000	-35.784000	-38.600000
	122.380000	-36.624000	-40.200000
	122.400000	-37.476000	-41.600000
	122.420000	-38.316000	-42.200000
	122.440000	-39.204000	-43.000000
	122.460000	-40.116000	-44.000000
	122.480000	-41.052000	-45.600000
	122.500000	-41.976000	-46.200000
	122.520000	-42.924000	-46.800000
	122.540000	-43.896000	-47.400000
	122.560000	-44.880000	-48.400000
	122.580000	-45.876000	-49.200000
	122.600000	-46.860000	-49.400000
	122.620000	-47.880000	-50.000000
	122.640000	-48.888000	-50.200000
	122.660000	-49.908000	-50.800000
	122.680000	-50.904000	-50.400000
	122.700000	-51.924000	-50.600000
	122.720000	-52.908000	-50.000000
	122.740000	-53.868000	-49.400000
	122.760000	-54.804000	-48.000000
	122.780000	-55.764000	-47.600000
	122.800000	-56.700000	-47.200000
	122.820000	-57.624000	-47.000000
	122.840000	-58.488000	-45.400000
	122.860000	-59.340000	-44.000000
	122.880000	-60.156000	-42.200000
	122.900000	-60.960000	-41.200000
	122.920000	-61.716000	-39.600000
	122.940000	-62.412000	-37.600000
	122.960000	-63.072000	-35.200000
	122.980000	-63.684000	-32.800000
	123.000000	-64.236000	-30.400000
	123.020000	-64.728000	-27.600000
	123.040000	-65.172000	-24.800000
	123.060000	-65.568000	-22.200000
	123.080000	-65.892000	-19.400000
	123.100000	-66.156000	-16.400000
	123.120000	-66.348000	-13.000000
	123.140000	-66.480000	-9.800000
	123.160000	-66.540000	-6.400000
	123.180000	-66.528000	-3.000000
	123.200000	-66.444000	0.600000
	123.220000	-66.288000	4.200000
	123.240000	-66.060000	7.800000
	123.260000	-65.772000	11.200000
	123.280000	-65.412000	14.600000
	123.300000	-65.004000	17.600000
	123.320000	-64.536000	20.600000
	123.340000	-64.008000	23.400000
	123.360000	-63.408000	26.600000
	123.380000	-62.736000	30.000000
	123.400000	-62.004000	33.400000
	123.420000	-61.224000	36.400000
	123.440000	-60.360000	39.600000
	123.460000	-59.448000	42.600000
	123.480000	-58.476000	45.800000
	123.500000	-57.468000	48.200000
	123.520000	-56.388000	51.000000
	123.540000	-55.248000	53.800000
	123.560000	-54.072000	56.600000
	123.580000	-52.848000	59.000000
	123.600000	-51.600000	60.800000
	123.620000	-50.292000	63.000000
	123.640000	-48.972000	64.600000
	123.660000	-47.592000	66.800000
	123.680000	-46.188000	68.400000
	123.700000	-44.748000	70.400000
	123.720000	-43.260000	72.200000
	123.740000	-41.760000	73.800000
	123.760000	-40.212000	75.600000
	123.780000	-38.688000	76.200000
	123.800000	-37.116000	77.400000
	123.820000	-35.532000	78.000000
	123.840000	-33.924000	79.400000
	123.860000	-32.316000	80.000000
	123.880000	-30.696000	80.600000
	123.900000	-29.064000	81.000000
	123.920000	-27.384000	82.200000
	123.940000	-25.704000	83.200000
	123.960000	-24.012000	84.200000
	123.980000	-22.332000	84.200000
	124.000000	-20.628000	84.600000
	124.020000	-18.924000	84.800000
	124.040000	-17.208000	85.400000
	124.060000	-15.492000	85.600000
	124.080000	-13.764000	86.000000
	124.100000	-12.060000	85.800000
	124.120000	-10.320000	86.200000
	124.140000	-8.604000	86.000000
	124.160000	-6.840000	87.000000
	124.180000	-5.088000	87.200000
	124.200000	-3.312000	88.200000
	124.220000	-1.548000	88.200000
	124.240000	0.180000	87.800000
	124.260000	1.932000	87.400000
	124.280000	3.660000	86.800000
	124.300000	5.412000	87.200000
	124.320000	7.176000	87.400000
	124.340000	8.928000	87.800000
	124.360000	10.704000	88.200000
	124.380000	12.420000	87.400000
	124.400000	14.184000	87.600000
	124.420000	15.900000	86.600000
	124.440000	17.640000	87.000000
	124.460000	19.380000	86.600000
	124.480000	21.084000	86.400000
	124.500000	22.812000	86.200000
	124.520000	24.504000	85.400000
	124.540000	26.232000	85.800000
	124.560000	27.936000	85.400000
	124.580000	29.640000	85.600000
	124.600000	31.332000	85.000000
	124.620000	33.024000	84.800000
	124.640000	34.680000	84.000000
	124.660000	36.348000	83.600000
	124.680000	38.004000	83.000000
	124.700000	39.648000	82.800000
	124.720000	41.268000	82.000000
	124.740000	42.876000	81.200000
	124.760000	44.460000	80.200000
	124.780000	46.008000	79.000000
	124.800000	47.544000	77.800000
	124.820000	49.056000	76.600000
	124.840000	50.544000	75.600000
	124.860000	51.996000	74.200000
	124.880000	53.412000	72.600000
	124.900000	54.804000	71.000000
	124.920000	56.136000	69.000000
	124.940000	57.432000	67.000000
	124.960000	58.656000	64.200000
	124.980000	59.832000	61.600000
	125.000000	60.948000	58.600000
	125.020000	62.028000	56.200000
	125.040000	63.036000	53.400000
	125.060000	64.008000	51.000000
	125.080000	64.908000	48.000000
	125.100000	65.748000	45.200000
	125.120000	66.504000	41.600000
	125.140000	67.188000	38.000000
	125.160000	67.800000	34.200000
	125.180000	68.328000	30.400000
	125.200000	68.784000	26.600000
	125.220000	69.156000	22.600000
	125.240000	69.456000	18.800000
	125.260000	69.672000	14.800000
	125.280000	69.804000	10.800000
	125.300000	69.864000	6.800000
	125.320000	69.840000	2.800000
	125.340000	69.744000	-1.000000
	125.360000	69.564000	-5.000000
	125.380000	69.312000	-8.800000
	125.400000	68.988000	-12.600000
	125.420000	68.604000	-16.000000
	125.440000	68.148000	-19.400000
	125.460000	67.632000	-22.600000
	125.480000	67.044000	-26.000000
	125.500000	66.408000	-29.000000
	125.520000	65.700000	-32.200000
	125.540000	64.944000	-35.000000
	125.560000	64.140000	-37.800000
	125.580000	63.276000	-40.400000
	125.600000	62.364000	-43.000000
	125.620000	61.392000	-45.800000
	125.640000	60.408000	-47.800000
	125.660000	59.364000	-50.000000
	125.680000	58.284000	-51.800000
	125.700000	57.168000	-54.000000
	125.720000	56.040000	-55.400000
	125.740000	54.876000	-56.800000
	125.760000	53.712000	-57.600000
	125.780000	52.512000	-58.800000
	125.800000	51.300000	-59.600000
	125.820000	50.040000	-61.200000
	125.840000	48.792000	-62.000000
	125.860000	47.496000	-63.400000
	125.880000	46.212000	-63.800000
	125.900000	44.928000	-64.400000
	125.920000	43.680000	-63.600000
	125.940000	42.420000	-63.200000
	125.960000	41.136000	-63.200000
	125.980000	39.852000	-63.800000
	126.000000	38.580000	-64.000000
	126.020000	37.308000	-63.800000
	126.040000	36.048000	-63.400000
	126.060000	34.800000	-63.000000
	126.080000	33.588000	-62.000000
	126.100000	32.388000	-61.000000
	126.120000	31.188000	-60.200000
	126.140000	29.976000	-60.200000
	126.160000	28.788000	-60.000000
	126.180000	27.636000	-59.200000
	126.200000	26.508000	-57.800000
	126.220000	25.416000	-56.200000
	126.240000	24.324000	-55.200000
	126.260000	23.280000	-53.800000
	126.280000	22.236000	-53.000000
	126.300000	21.228000	-51.600000
	126.320000	20.220000	-51.000000
	126.340000	19.272000	-49.400000
	126.360000	18.336000	-48.200000
	126.380000	17.436000	-46.400000
	126.400000	16.536000	-45.600000
	126.420000	15.672000	-44.400000
	126.440000	14.844000	-43.200000
	126.460000	14.040000	-41.600000
	126.480000	13.260000	-40.200000
	126.500000	12.516000	-38.800000
	126.520000	11.820000	-37.000000
	126.540000	11.148000	-35.200000
	126.560000	10.512000	-33.400000
	126.580000	9.888000	-32.200000
	126.600000	9.312000	-30.600000
	126.620000	8.748000	-29.400000
	126.640000	8.232000	-27.600000
	126.660000	7.752000	-26.000000
	126.680000	7.308000	-24.000000
	126.700000	6.888000	-22.400000
	126.720000	6.492000	-21.000000
	126.740000	6.144000	-19.400000
	126.760000	5.820000	-17.800000
	126.780000	5.532000	-16.000000
	126.800000	5.268000	-14.600000
	126.820000	5.040000	-13.000000
	126.840000	4.836000	-11.600000
	126.860000	4.668000	-10.000000
	126.880000	4.524000	-8.600000
	126.900000	4.416000	-7.000000
	126.920000	4.332000	-5.600000
	126.940000	4.284000	-4.000000
	126.960000	4.260000	-2.600000
	126.980000	4.248000	-1.400000
	127.000000	4.260000	-0.400000
	127.020000	4.284000	0.400000
	127.040000	4.332000	1.400000
	127.060000	4.404000	2.400000
	127.080000	4.500000	3.600000
	127.100000	4.608000	4.600000
	127.120000	4.716000	5.200000
	127.140000	4.836000	5.600000
	127.160000	4.968000	6.000000
	127.180000	5.100000	6.400000
	127.200000	5.244000	6.800000
	127.220000	5.388000	7.000000
	127.240000	5.544000	7.400000
	127.260000	5.688000	7.400000
	127.280000	5.820000	7.200000
	127.300000	5.952000	6.800000
	127.320000	6.072000	6.400000
	127.340000	6.192000	6.200000
	127.360000	6.300000	5.800000
	127.380000	6.396000	5.400000
	127.400000	6.480000	4.800000
	127.420000	6.552000	4.200000
	127.440000	6.612000	3.600000
	127.460000	6.660000	3.000000
	127.480000	6.696000	2.400000
	127.500000	6.720000	1.800000
	127.520000	6.720000	1.000000
	127.540000	6.696000	-1.482148E-14
	127.560000	6.660000	-1.000000
	127.580000	6.612000	-1.800000
	127.600000	6.540000	-2.600000
	127.620000	6.444000	-3.600000
	127.640000	6.324000	-4.800000
	127.660000	6.204000	-5.600000
	127.680000	6.060000	-6.400000
	127.700000	5.892000	-7.200000
	127.720000	5.688000	-8.600000
	127.740000	5.472000	-9.800000
	127.760000	5.232000	-11.000000
	127.780000	4.980000	-11.800000
	127.800000	4.692000	-13.000000
	127.820000	4.392000	-14.000000
	127.840000	4.044000	-15.600000
	127.860000	3.672000	-17.000000
	127.880000	3.264000	-18.800000
	127.900000	2.844000	-20.000000
	127.920000	2.400000	-21.200000
	127.940000	1.932000	-22.200000
	127.960000	1.416000	-23.800000
	127.980000	0.864000	-25.600000
	128.000000	0.276000	-27.600000
	128.020000	-0.324000	-29.000000
	128.040000	-0.972000	-30.600000
	128.060000	-1.656000	-32.200000
	128.080000	-2.376000	-34.200000
	128.100000	-3.120000	-35.800000
	128.120000	-3.912000	-37.600000
	128.140000	-4.728000	-39.200000
	128.160000	-5.604000	-41.400000
	128.180000	-6.468000	-42.600000
	128.200000	-7.392000	-44.400000
	128.220000	-8.328000	-45.400000
	128.240000	-9.348000	-48.000000
	128.260000	-10.380000	-49.800000
	128.280000	-11.448000	-52.000000
	128.300000	-12.540000	-53.200000
	128.320000	-13.680000	-55.000000
	128.340000	-14.844000	-56.600000
	128.360000	-16.044000	-58.400000
	128.380000	-17.268000	-59.800000
	128.400000	-18.516000	-61.200000
	128.420000	-19.788000	-62.400000
	128.440000	-21.084000	-63.600000
	128.460000	-22.428000	-65.200000
	128.480000	-23.796000	-66.800000
	128.500000	-25.188000	-68.400000
	128.520000	-26.604000	-69.600000
	128.540000	-28.020000	-70.400000
	128.560000	-29.484000	-71.600000
	128.580000	-30.960000	-72.600000
	128.600000	-32.460000	-74.000000
	128.620000	-33.960000	-74.600000
	128.640000	-35.448000	-74.800000
	128.660000	-36.972000	-75.200000
	128.680000	-38.520000	-76.000000
	128.700000	-40.056000	-76.800000
	128.720000	-41.580000	-76.800000
	128.740000	-43.068000	-75.800000
	128.760000	-44.592000	-75.600000
	128.780000	-46.104000	-75.400000
	128.800000	-47.628000	-76.000000
	128.820000	-49.104000	-75.200000
	128.840000	-50.568000	-74.400000
	128.860000	-51.972000	-72.400000
	128.880000	-53.376000	-71.200000
	128.900000	-54.744000	-69.600000
	128.920000	-56.088000	-68.600000
	128.940000	-57.384000	-66.800000
	128.960000	-58.608000	-64.400000
	128.980000	-59.796000	-61.800000
	129.000000	-60.948000	-59.400000
	129.020000	-62.028000	-57.000000
	129.040000	-63.048000	-54.200000
	129.060000	-63.972000	-50.400000
	129.080000	-64.848000	-47.000000
	129.100000	-65.640000	-43.200000
	129.120000	-66.360000	-39.800000
	129.140000	-67.008000	-36.000000
	129.160000	-67.560000	-32.000000
	129.180000	-68.028000	-27.800000
	129.200000	-68.388000	-23.000000
	129.220000	-68.664000	-18.400000
	129.240000	-68.844000	-13.600000
	129.260000	-68.928000	-9.000000
	129.280000	-68.916000	-4.200000
	129.300000	-68.808000	0.600000
	129.320000	-68.616000	5.200000
	129.340000	-68.328000	9.800000
	129.360000	-67.956000	14.200000
	129.380000	-67.488000	18.800000
	129.400000	-66.948000	23.000000
	129.420000	-66.312000	27.400000
	129.440000	-65.604000	31.400000
	129.460000	-64.812000	35.600000
	129.480000	-63.936000	39.600000
	129.500000	-62.976000	43.800000
	129.520000	-61.932000	48.000000
	129.540000	-60.852000	51.400000
	129.560000	-59.688000	54.800000
	129.580000	-58.476000	57.600000
	129.600000	-57.180000	61.200000
	129.620000	-55.848000	64.000000
	129.640000	-54.432000	67.400000
	129.660000	-52.980000	70.000000
	129.680000	-51.468000	73.000000
	129.700000	-49.944000	74.800000
	129.720000	-48.360000	77.000000
	129.740000	-46.740000	78.800000
	129.760000	-45.096000	80.800000
	129.780000	-43.416000	82.400000
	129.800000	-41.712000	83.800000
	129.820000	-39.984000	85.200000
	129.840000	-38.232000	86.400000
	129.860000	-36.492000	87.000000
	129.880000	-34.704000	88.000000
	129.900000	-32.904000	88.800000
	129.920000	-31.092000	90.000000
	129.940000	-29.268000	90.600000
	129.960000	-27.444000	91.000000
	129.980000	-25.608000	91.400000
	130.000000	-23.784000	91.400000
	130.020000	-21.972000	91.200000
	130.040000	-20.148000	91.000000
	130.060000	-18.312000	91.200000
	130.080000	-16.464000	91.800000
	130.100000	-14.604000	92.400000
	130.120000	-12.804000	91.800000
	130.140000	-10.980000	91.400000
	130.160000	-9.204000	90.000000
	130.180000	-7.404000	90.000000
	130.200000	-5.640000	89.000000
	130.220000	-3.864000	89.000000
	130.240000	-2.088000	88.600000
	130.260000	-0.336000	88.400000
	130.280000	1.416000	88.000000
	130.300000	3.192000	88.000000
	130.320000	4.920000	87.600000
	130.340000	6.636000	87.000000
	130.360000	8.340000	85.800000
	130.380000	10.032000	85.200000
	130.400000	11.712000	84.600000
	130.420000	13.356000	83.600000
	130.440000	15.012000	83.000000
	130.460000	16.644000	82.200000
	130.480000	18.228000	81.200000
	130.500000	19.848000	80.600000
	130.520000	21.408000	79.400000
	130.540000	23.004000	79.600000
	130.560000	24.552000	78.400000
	130.580000	26.088000	78.000000
	130.600000	27.564000	76.000000
	130.620000	29.004000	74.200000
	130.640000	30.456000	72.800000
	130.660000	31.908000	72.400000
	130.680000	33.348000	72.400000
	130.700000	34.752000	71.600000
	130.720000	36.132000	70.400000
	130.740000	37.464000	68.600000
	130.760000	38.796000	67.400000
	130.780000	40.080000	65.800000
	130.800000	41.352000	64.800000
	130.820000	42.588000	63.200000
	130.840000	43.800000	62.000000
	130.860000	44.976000	60.400000
	130.880000	46.104000	58.600000
	130.900000	47.196000	56.600000
	130.920000	48.264000	54.800000
	130.940000	49.284000	53.000000
	130.960000	50.244000	50.800000
	130.980000	51.156000	48.200000
	131.000000	52.020000	45.600000
	131.020000	52.860000	43.600000
	131.040000	53.664000	41.800000
	131.060000	54.420000	40.000000
	131.080000	55.128000	37.800000
	131.100000	55.752000	34.800000
	131.120000	56.340000	32.000000
	131.140000	56.868000	29.000000
	131.160000	57.348000	26.600000
	131.180000	57.780000	24.000000
	131.200000	58.152000	21.400000
	131.220000	58.476000	18.800000
	131.240000	58.740000	16.000000
	131.260000	58.956000	13.400000
	131.280000	59.112000	10.600000
	131.300000	59.220000	8.000000
	131.320000	59.268000	5.200000
	131.340000	59.268000	2.600000
	131.360000	59.208000	-0.200000
	131.380000	59.100000	-2.800000
	131.400000	58.956000	-5.200000
	131.420000	58.764000	-7.400000
	131.440000	58.536000	-9.400000
	131.460000	58.260000	-11.600000
	131.480000	57.948000	-13.600000
	131.500000	57.588000	-15.800000
	131.520000	57.204000	-17.600000
	131.540000	56.784000	-19.400000
	131.560000	56.340000	-20.800000
	131.580000	55.872000	-22.200000
	131.600000	55.380000	-23.400000
	131.620000	54.852000	-24.800000
	131.640000	54.288000	-26.400000
	131.660000	53.712000	-27.800000
	131.680000	53.136000	-28.600000
	131.700000	52.524000	-29.400000
	131.720000	51.900000	-30.200000
	131.740000	51.264000	-31.200000
	131.760000	50.628000	-31.600000
	131.780000	49.980000	-32.000000
	131.800000	49.320000	-32.400000
	131.820000	48.660000	-32.800000
	131.840000	48.000000	-33.000000
	131.860000	47.340000	-33.000000
	131.880000	46.692000	-32.800000
	131.900000	46.044000	-32.600000
	131.920000	45.384000	-32.600000
	131.940000	44.748000	-32.400000
	131.960000	44.112000	-32.200000
	131.980000	43.512000	-31.200000
	132.000000	42.900000	-30.800000
	132.020000	42.324000	-29.800000
	132.040000	41.748000	-29.400000
	132.060000	41.196000	-28.400000
	132.080000	40.668000	-27.600000
	132.100000	40.164000	-26.400000
	132.120000	39.696000	-25.000000
	132.140000	39.228000	-24.000000
	132.160000	38.796000	-22.800000
	132.180000	38.376000	-22.000000
	132.200000	38.004000	-20.400000
	132.220000	37.656000	-19.000000
	132.240000	37.344000	-17.200000
	132.260000	37.056000	-15.800000
	132.280000	36.804000	-14.200000
	132.300000	36.588000	-12.600000
	132.320000	36.396000	-11.000000
	132.340000	36.240000	-9.400000
	132.360000	36.120000	-7.800000
	132.380000	36.048000	-5.800000
	132.400000	36.012000	-3.800000
	132.420000	36.012000	-1.800000
	132.440000	36.048000	0.000000
	132.460000	36.108000	1.600000
	132.480000	36.204000	3.200000
	132.500000	36.336000	4.800000
	132.520000	36.516000	6.800000
	132.540000	36.720000	8.600000
	132.560000	36.960000	10.400000
	132.580000	37.224000	11.800000
	132.600000	37.524000	13.400000
	132.620000	37.848000	14.800000
	132.640000	38.196000	16.200000
	132.660000	38.568000	17.400000
	132.680000	38.976000	18.800000
	132.700000	39.420000	20.400000
	132.720000	39.900000	22.200000
	132.740000	40.392000	23.600000
	132.760000	40.920000	25.000000
	132.780000	41.472000	26.200000
	132.800000	42.060000	27.800000
	132.820000	42.660000	29.000000
	132.840000	43.296000	30.400000
	132.860000	43.932000	31.200000
	132.880000	44.616000	32.600000
	132.900000	45.300000	33.400000
	132.920000	46.032000	35.000000
	132.940000	46.764000	35.800000
	132.960000	47.532000	37.200000
	132.980000	48.288000	37.600000
	133.000000	49.056000	38.200000
	133.020000	49.824000	38.200000
	133.040000	50.604000	38.600000
	133.060000	51.396000	39.000000
	133.080000	52.188000	39.400000
	133.100000	52.992000	39.800000
	133.120000	53.784000	39.800000
	133.140000	54.588000	40.000000
	133.160000	55.380000	39.800000
	133.180000	56.160000	39.600000
	133.200000	56.928000	39.000000
	133.220000	57.684000	38.400000
	133.240000	58.428000	37.800000
	133.260000	59.136000	36.800000
	133.280000	59.820000	35.600000
	133.300000	60.480000	34.200000
	133.320000	61.116000	33.000000
	133.340000	61.740000	32.000000
	133.360000	62.316000	30.600000
	133.380000	62.856000	29.000000
	133.400000	63.348000	26.800000
	133.420000	63.816000	25.000000
	133.440000	64.236000	23.000000
	133.460000	64.620000	21.200000
	133.480000	64.956000	19.000000
	133.500000	65.232000	16.600000
	133.520000	65.448000	13.800000
	133.540000	65.616000	11.000000
	133.560000	65.748000	8.600000
	133.580000	65.820000	6.200000
	133.600000	65.832000	3.600000
	133.620000	65.784000	0.600000
	133.640000	65.688000	-2.200000
	133.660000	65.532000	-5.000000
	133.680000	65.316000	-7.800000
	133.700000	65.040000	-10.800000
	133.720000	64.728000	-13.400000
	133.740000	64.368000	-15.800000
	133.760000	63.948000	-18.200000
	133.780000	63.468000	-21.000000
	133.800000	62.940000	-23.800000
	133.820000	62.376000	-26.200000
	133.840000	61.752000	-28.600000
	133.860000	61.068000	-31.200000
	133.880000	60.336000	-34.000000
	133.900000	59.544000	-36.800000
	133.920000	58.728000	-39.000000
	133.940000	57.864000	-41.200000
	133.960000	56.964000	-43.000000
	133.980000	55.992000	-45.600000
	134.000000	54.996000	-47.800000
	134.020000	53.976000	-49.800000
	134.040000	52.920000	-51.200000
	134.060000	51.792000	-53.400000
	134.080000	50.640000	-55.600000
	134.100000	49.464000	-57.600000
	134.120000	48.288000	-58.400000
	134.140000	47.040000	-60.000000
	134.160000	45.780000	-61.400000
	134.180000	44.460000	-63.800000
	134.200000	43.128000	-65.200000
	134.220000	41.772000	-66.800000
	134.240000	40.392000	-67.800000
	134.260000	39.012000	-68.600000
	134.280000	37.608000	-69.400000
	134.300000	36.168000	-70.400000
	134.320000	34.680000	-72.200000
	134.340000	33.180000	-73.800000
	134.360000	31.680000	-74.800000
	134.380000	30.168000	-75.200000
	134.400000	28.632000	-75.800000
	134.420000	27.084000	-76.600000
	134.440000	25.512000	-77.600000
	134.460000	23.952000	-78.000000
	134.480000	22.380000	-78.400000
	134.500000	20.796000	-78.600000
	134.520000	19.176000	-79.600000
	134.540000	17.544000	-80.600000
	134.560000	15.900000	-81.600000
	134.580000	14.256000	-82.000000
	134.600000	12.624000	-82.000000
	134.620000	10.980000	-82.000000
	134.640000	9.276000	-83.000000
	134.660000	7.584000	-84.000000
	134.680000	5.868000	-85.200000
	134.700000	4.188000	-84.800000
	134.720000	2.484000	-85.000000
	134.740000	0.780000	-84.800000
	134.760000	-0.924000	-85.200000
	134.780000	-2.628000	-85.200000
	134.800000	-4.284000	-84.400000
	134.820000	-5.964000	-84.000000
	134.840000	-7.668000	-84.000000
	134.860000	-9.396000	-85.200000
	134.880000	-11.100000	-85.600000
	134.900000	-12.792000	-85.400000
	134.920000	-14.448000	-84.200000
	134.940000	-16.116000	-83.600000
	134.960000	-17.748000	-82.600000
	134.980000	-19.416000	-82.800000
	135.000000	-21.036000	-82.000000
	135.020000	-22.668000	-82.000000
	135.040000	-24.252000	-80.600000
	135.060000	-25.812000	-79.600000
	135.080000	-27.324000	-77.600000
	135.100000	-28.812000	-76.000000
	135.120000	-30.300000	-74.800000
	135.140000	-31.752000	-73.800000
	135.160000	-33.168000	-72.600000
	135.180000	-34.548000	-70.800000
	135.200000	-35.904000	-69.200000
	135.220000	-37.212000	-67.400000
	135.240000	-38.460000	-65.200000
	135.260000	-39.684000	-63.000000
	135.280000	-40.860000	-60.800000
	135.300000	-42.012000	-59.200000
	135.320000	-43.092000	-56.800000
	135.340000	-44.124000	-54.400000
	135.360000	-45.096000	-51.400000
	135.380000	-46.020000	-48.800000
	135.400000	-46.872000	-45.800000
	135.420000	-47.664000	-42.800000
	135.440000	-48.384000	-39.400000
	135.460000	-49.068000	-36.600000
	135.480000	-49.680000	-33.600000
	135.500000	-50.232000	-30.800000
	135.520000	-50.712000	-27.400000
	135.540000	-51.120000	-24.000000
	135.560000	-51.480000	-20.800000
	135.580000	-51.768000	-17.600000
	135.600000	-51.996000	-14.600000
	135.620000	-52.140000	-11.000000
	135.640000	-52.224000	-7.600000
	135.660000	-52.248000	-4.200000
	135.680000	-52.224000	-1.400000
	135.700000	-52.128000	1.600000
	135.720000	-51.972000	4.600000
	135.740000	-51.768000	7.600000
	135.760000	-51.516000	10.200000
	135.780000	-51.228000	12.400000
	135.800000	-50.880000	14.800000
	135.820000	-50.508000	16.800000
	135.840000	-50.088000	19.000000
	135.860000	-49.632000	20.800000
	135.880000	-49.128000	23.000000
	135.900000	-48.600000	24.800000
	135.920000	-48.060000	26.200000
	135.940000	-47.472000	27.600000
	135.960000	-46.860000	29.000000
	135.980000	-46.212000	30.800000
	136.000000	-45.552000	32.000000
	136.020000	-44.892000	32.800000
	136.040000	-44.196000	33.600000
	136.060000	-43.488000	34.400000
	136.080000	-42.768000	35.400000
	136.100000	-42.048000	35.800000
	136.120000	-41.340000	35.800000
	136.140000	-40.608000	36.000000
	136.160000	-39.888000	36.000000
	136.180000	-39.168000	36.200000
	136.200000	-38.448000	36.000000
	136.220000	-37.728000	36.000000
	136.240000	-37.032000	35.600000
	136.260000	-36.336000	35.200000
	136.280000	-35.664000	34.400000
	136.300000	-35.004000	33.800000
	136.320000	-34.380000	32.600000
	136.340000	-33.780000	31.400000
	136.360000	-33.204000	30.000000
	136.380000	-32.652000	28.800000
	136.400000	-32.124000	27.600000
	136.420000	-31.632000	26.200000
	136.440000	-31.164000	24.800000
	136.460000	-30.732000	23.200000
	136.480000	-30.324000	21.800000
	136.500000	-29.964000	20.000000
	136.520000	-29.640000	18.200000
	136.540000	-29.352000	16.200000
	136.560000	-29.100000	14.400000
	136.580000	-28.896000	12.400000
	136.600000	-28.740000	10.200000
	136.620000	-28.632000	7.800000
	136.640000	-28.560000	5.600000
	136.660000	-28.524000	3.600000
	136.680000	-28.536000	1.600000
	136.700000	-28.596000	-0.600000
	136.720000	-28.704000	-3.000000
	136.740000	-28.836000	-5.000000
	136.760000	-29.004000	-6.800000
	136.780000	-29.208000	-8.400000
	136.800000	-29.472000	-10.600000
	136.820000	-29.772000	-12.800000
	136.840000	-30.108000	-15.000000
	136.860000	-30.468000	-16.600000
	136.880000	-30.864000	-18.200000
	136.900000	-31.296000	-19.800000
	136.920000	-31.764000	-21.600000
	136.940000	-32.280000	-23.600000
	136.960000	-32.832000	-25.600000
	136.980000	-33.432000	-27.800000
	137.000000	-34.044000	-29.400000
	137.020000	-34.692000	-31.000000
	137.040000	-35.376000	-32.400000
	137.060000	-36.084000	-34.000000
	137.080000	-36.828000	-35.600000
	137.100000	-37.596000	-37.000000
	137.120000	-38.412000	-38.800000
	137.140000	-39.240000	-40.200000
	137.160000	-40.068000	-41.200000
	137.180000	-40.920000	-41.800000
	137.200000	-41.808000	-42.800000
	137.220000	-42.732000	-44.400000
	137.240000	-43.644000	-45.400000
	137.260000	-44.568000	-46.000000
	137.280000	-45.492000	-46.000000
	137.300000	-46.428000	-46.400000
	137.320000	-47.352000	-46.400000
	137.340000	-48.276000	-46.400000
	137.360000	-49.212000	-46.400000
	137.380000	-50.148000	-46.600000
	137.400000	-51.060000	-46.400000
	137.420000	-51.960000	-45.800000
	137.440000	-52.824000	-44.600000
	137.460000	-53.688000	-43.800000
	137.480000	-54.540000	-43.000000
	137.500000	-55.368000	-42.400000
	137.520000	-56.172000	-41.400000
	137.540000	-56.928000	-39.800000
	137.560000	-57.672000	-38.400000
	137.580000	-58.356000	-36.400000
	137.600000	-59.016000	-34.800000
	137.620000	-59.628000	-32.600000
	137.640000	-60.204000	-30.800000
	137.660000	-60.720000	-28.400000
	137.680000	-61.188000	-26.000000
	137.700000	-61.608000	-23.400000
	137.720000	-61.980000	-21.000000
	137.740000	-62.280000	-18.200000
	137.760000	-62.532000	-15.400000
	137.780000	-62.712000	-12.200000
	137.800000	-62.844000	-9.400000
	137.820000	-62.892000	-6.000000
	137.840000	-62.880000	-2.800000
	137.860000	-62.808000	0.600000
	137.880000	-62.676000	3.600000
	137.900000	-62.484000	6.600000
	137.920000	-62.220000	9.800000
	137.940000	-61.908000	12.800000
	137.960000	-61.524000	16.000000
	137.980000	-61.092000	18.800000
	138.000000	-60.600000	21.800000
	138.020000	-60.048000	24.600000
	138.040000	-59.436000	27.600000
	138.060000	-58.776000	30.400000
	138.080000	-58.068000	33.000000
	138.100000	-57.288000	35.800000
	138.120000	-56.436000	39.000000
	138.140000	-55.548000	42.000000
	138.160000	-54.612000	44.600000
	138.180000	-53.628000	46.800000
	138.200000	-52.608000	49.000000
	138.220000	-51.540000	51.200000
	138.240000	-50.424000	53.400000
	138.260000	-49.260000	55.800000
	138.280000	-48.060000	58.000000
	138.300000	-46.824000	60.000000
	138.320000	-45.540000	62.000000
	138.340000	-44.232000	63.800000
	138.360000	-42.912000	65.200000
	138.380000	-41.556000	66.400000
	138.400000	-40.140000	68.200000
	138.420000	-38.700000	70.200000
	138.440000	-37.236000	72.000000
	138.460000	-35.808000	72.200000
	138.480000	-34.356000	72.400000
	138.500000	-32.892000	72.400000
	138.520000	-31.380000	73.800000
	138.540000	-29.844000	75.200000
	138.560000	-28.308000	76.400000
	138.580000	-26.784000	76.600000
	138.600000	-25.248000	76.600000
	138.620000	-23.712000	76.600000
	138.640000	-22.140000	77.400000
	138.660000	-20.544000	78.400000
	138.680000	-18.936000	79.600000
	138.700000	-17.352000	79.800000
	138.720000	-15.756000	79.800000
	138.740000	-14.160000	79.600000
	138.760000	-12.540000	80.200000
	138.780000	-10.968000	79.800000
	138.800000	-9.396000	79.400000
	138.820000	-7.800000	79.000000
	138.840000	-6.204000	79.400000
	138.860000	-4.608000	79.800000
	138.880000	-3.036000	79.400000
	138.900000	-1.464000	79.000000
	138.920000	0.120000	78.800000
	138.940000	1.704000	79.000000
	138.960000	3.276000	79.000000
	138.980000	4.848000	78.800000
	139.000000	6.408000	78.400000
	139.020000	7.992000	78.600000
	139.040000	9.528000	78.000000
	139.060000	11.052000	77.400000
	139.080000	12.564000	76.200000
	139.100000	14.112000	76.400000
	139.120000	15.648000	76.600000
	139.140000	17.136000	76.200000
	139.160000	18.612000	75.000000
	139.180000	20.100000	74.200000
	139.200000	21.588000	74.200000
	139.220000	23.064000	74.200000
	139.240000	24.492000	73.200000
	139.260000	25.908000	72.000000
	139.280000	27.312000	70.800000
	139.300000	28.716000	70.400000
	139.320000	30.120000	70.200000
	139.340000	31.488000	69.600000
	139.360000	32.820000	68.400000
	139.380000	34.140000	67.000000
	139.400000	35.472000	66.400000
	139.420000	36.792000	66.200000
	139.440000	38.064000	65.400000
	139.460000	39.300000	63.800000
	139.480000	40.500000	61.800000
	139.500000	41.700000	60.600000
	139.520000	42.852000	59.200000
	139.540000	43.992000	58.200000
	139.560000	45.096000	56.600000
	139.580000	46.164000	55.200000
	139.600000	47.220000	53.800000
	139.620000	48.216000	52.000000
	139.640000	49.188000	50.400000
	139.660000	50.100000	48.000000
	139.680000	50.988000	46.200000
	139.700000	51.828000	44.000000
	139.720000	52.620000	42.000000
	139.740000	53.364000	39.600000
	139.760000	54.060000	37.200000
	139.780000	54.696000	34.600000
	139.800000	55.296000	32.200000
	139.820000	55.848000	29.800000
	139.840000	56.352000	27.600000
	139.860000	56.796000	25.000000
	139.880000	57.192000	22.400000
	139.900000	57.528000	19.600000
	139.920000	57.816000	17.000000
	139.940000	58.044000	14.200000
	139.960000	58.224000	11.600000
	139.980000	58.344000	8.800000
	140.000000	58.416000	6.200000
	140.020000	58.440000	3.600000
	140.040000	58.404000	1.000000
	140.060000	58.308000	-1.800000
	140.080000	58.164000	-4.600000
	140.100000	57.984000	-7.000000
	140.120000	57.768000	-9.000000
	140.140000	57.504000	-11.000000
	140.160000	57.192000	-13.200000
	140.180000	56.844000	-15.400000
	140.200000	56.460000	-17.400000
	140.220000	56.052000	-19.000000
	140.240000	55.596000	-20.800000
	140.260000	55.128000	-22.200000
	140.280000	54.612000	-24.000000
	140.300000	54.084000	-25.200000
	140.320000	53.520000	-26.800000
	140.340000	52.944000	-27.800000
	140.360000	52.332000	-29.200000
	140.380000	51.696000	-30.400000
	140.400000	51.036000	-31.800000
	140.420000	50.364000	-32.800000
	140.440000	49.680000	-33.600000
	140.460000	48.996000	-34.000000
	140.480000	48.288000	-34.600000
	140.500000	47.580000	-35.000000
	140.520000	46.848000	-35.800000
	140.540000	46.140000	-35.800000
	140.560000	45.408000	-36.200000
	140.580000	44.688000	-36.000000
	140.600000	43.956000	-36.400000
	140.620000	43.248000	-36.000000
	140.640000	42.540000	-35.800000
	140.660000	41.856000	-35.000000
	140.680000	41.160000	-34.800000
	140.700000	40.488000	-34.200000
	140.720000	39.804000	-34.200000
	140.740000	39.156000	-33.400000
	140.760000	38.508000	-33.000000
	140.780000	37.896000	-31.800000
	140.800000	37.296000	-31.000000
	140.820000	36.720000	-29.800000
	140.840000	36.168000	-28.800000
	140.860000	35.628000	-27.800000
	140.880000	35.124000	-26.600000
	140.900000	34.632000	-25.600000
	140.920000	34.176000	-24.200000
	140.940000	33.744000	-23.000000
	140.960000	33.348000	-21.400000
	140.980000	32.976000	-20.000000
	141.000000	32.640000	-18.400000
	141.020000	32.340000	-16.800000
	141.040000	32.076000	-15.000000
	141.060000	31.848000	-13.200000
	141.080000	31.644000	-11.600000
	141.100000	31.488000	-9.800000
	141.120000	31.356000	-8.200000
	141.140000	31.272000	-6.200000
	141.160000	31.212000	-4.600000
	141.180000	31.188000	-2.800000
	141.200000	31.200000	-1.200000
	141.220000	31.260000	0.800000
	141.240000	31.356000	2.800000
	141.260000	31.476000	4.600000
	141.280000	31.632000	6.200000
	141.300000	31.824000	7.800000
	141.320000	32.052000	9.600000
	141.340000	32.304000	11.200000
	141.360000	32.580000	12.600000
	141.380000	32.892000	14.000000
	141.400000	33.228000	15.400000
	141.420000	33.600000	17.000000
	141.440000	33.996000	18.400000
	141.460000	34.428000	20.000000
	141.480000	34.884000	21.400000
	141.500000	35.376000	23.000000
	141.520000	35.892000	24.400000
	141.540000	36.444000	26.000000
	141.560000	37.020000	27.400000
	141.580000	37.620000	28.800000
	141.600000	38.256000	30.200000
	141.620000	38.916000	31.600000
	141.640000	39.600000	33.000000
	141.660000	40.296000	34.000000
	141.680000	41.016000	35.000000
	141.700000	41.760000	36.000000
	141.720000	42.528000	37.200000
	141.740000	43.308000	38.200000
	141.760000	44.100000	39.000000
	141.780000	44.916000	39.800000
	141.800000	45.744000	40.600000
	141.820000	46.572000	41.200000
	141.840000	47.388000	41.200000
	141.860000	48.216000	41.200000
	141.880000	49.056000	41.400000
	141.900000	49.908000	42.000000
	141.920000	50.760000	42.400000
	141.940000	51.612000	42.600000
	141.960000	52.464000	42.600000
	141.980000	53.292000	42.200000
	142.000000	54.120000	41.800000
	142.020000	54.936000	41.200000
	142.040000	55.740000	40.800000
	142.060000	56.532000	40.200000
	142.080000	57.288000	39.200000
	142.100000	58.020000	38.000000
	142.120000	58.716000	36.400000
	142.140000	59.388000	35.000000
	142.160000	60.048000	33.800000
	142.180000	60.672000	32.600000
	142.200000	61.260000	31.200000
	142.220000	61.800000	29.200000
	142.240000	62.292000	27.000000
	142.260000	62.748000	24.800000
	142.280000	63.168000	22.800000
	142.300000	63.540000	20.800000
	142.320000	63.864000	18.600000
	142.340000	64.116000	15.800000
	142.360000	64.332000	13.200000
	142.380000	64.488000	10.400000
	142.400000	64.596000	8.000000
	142.420000	64.644000	5.200000
	142.440000	64.632000	2.400000
	142.460000	64.560000	-0.600000
	142.480000	64.428000	-3.600000
	142.500000	64.248000	-6.400000
	142.520000	64.020000	-9.000000
	142.540000	63.744000	-11.400000
	142.560000	63.408000	-14.000000
	142.580000	63.024000	-16.600000
	142.600000	62.580000	-19.400000
	142.620000	62.088000	-22.000000
	142.640000	61.536000	-24.800000
	142.660000	60.948000	-27.200000
	142.680000	60.300000	-29.800000
	142.700000	59.604000	-32.200000
	142.720000	58.860000	-34.800000
	142.740000	58.080000	-37.000000
	142.760000	57.252000	-39.200000
	142.780000	56.376000	-41.400000
	142.800000	55.452000	-43.800000
	142.820000	54.492000	-46.000000
	142.840000	53.496000	-48.000000
	142.860000	52.464000	-49.800000
	142.880000	51.408000	-51.400000
	142.900000	50.304000	-53.200000
	142.920000	49.164000	-55.000000
	142.940000	47.988000	-57.000000
	142.960000	46.788000	-58.600000
	142.980000	45.576000	-59.800000
	143.000000	44.304000	-61.400000
	143.020000	43.020000	-62.800000
	143.040000	41.712000	-64.400000
	143.060000	40.404000	-65.000000
	143.080000	39.048000	-66.200000
	143.100000	37.680000	-67.200000
	143.120000	36.288000	-68.600000
	143.140000	34.908000	-69.000000
	143.160000	33.492000	-69.800000
	143.180000	32.076000	-70.200000
	143.200000	30.624000	-71.400000
	143.220000	29.160000	-72.200000
	143.240000	27.672000	-73.400000
	143.260000	26.196000	-73.800000
	143.280000	24.696000	-74.400000
	143.300000	23.208000	-74.400000
	143.320000	21.696000	-75.000000
	143.340000	20.184000	-75.200000
	143.360000	18.636000	-76.200000
	143.380000	17.100000	-76.600000
	143.400000	15.552000	-77.200000
	143.420000	14.028000	-76.800000
	143.440000	12.492000	-76.800000
	143.460000	10.932000	-77.000000
	143.480000	9.372000	-77.600000
	143.500000	7.812000	-78.000000
	143.520000	6.276000	-77.600000
	143.540000	4.716000	-77.600000
	143.560000	3.168000	-77.400000
	143.580000	1.596000	-78.000000
	143.600000	0.084000	-77.200000
	143.620000	-1.464000	-77.200000
	143.640000	-2.952000	-75.800000
	143.660000	-4.488000	-76.200000
	143.680000	-6.012000	-75.800000
	143.700000	-7.548000	-76.600000
	143.720000	-9.048000	-76.000000
	143.740000	-10.536000	-75.400000
	143.760000	-11.988000	-74.000000
	143.780000	-13.452000	-73.400000
	143.800000	-14.892000	-72.600000
	143.820000	-16.320000	-72.200000
	143.840000	-17.736000	-71.400000
	143.860000	-19.116000	-70.400000
	143.880000	-20.472000	-69.200000
	143.900000	-21.768000	-67.200000
	143.920000	-23.052000	-65.600000
	143.940000	-24.324000	-64.200000
	143.960000	-25.584000	-63.600000
	143.980000	-26.796000	-62.400000
	144.000000	-27.960000	-60.600000
	144.020000	-29.088000	-58.400000
	144.040000	-30.216000	-57.000000
	144.060000	-31.296000	-55.600000
	144.080000	-32.352000	-54.400000
	144.100000	-33.336000	-52.000000
	144.120000	-34.284000	-49.800000
	144.140000	-35.184000	-47.200000
	144.160000	-36.048000	-45.200000
	144.180000	-36.876000	-43.200000
	144.200000	-37.656000	-41.200000
	144.220000	-38.376000	-38.800000
	144.240000	-39.060000	-36.400000
	144.260000	-39.684000	-33.800000
	144.280000	-40.272000	-31.600000
	144.300000	-40.800000	-29.000000
	144.320000	-41.292000	-26.800000
	144.340000	-41.724000	-24.200000
	144.360000	-42.108000	-21.800000
	144.380000	-42.432000	-19.000000
	144.400000	-42.708000	-16.400000
	144.420000	-42.936000	-13.800000
	144.440000	-43.104000	-11.200000
	144.460000	-43.236000	-8.800000
	144.480000	-43.320000	-6.400000
	144.500000	-43.356000	-4.200000
	144.520000	-43.332000	-1.600000
	144.540000	-43.272000	0.800000
	144.560000	-43.176000	3.000000
	144.580000	-43.056000	4.600000
	144.600000	-42.888000	6.400000
	144.620000	-42.696000	8.000000
	144.640000	-42.480000	9.600000
	144.660000	-42.240000	10.800000
	144.680000	-41.976000	12.000000
	144.700000	-41.688000	13.200000
	144.720000	-41.388000	14.200000
	144.740000	-41.076000	15.000000
	144.760000	-40.740000	15.800000
	144.780000	-40.392000	16.600000
	144.800000	-40.032000	17.400000
	144.820000	-39.672000	17.800000
	144.840000	-39.300000	18.200000
	144.860000	-38.928000	18.400000
	144.880000	-38.532000	19.000000
	144.900000	-38.148000	19.200000
	144.920000	-37.752000	19.600000
	144.940000	-37.380000	19.200000
	144.960000	-37.008000	19.000000
	144.980000	-36.636000	18.600000
	145.000000	-36.264000	18.600000
	145.020000	-35.892000	18.600000
	145.040000	-35.544000	18.200000
	145.060000	-35.220000	17.400000
	145.080000	-34.908000	16.400000
	145.100000	-34.620000	15.400000
	145.120000	-34.344000	14.600000
	145.140000	-34.092000	13.600000
	145.160000	-33.852000	12.800000
	145.180000	-33.648000	11.600000
	145.200000	-33.468000	10.400000
	145.220000	-33.324000	8.800000
	145.240000	-33.192000	7.600000
	145.260000	-33.108000	6.000000
	145.280000	-33.048000	4.600000
	145.300000	-33.024000	2.800000
	145.320000	-33.024000	1.400000
	145.340000	-33.060000	-0.200000
	145.360000	-33.132000	-1.800000
	145.380000	-33.240000	-3.600000
	145.400000	-33.372000	-5.200000
	145.420000	-33.540000	-6.800000
	145.440000	-33.720000	-8.000000
	145.460000	-33.936000	-9.400000
	145.480000	-34.176000	-10.600000
	145.500000	-34.452000	-12.200000
	145.520000	-34.752000	-13.600000
	145.540000	-35.076000	-15.000000
	145.560000	-35.436000	-16.400000
	145.580000	-35.820000	-17.800000
	145.600000	-36.240000	-19.400000
	145.620000	-36.684000	-20.800000
	145.640000	-37.152000	-22.200000
	145.660000	-37.644000	-23.400000
	145.680000	-38.172000	-24.800000
	145.700000	-38.724000	-26.200000
	145.720000	-39.312000	-27.800000
	145.740000	-39.912000	-29.000000
	145.760000	-40.560000	-30.600000
	145.780000	-41.208000	-31.600000
	145.800000	-41.880000	-32.800000
	145.820000	-42.552000	-33.200000
	145.840000	-43.248000	-34.000000
	145.860000	-43.968000	-34.800000
	145.880000	-44.700000	-35.800000
	145.900000	-45.444000	-36.600000
	145.920000	-46.188000	-37.000000
	145.940000	-46.956000	-37.600000
	145.960000	-47.712000	-37.800000
	145.980000	-48.480000	-38.200000
	146.000000	-49.236000	-38.000000
	146.020000	-50.004000	-38.200000
	146.040000	-50.760000	-38.000000
	146.060000	-51.516000	-38.000000
	146.080000	-52.260000	-37.600000
	146.100000	-52.992000	-37.200000
	146.120000	-53.712000	-36.600000
	146.140000	-54.432000	-36.200000
	146.160000	-55.116000	-35.400000
	146.180000	-55.776000	-34.400000
	146.200000	-56.412000	-33.000000
	146.220000	-57.036000	-32.000000
	146.240000	-57.624000	-30.800000
	146.260000	-58.164000	-29.200000
	146.280000	-58.680000	-27.400000
	146.300000	-59.172000	-25.800000
	146.320000	-59.640000	-24.600000
	146.340000	-60.048000	-22.800000
	146.360000	-60.408000	-20.600000
	146.380000	-60.720000	-18.000000
	146.400000	-60.996000	-15.800000
	146.420000	-61.224000	-13.600000
	146.440000	-61.392000	-11.200000
	146.460000	-61.512000	-8.600000
	146.480000	-61.572000	-5.800000
	146.500000	-61.584000	-3.200000
	146.520000	-61.536000	-0.400000
	146.540000	-61.440000	2.200000
	146.560000	-61.296000	4.800000
	146.580000	-61.104000	7.200000
	146.600000	-60.852000	9.800000
	146.620000	-60.552000	12.400000
	146.640000	-60.192000	15.200000
	146.660000	-59.796000	17.600000
	146.680000	-59.340000	20.200000
	146.700000	-58.848000	22.400000
	146.720000	-58.296000	25.000000
	146.740000	-57.708000	27.200000
	146.760000	-57.048000	30.000000
	146.780000	-56.364000	32.200000
	146.800000	-55.608000	35.000000
	146.820000	-54.816000	37.200000
	146.840000	-53.964000	40.000000
	146.860000	-53.076000	42.200000
	146.880000	-52.152000	44.400000
	146.900000	-51.168000	46.600000
	146.920000	-50.160000	48.600000
	146.940000	-49.116000	50.600000
	146.960000	-48.048000	52.000000
	146.980000	-46.920000	54.000000
	147.000000	-45.768000	55.800000
	147.020000	-44.556000	58.200000
	147.040000	-43.344000	59.600000
	147.060000	-42.084000	61.400000
	147.080000	-40.836000	62.000000
	147.100000	-39.552000	63.200000
	147.120000	-38.244000	64.000000
	147.140000	-36.900000	65.600000
	147.160000	-35.544000	66.800000
	147.180000	-34.164000	68.000000
	147.200000	-32.772000	68.800000
	147.220000	-31.332000	70.200000
	147.240000	-29.928000	70.600000
	147.260000	-28.500000	71.200000
	147.280000	-27.072000	71.000000
	147.300000	-25.584000	72.400000
	147.320000	-24.108000	73.200000
	147.340000	-22.620000	74.200000
	147.360000	-21.144000	74.000000
	147.380000	-19.644000	74.400000
	147.400000	-18.156000	74.400000
	147.420000	-16.620000	75.400000
	147.440000	-15.096000	75.800000
	147.460000	-13.548000	76.800000
	147.480000	-12.024000	76.600000
	147.500000	-10.500000	76.600000
	147.520000	-8.964000	76.400000
	147.540000	-7.452000	76.200000
	147.560000	-5.928000	76.200000
	147.580000	-4.416000	75.800000
	147.600000	-2.868000	76.400000
	147.620000	-1.308000	77.000000
	147.640000	0.264000	78.000000
	147.660000	1.800000	77.800000
	147.680000	3.336000	77.400000
	147.700000	4.860000	76.600000
	147.720000	6.396000	76.600000
	147.740000	7.908000	76.200000
	147.760000	9.396000	75.600000
	147.780000	10.908000	75.200000
	147.800000	12.432000	75.400000
	147.820000	13.956000	76.000000
	147.840000	15.432000	75.400000
	147.860000	16.896000	74.400000
	147.880000	18.372000	73.600000
	147.900000	19.836000	73.400000
	147.920000	21.312000	73.600000
	147.940000	22.764000	73.200000
	147.960000	24.216000	73.000000
	147.980000	25.644000	72.200000
	148.000000	27.048000	71.400000
	148.020000	28.464000	70.800000
	148.040000	29.856000	70.200000
	148.060000	31.260000	70.200000
	148.080000	32.616000	69.200000
	148.100000	33.948000	68.200000
	148.120000	35.256000	66.600000
	148.140000	36.576000	66.000000
	148.160000	37.872000	65.400000
	148.180000	39.144000	64.800000
	148.200000	40.404000	63.800000
	148.220000	41.640000	62.800000
	148.240000	42.840000	61.600000
	148.260000	43.980000	59.600000
	148.280000	45.108000	57.800000
	148.300000	46.200000	56.000000
	148.320000	47.280000	55.000000
	148.340000	48.312000	53.400000
	148.360000	49.308000	51.800000
	148.380000	50.256000	49.600000
	148.400000	51.180000	47.800000
	148.420000	52.080000	46.200000
	148.440000	52.920000	44.400000
	148.460000	53.712000	42.200000
	148.480000	54.444000	39.400000
	148.500000	55.140000	37.000000
	148.520000	55.776000	34.400000
	148.540000	56.364000	32.000000
	148.560000	56.904000	29.400000
	148.580000	57.396000	27.000000
	148.600000	57.840000	24.600000
	148.620000	58.224000	22.000000
	148.640000	58.548000	19.200000
	148.660000	58.812000	16.200000
	148.680000	59.016000	13.200000
	148.700000	59.172000	10.400000
	148.720000	59.268000	7.600000
	148.740000	59.304000	4.800000
	148.760000	59.292000	2.000000
	148.780000	59.220000	-0.800000
	148.800000	59.112000	-3.200000
	148.820000	58.944000	-5.800000
	148.840000	58.740000	-8.000000
	148.860000	58.476000	-10.600000
	148.880000	58.176000	-12.800000
	148.900000	57.828000	-15.200000
	148.920000	57.444000	-17.200000
	148.940000	57.024000	-19.200000
	148.960000	56.568000	-21.000000
	148.980000	56.088000	-22.600000
	149.000000	55.572000	-24.200000
	149.020000	55.020000	-25.800000
	149.040000	54.432000	-27.600000
	149.060000	53.820000	-29.200000
	149.080000	53.184000	-30.600000
	149.100000	52.524000	-31.800000
	149.120000	51.828000	-33.200000
	149.140000	51.120000	-34.400000
	149.160000	50.388000	-35.600000
	149.180000	49.644000	-36.400000
	149.200000	48.900000	-37.000000
	149.220000	48.144000	-37.400000
	149.240000	47.376000	-37.800000
	149.260000	46.596000	-38.400000
	149.280000	45.804000	-39.000000
	149.300000	45.024000	-39.200000
	149.320000	44.232000	-39.400000
	149.340000	43.440000	-39.400000
	149.360000	42.648000	-39.600000
	149.380000	41.856000	-39.600000
	149.400000	41.100000	-39.000000
	149.420000	40.332000	-38.600000
	149.440000	39.588000	-37.800000
	149.460000	38.832000	-37.800000
	149.480000	38.100000	-37.200000
	149.500000	37.380000	-36.800000
	149.520000	36.684000	-35.800000
	149.540000	36.000000	-35.000000
	149.560000	35.328000	-34.200000
	149.580000	34.680000	-33.400000
	149.600000	34.068000	-32.200000
	149.620000	33.480000	-30.800000
	149.640000	32.916000	-29.400000
	149.660000	32.376000	-28.200000
	149.680000	31.860000	-27.000000
	149.700000	31.368000	-25.800000
	149.720000	30.900000	-24.600000
	149.740000	30.468000	-23.200000
	149.760000	30.072000	-21.600000
	149.780000	29.712000	-19.800000
	149.800000	29.388000	-18.000000
	149.820000	29.100000	-16.200000
	149.840000	28.836000	-14.600000
	149.860000	28.608000	-13.000000
	149.880000	28.404000	-11.600000
	149.900000	28.248000	-9.800000
	149.920000	28.128000	-8.000000
	149.940000	28.044000	-6.000000
	149.960000	27.996000	-4.200000
	149.980000	27.984000	-2.400000
	150.000000	28.020000	-0.400000
	150.020000	28.092000	1.600000
	150.040000	28.188000	3.400000
	150.060000	28.320000	5.000000
	150.080000	28.476000	6.400000
	150.100000	28.680000	8.200000
	150.120000	28.908000	9.800000
	150.140000	29.172000	11.600000
	150.160000	29.460000	13.000000
	150.180000	29.772000	14.400000
	150.200000	30.120000	15.800000
	150.220000	30.492000	17.200000
	150.240000	30.900000	18.800000
	150.260000	31.332000	20.200000
	150.280000	31.788000	21.600000
	150.300000	32.280000	23.000000
	150.320000	32.808000	24.600000
	150.340000	33.372000	26.400000
	150.360000	33.948000	27.800000
	150.380000	34.548000	29.000000
	150.400000	35.184000	30.200000
	150.420000	35.844000	31.600000
	150.440000	36.516000	32.800000
	150.460000	37.200000	33.600000
	150.480000	37.920000	34.600000
	150.500000	38.652000	35.600000
	150.520000	39.420000	37.000000
	150.540000	40.188000	37.800000
	150.560000	40.992000	39.000000
	150.580000	41.784000	39.400000
	150.600000	42.600000	40.200000
	150.620000	43.416000	40.400000
	150.640000	44.244000	41.000000
	150.660000	45.072000	41.200000
	150.680000	45.912000	41.600000
	150.700000	46.764000	42.000000
	150.720000	47.604000	42.200000
	150.740000	48.444000	42.200000
	150.760000	49.272000	41.800000
	150.780000	50.124000	42.000000
	150.800000	50.952000	41.800000
	150.820000	51.768000	41.600000
	150.840000	52.548000	40.400000
	150.860000	53.328000	39.600000
	150.880000	54.084000	38.600000
	150.900000	54.828000	38.000000
	150.920000	55.548000	37.000000
	150.940000	56.232000	35.800000
	150.960000	56.892000	34.400000
	150.980000	57.516000	32.800000
	151.000000	58.128000	31.600000
	151.020000	58.704000	30.200000
	151.040000	59.232000	28.600000
	151.060000	59.712000	26.400000
	151.080000	60.144000	24.000000
	151.100000	60.552000	22.000000
	151.120000	60.912000	20.000000
	151.140000	61.224000	18.000000
	151.160000	61.476000	15.400000
	151.180000	61.692000	13.000000
	151.200000	61.860000	10.600000
	151.220000	61.968000	8.200000
	151.240000	62.016000	5.400000
	151.260000	62.004000	2.400000
	151.280000	61.944000	-0.400000
	151.300000	61.836000	-3.000000
	151.320000	61.680000	-5.400000
	151.340000	61.476000	-7.800000
	151.360000	61.212000	-10.400000
	151.380000	60.900000	-13.000000
	151.400000	60.528000	-15.800000
	151.420000	60.120000	-18.200000
	151.440000	59.652000	-20.800000
	151.460000	59.148000	-23.000000
	151.480000	58.596000	-25.400000
	151.500000	57.996000	-27.600000
	151.520000	57.360000	-29.800000
	151.540000	56.676000	-32.000000
	151.560000	55.956000	-34.000000
	151.580000	55.188000	-36.200000
	151.600000	54.360000	-38.600000
	151.620000	53.508000	-40.800000
	151.640000	52.584000	-43.400000
	151.660000	51.672000	-44.800000
	151.680000	50.688000	-47.000000
	151.700000	49.728000	-47.600000
	151.720000	48.696000	-49.600000
	151.740000	47.664000	-50.400000
	151.760000	46.572000	-52.600000
	151.780000	45.444000	-54.200000
	151.800000	44.292000	-56.200000
	151.820000	43.128000	-57.400000
	151.840000	41.952000	-58.200000
	151.860000	40.764000	-58.800000
	151.880000	39.516000	-60.200000
	151.900000	38.292000	-61.000000
	151.920000	37.008000	-62.600000
	151.940000	35.748000	-62.800000
	151.960000	34.440000	-64.200000
	151.980000	33.156000	-64.200000
	152.000000	31.848000	-65.000000
	152.020000	30.516000	-65.400000
	152.040000	29.160000	-66.600000
	152.060000	27.804000	-67.400000
	152.080000	26.472000	-67.400000
	152.100000	25.128000	-67.200000
	152.120000	23.784000	-67.000000
	152.140000	22.416000	-67.600000
	152.160000	21.048000	-68.000000
	152.180000	19.680000	-68.400000
	152.200000	18.300000	-68.600000
	152.220000	16.932000	-68.600000
	152.240000	15.528000	-69.200000
	152.260000	14.136000	-69.400000
	152.280000	12.732000	-70.000000
	152.300000	11.364000	-69.400000
	152.320000	10.008000	-68.800000
	152.340000	8.664000	-67.800000
	152.360000	7.284000	-68.000000
	152.380000	5.904000	-68.400000
	152.400000	4.536000	-68.800000
	152.420000	3.228000	-67.600000
	152.440000	1.896000	-66.800000
	152.460000	0.588000	-65.800000
	152.480000	-0.744000	-66.200000
	152.500000	-2.016000	-65.200000
	152.520000	-3.300000	-64.800000
	152.540000	-4.548000	-63.400000
	152.560000	-5.808000	-63.200000
	152.580000	-7.044000	-62.400000
	152.600000	-8.280000	-62.200000
	152.620000	-9.480000	-61.200000
	152.640000	-10.656000	-60.200000
	152.660000	-11.808000	-58.800000
	152.680000	-12.924000	-57.400000
	152.700000	-14.028000	-56.200000
	152.720000	-15.108000	-55.000000
	152.740000	-16.164000	-54.000000
	152.760000	-17.196000	-52.800000
	152.780000	-18.192000	-51.400000
	152.800000	-19.176000	-50.200000
	152.820000	-20.100000	-48.400000
	152.840000	-21.012000	-47.000000
	152.860000	-21.864000	-44.800000
	152.880000	-22.716000	-43.600000
	152.900000	-23.496000	-41.400000
	152.920000	-24.264000	-40.000000
	152.940000	-24.984000	-37.800000
	152.960000	-25.680000	-36.400000
	152.980000	-26.352000	-34.800000
	153.000000	-26.964000	-33.000000
	153.020000	-27.552000	-31.200000
	153.040000	-28.080000	-28.800000
	153.060000	-28.584000	-27.000000
	153.080000	-29.040000	-24.800000
	153.100000	-29.472000	-23.200000
	153.120000	-29.868000	-21.400000
	153.140000	-30.228000	-19.800000
	153.160000	-30.552000	-18.000000
	153.180000	-30.828000	-16.000000
	153.200000	-31.068000	-14.000000
	153.220000	-31.272000	-12.000000
	153.240000	-31.440000	-10.200000
	153.260000	-31.572000	-8.400000
	153.280000	-31.668000	-6.600000
	153.300000	-31.740000	-5.000000
	153.320000	-31.776000	-3.400000
	153.340000	-31.776000	-1.800000
	153.360000	-31.752000	-0.200000
	153.380000	-31.692000	1.400000
	153.400000	-31.620000	2.600000
	153.420000	-31.524000	3.800000
	153.440000	-31.428000	4.400000
	153.460000	-31.308000	5.200000
	153.480000	-31.176000	5.800000
	153.500000	-31.032000	6.600000
	153.520000	-30.888000	7.000000
	153.540000	-30.732000	7.400000
	153.560000	-30.576000	7.600000
	153.580000	-30.420000	7.800000
	153.600000	-30.276000	7.600000
	153.620000	-30.132000	7.400000
	153.640000	-29.988000	7.200000
	153.660000	-29.856000	7.000000
	153.680000	-29.736000	6.600000
	153.700000	-29.628000	6.000000
	153.720000	-29.532000	5.400000
	153.740000	-29.460000	4.600000
	153.760000	-29.400000	3.800000
	153.780000	-29.352000	3.000000
	153.800000	-29.316000	2.400000
	153.820000	-29.304000	1.600000
	153.840000	-29.316000	0.600000
	153.860000	-29.352000	-0.600000
	153.880000	-29.400000	-1.600000
	153.900000	-29.472000	-2.600000
	153.920000	-29.544000	-3.200000
	153.940000	-29.652000	-4.200000
	153.960000	-29.760000	-4.800000
	153.980000	-29.904000	-6.000000
	154.000000	-30.060000	-6.800000
	154.020000	-30.252000	-8.200000
	154.040000	-30.444000	-9.000000
	154.060000	-30.660000	-10.000000
	154.080000	-30.888000	-10.600000
	154.100000	-31.140000	-11.600000
	154.120000	-31.416000	-12.600000
	154.140000	-31.704000	-13.600000
	154.160000	-32.028000	-14.800000
	154.180000	-32.364000	-15.800000
	154.200000	-32.724000	-17.000000
	154.220000	-33.108000	-18.000000
	154.240000	-33.504000	-19.000000
	154.260000	-33.936000	-20.200000
	154.280000	-34.368000	-21.000000
	154.300000	-34.836000	-22.200000
	154.320000	-35.328000	-23.200000
	154.340000	-35.844000	-24.600000
	154.360000	-36.372000	-25.600000
	154.380000	-36.924000	-26.600000
	154.400000	-37.500000	-27.600000
	154.420000	-38.112000	-29.000000
	154.440000	-38.724000	-30.000000
	154.460000	-39.372000	-31.200000
	154.480000	-40.020000	-31.800000
	154.500000	-40.704000	-33.000000
	154.520000	-41.388000	-33.600000
	154.540000	-42.108000	-34.800000
	154.560000	-42.828000	-35.400000
	154.580000	-43.584000	-36.600000
	154.600000	-44.328000	-37.000000
	154.620000	-45.096000	-37.800000
	154.640000	-45.852000	-37.800000
	154.660000	-46.632000	-38.400000
	154.680000	-47.412000	-38.600000
	154.700000	-48.204000	-39.200000
	154.720000	-48.984000	-39.200000
	154.740000	-49.776000	-39.400000
	154.760000	-50.568000	-39.400000
	154.780000	-51.372000	-39.800000
	154.800000	-52.152000	-39.600000
	154.820000	-52.932000	-39.400000
	154.840000	-53.700000	-38.800000
	154.860000	-54.444000	-38.200000
	154.880000	-55.164000	-37.200000
	154.900000	-55.860000	-36.000000
	154.920000	-56.556000	-35.200000
	154.940000	-57.216000	-34.200000
	154.960000	-57.852000	-33.200000
	154.980000	-58.464000	-31.800000
	155.000000	-59.040000	-30.400000
	155.020000	-59.592000	-29.000000
	155.040000	-60.096000	-27.200000
	155.060000	-60.576000	-25.600000
	155.080000	-60.996000	-23.400000
	155.100000	-61.368000	-21.200000
	155.120000	-61.692000	-18.600000
	155.140000	-61.980000	-16.400000
	155.160000	-62.220000	-14.200000
	155.180000	-62.400000	-11.800000
	155.200000	-62.520000	-9.000000
	155.220000	-62.580000	-6.000000
	155.240000	-62.592000	-3.200000
	155.260000	-62.544000	-0.400000
	155.280000	-62.448000	2.200000
	155.300000	-62.304000	4.800000
	155.320000	-62.100000	7.400000
	155.340000	-61.848000	10.000000
	155.360000	-61.536000	12.800000
	155.380000	-61.188000	15.200000
	155.400000	-60.780000	17.800000
	155.420000	-60.324000	20.200000
	155.440000	-59.820000	22.800000
	155.460000	-59.268000	25.200000
	155.480000	-58.668000	27.600000
	155.500000	-58.008000	30.200000
	155.520000	-57.288000	33.000000
	155.540000	-56.532000	35.600000
	155.560000	-55.728000	38.000000
	155.580000	-54.888000	40.000000
	155.600000	-53.976000	42.600000
	155.620000	-53.040000	44.800000
	155.640000	-52.056000	47.200000
	155.660000	-51.048000	48.800000
	155.680000	-49.980000	51.000000
	155.700000	-48.864000	53.200000
	155.720000	-47.712000	55.600000
	155.740000	-46.524000	57.600000
	155.760000	-45.348000	58.600000
	155.780000	-44.112000	60.000000
	155.800000	-42.840000	61.400000
	155.820000	-41.508000	64.000000
	155.840000	-40.188000	65.400000
	155.860000	-38.868000	66.200000
	155.880000	-37.524000	66.400000
	155.900000	-36.144000	67.400000
	155.920000	-34.740000	68.800000
	155.940000	-33.336000	69.800000
	155.960000	-31.896000	70.800000
	155.980000	-30.468000	71.200000
	156.000000	-29.004000	72.200000
	156.020000	-27.540000	72.600000
	156.040000	-26.016000	74.200000
	156.060000	-24.504000	75.000000
	156.080000	-23.004000	75.600000
	156.100000	-21.504000	75.200000
	156.120000	-19.980000	75.400000
	156.140000	-18.420000	76.400000
	156.160000	-16.848000	77.600000
	156.180000	-15.288000	78.200000
	156.200000	-13.752000	77.800000
	156.220000	-12.216000	77.200000
	156.240000	-10.644000	77.400000
	156.260000	-9.072000	78.000000
	156.280000	-7.488000	78.800000
	156.300000	-5.928000	78.600000
	156.320000	-4.320000	79.200000
	156.340000	-2.736000	79.200000
	156.360000	-1.128000	80.000000
	156.380000	0.432000	79.200000
	156.400000	2.016000	79.200000
	156.420000	3.576000	78.400000
	156.440000	5.160000	78.800000
	156.460000	6.720000	78.400000
	156.480000	8.316000	79.000000
	156.500000	9.876000	78.600000
	156.520000	11.448000	78.800000
	156.540000	12.996000	78.000000
	156.560000	14.580000	78.400000
	156.580000	16.128000	78.000000
	156.600000	17.676000	78.000000
	156.620000	19.212000	77.200000
	156.640000	20.760000	77.200000
	156.660000	22.272000	76.600000
	156.680000	23.784000	76.200000
	156.700000	25.296000	75.600000
	156.720000	26.820000	75.800000
	156.740000	28.320000	75.600000
	156.760000	29.808000	75.200000
	156.780000	31.284000	74.400000
	156.800000	32.736000	73.600000
	156.820000	34.188000	73.000000
	156.840000	35.628000	72.400000
	156.860000	37.044000	71.800000
	156.880000	38.424000	70.600000
	156.900000	39.780000	69.200000
	156.920000	41.148000	68.400000
	156.940000	42.480000	67.600000
	156.960000	43.788000	66.800000
	156.980000	45.048000	65.000000
	157.000000	46.308000	63.800000
	157.020000	47.532000	62.400000
	157.040000	48.732000	61.400000
	157.060000	49.908000	60.000000
	157.080000	51.036000	58.400000
	157.100000	52.116000	56.400000
	157.120000	53.136000	53.800000
	157.140000	54.120000	51.400000
	157.160000	55.068000	49.200000
	157.180000	55.968000	47.200000
	157.200000	56.820000	45.000000
	157.220000	57.624000	42.600000
	157.240000	58.368000	40.000000
	157.260000	59.064000	37.400000
	157.280000	59.700000	34.600000
	157.300000	60.288000	32.000000
	157.320000	60.816000	29.200000
	157.340000	61.284000	26.400000
	157.360000	61.680000	23.200000
	157.380000	62.016000	20.000000
	157.400000	62.292000	16.800000
	157.420000	62.508000	13.800000
	157.440000	62.652000	10.600000
	157.460000	62.736000	7.400000
	157.480000	62.760000	4.200000
	157.500000	62.724000	1.200000
	157.520000	62.628000	-1.800000
	157.540000	62.472000	-4.800000
	157.560000	62.268000	-7.600000
	157.580000	62.004000	-10.400000
	157.600000	61.692000	-13.000000
	157.620000	61.320000	-15.800000
	157.640000	60.900000	-18.400000
	157.660000	60.432000	-21.000000
	157.680000	59.928000	-23.200000
	157.700000	59.388000	-25.200000
	157.720000	58.800000	-27.200000
	157.740000	58.176000	-29.200000
	157.760000	57.504000	-31.400000
	157.780000	56.820000	-33.000000
	157.800000	56.088000	-34.800000
	157.820000	55.332000	-36.200000
	157.840000	54.528000	-38.200000
	157.860000	53.724000	-39.400000
	157.880000	52.896000	-40.600000
	157.900000	52.032000	-41.600000
	157.920000	51.156000	-42.800000
	157.940000	50.256000	-44.000000
	157.960000	49.356000	-44.600000
	157.980000	48.432000	-45.400000
	158.000000	47.496000	-46.000000
	158.020000	46.560000	-46.600000
	158.040000	45.612000	-47.000000
	158.060000	44.676000	-47.000000
	158.080000	43.728000	-47.200000
	158.100000	42.792000	-47.000000
	158.120000	41.856000	-47.000000
	158.140000	40.944000	-46.400000
	158.160000	40.020000	-46.200000
	158.180000	39.096000	-46.000000
	158.200000	38.172000	-46.200000
	158.220000	37.284000	-45.600000
	158.240000	36.420000	-44.600000
	158.260000	35.568000	-43.400000
	158.280000	34.716000	-42.800000
	158.300000	33.876000	-42.400000
	158.320000	33.072000	-41.600000
	158.340000	32.292000	-40.400000
	158.360000	31.536000	-39.000000
	158.380000	30.792000	-38.000000
	158.400000	30.072000	-37.000000
	158.420000	29.388000	-35.800000
	158.440000	28.740000	-34.200000
	158.460000	28.104000	-32.800000
	158.480000	27.504000	-31.400000
	158.500000	26.928000	-30.200000
	158.520000	26.388000	-28.600000
	158.540000	25.872000	-27.200000
	158.560000	25.392000	-25.600000
	158.580000	24.948000	-24.000000
	158.600000	24.528000	-22.400000
	158.620000	24.144000	-20.800000
	158.640000	23.808000	-19.000000
	158.660000	23.508000	-17.000000
	158.680000	23.244000	-15.000000
	158.700000	23.004000	-13.400000
	158.720000	22.812000	-11.600000
	158.740000	22.644000	-10.000000
	158.760000	22.524000	-8.000000
	158.780000	22.440000	-6.200000
	158.800000	22.392000	-4.200000
	158.820000	22.380000	-2.400000
	158.840000	22.392000	-0.800000
	158.860000	22.452000	1.000000
	158.880000	22.548000	2.800000
	158.900000	22.680000	4.800000
	158.920000	22.836000	6.400000
	158.940000	23.016000	7.800000
	158.960000	23.220000	9.000000
	158.980000	23.460000	10.400000
	159.000000	23.724000	11.800000
	159.020000	24.024000	13.400000
	159.040000	24.348000	14.800000
	159.060000	24.708000	16.400000
	159.080000	25.080000	17.600000
	159.100000	25.488000	19.000000
	159.120000	25.908000	20.000000
	159.140000	26.376000	21.600000
	159.160000	26.844000	22.600000
	159.180000	27.336000	23.800000
	159.200000	27.852000	24.600000
	159.220000	28.392000	25.800000
	159.240000	28.956000	27.000000
	159.260000	29.532000	28.000000
	159.280000	30.132000	29.000000
	159.300000	30.756000	30.000000
	159.320000	31.404000	31.200000
	159.340000	32.076000	32.400000
	159.360000	32.748000	33.200000
	159.380000	33.432000	33.800000
	159.400000	34.116000	34.000000
	159.420000	34.812000	34.400000
	159.440000	35.520000	34.800000
	159.460000	36.240000	35.400000
	159.480000	36.984000	36.200000
	159.500000	37.704000	36.400000
	159.520000	38.436000	36.600000
	159.540000	39.156000	36.200000
	159.560000	39.900000	36.600000
	159.580000	40.620000	36.400000
	159.600000	41.352000	36.600000
	159.620000	42.072000	36.200000
	159.640000	42.792000	36.200000
	159.660000	43.500000	35.800000
	159.680000	44.184000	35.200000
	159.700000	44.856000	34.400000
	159.720000	45.516000	33.600000
	159.740000	46.152000	32.800000
	159.760000	46.788000	32.200000
	159.780000	47.388000	31.200000
	159.800000	47.988000	30.600000
	159.820000	48.552000	29.400000
	159.840000	49.092000	28.400000
	159.860000	49.584000	26.600000
	159.880000	50.052000	25.000000
	159.900000	50.484000	23.200000
	159.920000	50.904000	22.000000
	159.940000	51.276000	20.400000
	159.960000	51.624000	19.000000
	159.980000	51.924000	17.000000
	160.000000	52.188000	15.200000
	160.020000	52.404000	13.000000
	160.040000	52.584000	11.000000
	160.060000	52.728000	9.000000
	160.080000	52.836000	7.200000
	160.100000	52.896000	5.200000
	160.120000	52.908000	3.000000
	160.140000	52.872000	0.600000
	160.160000	52.800000	-1.600000
	160.180000	52.692000	-3.600000
	160.200000	52.536000	-5.600000
	160.220000	52.344000	-7.600000
	160.240000	52.116000	-9.600000
	160.260000	51.852000	-11.400000
	160.280000	51.552000	-13.200000
	160.300000	51.216000	-15.000000
	160.320000	50.856000	-16.600000
	160.340000	50.448000	-18.400000
	160.360000	50.004000	-20.200000
	160.380000	49.536000	-22.000000
	160.400000	49.032000	-23.600000
	160.420000	48.492000	-25.200000
	160.440000	47.904000	-27.200000
	160.460000	47.304000	-28.800000
	160.480000	46.668000	-30.400000
	160.500000	46.020000	-31.400000
	160.520000	45.324000	-33.000000
	160.540000	44.616000	-34.200000
	160.560000	43.872000	-35.800000
	160.580000	43.104000	-37.000000
	160.600000	42.300000	-38.600000
	160.620000	41.484000	-39.800000
	160.640000	40.668000	-40.600000
	160.660000	39.816000	-41.400000
	160.680000	38.940000	-42.400000
	160.700000	38.040000	-43.800000
	160.720000	37.152000	-44.400000
	160.740000	36.252000	-44.800000
	160.760000	35.304000	-45.600000
	160.780000	34.368000	-46.400000
	160.800000	33.420000	-47.200000
	160.820000	32.496000	-46.800000
	160.840000	31.548000	-47.000000
	160.860000	30.564000	-47.600000
	160.880000	29.568000	-48.800000
	160.900000	28.572000	-49.600000
	160.920000	27.588000	-49.600000
	160.940000	26.628000	-49.000000
	160.960000	25.656000	-48.600000
	160.980000	24.672000	-48.600000
	161.000000	23.676000	-49.200000
	161.020000	22.704000	-49.200000
	161.040000	21.756000	-48.600000
	161.060000	20.820000	-47.600000
	161.080000	19.848000	-47.600000
	161.100000	18.888000	-47.800000
	161.120000	17.940000	-48.000000
	161.140000	17.004000	-47.400000
	161.160000	16.092000	-46.600000
	161.180000	15.180000	-46.000000
	161.200000	14.292000	-45.200000
	161.220000	13.404000	-44.800000
	161.240000	12.528000	-44.200000
	161.260000	11.676000	-43.600000
	161.280000	10.836000	-42.800000
	161.300000	10.032000	-41.600000
	161.320000	9.240000	-40.600000
	161.340000	8.460000	-39.600000
	161.360000	7.680000	-39.200000
	161.380000	6.936000	-38.400000
	161.400000	6.216000	-37.400000
	161.420000	5.532000	-35.800000
	161.440000	4.860000	-34.600000
	161.460000	4.212000	-33.400000
	161.480000	3.588000	-32.400000
	161.500000	2.988000	-31.200000
	161.520000	2.424000	-29.800000
	161.540000	1.884000	-28.400000
	161.560000	1.368000	-27.000000
	161.580000	0.876000	-25.800000
	161.600000	0.396000	-24.800000
	161.620000	-0.048000	-23.600000
	161.640000	-0.456000	-22.200000
	161.660000	-0.828000	-20.400000
	161.680000	-1.164000	-18.600000
	161.700000	-1.476000	-17.000000
	161.720000	-1.752000	-15.400000
	161.740000	-2.004000	-14.000000
	161.760000	-2.232000	-12.600000
	161.780000	-2.424000	-11.200000
	161.800000	-2.580000	-9.600000
	161.820000	-2.700000	-7.800000
	161.840000	-2.796000	-6.200000
	161.860000	-2.868000	-4.800000
	161.880000	-2.904000	-3.400000
	161.900000	-2.904000	-1.800000
	161.920000	-2.880000	-0.200000
	161.940000	-2.832000	1.200000
	161.960000	-2.772000	2.200000
	161.980000	-2.688000	3.200000
	162.000000	-2.592000	4.000000
	162.020000	-2.472000	5.000000
	162.040000	-2.328000	6.000000
	162.060000	-2.160000	7.200000
	162.080000	-1.992000	8.000000
	162.100000	-1.824000	8.400000
	162.120000	-1.644000	8.600000
	162.140000	-1.452000	9.000000
	162.160000	-1.248000	9.600000
	162.180000	-1.044000	10.000000
	162.200000	-0.840000	10.200000
	162.220000	-0.636000	10.200000
	162.240000	-0.432000	10.200000
	162.260000	-0.216000	10.400000
	162.280000	0.000000	10.600000
	162.300000	0.216000	10.800000
	162.320000	0.420000	10.600000
	162.340000	0.624000	10.400000
	162.360000	0.828000	10.200000
	162.380000	1.032000	10.200000
	162.400000	1.224000	10.000000
	162.420000	1.404000	9.600000
	162.440000	1.584000	9.200000
	162.460000	1.752000	8.800000
	162.480000	1.908000	8.400000
	162.500000	2.052000	7.800000
	162.520000	2.184000	7.200000
	162.540000	2.292000	6.400000
	162.560000	2.376000	5.400000
	162.580000	2.448000	4.400000
	162.600000	2.496000	3.400000
	162.620000	2.532000	2.600000
	162.640000	2.532000	1.400000
	162.660000	2.520000	0.400000
	162.680000	2.484000	-0.800000
	162.700000	2.424000	-1.800000
	162.720000	2.340000	-3.000000
	162.740000	2.232000	-4.200000
	162.760000	2.112000	-5.200000
	162.780000	1.968000	-6.200000
	162.800000	1.788000	-7.400000
	162.820000	1.584000	-8.800000
	162.840000	1.356000	-10.200000
	162.860000	1.116000	-11.200000
	162.880000	0.840000	-12.400000
	162.900000	0.540000	-13.600000
	162.920000	0.216000	-15.000000
	162.940000	-0.132000	-16.200000
	162.960000	-0.516000	-17.600000
	162.980000	-0.936000	-19.200000
	163.000000	-1.392000	-21.000000
	163.020000	-1.872000	-22.600000
	163.040000	-2.388000	-24.200000
	163.060000	-2.940000	-25.800000
	163.080000	-3.528000	-27.600000
	163.100000	-4.164000	-29.600000
	163.120000	-4.824000	-31.400000
	163.140000	-5.520000	-33.200000
	163.160000	-6.276000	-35.200000
	163.180000	-7.020000	-36.600000
	163.200000	-7.824000	-38.400000
	163.220000	-8.616000	-39.000000
	163.240000	-9.504000	-41.400000
	163.260000	-10.392000	-42.800000
	163.280000	-11.340000	-45.400000
	163.300000	-12.300000	-46.600000
	163.320000	-13.332000	-49.000000
	163.340000	-14.376000	-50.600000
	163.360000	-15.468000	-52.800000
	163.380000	-16.560000	-53.800000
	163.400000	-17.700000	-55.400000
	163.420000	-18.852000	-56.400000
	163.440000	-20.028000	-57.800000
	163.460000	-21.240000	-59.000000
	163.480000	-22.500000	-60.800000
	163.500000	-23.808000	-63.000000
	163.520000	-25.116000	-64.600000
	163.540000	-26.472000	-66.200000
	163.560000	-27.828000	-67.000000
	163.580000	-29.196000	-68.000000
	163.600000	-30.564000	-68.200000
	163.620000	-31.968000	-69.000000
	163.640000	-33.396000	-70.000000
	163.660000	-34.836000	-71.200000
	163.680000	-36.264000	-71.600000
	163.700000	-37.692000	-71.600000
	163.720000	-39.144000	-71.800000
	163.740000	-40.608000	-72.400000
	163.760000	-42.072000	-73.000000
	163.780000	-43.524000	-73.000000
	163.800000	-44.988000	-73.000000
	163.820000	-46.416000	-72.400000
	163.840000	-47.844000	-72.000000
	163.860000	-49.224000	-70.600000
	163.880000	-50.616000	-70.000000
	163.900000	-51.948000	-68.400000
	163.920000	-53.268000	-67.400000
	163.940000	-54.552000	-65.600000
	163.960000	-55.812000	-64.400000
	163.980000	-57.012000	-62.400000
	164.000000	-58.200000	-60.800000
	164.020000	-59.292000	-58.000000
	164.040000	-60.372000	-56.000000
	164.060000	-61.356000	-52.600000
	164.080000	-62.316000	-50.400000
	164.100000	-63.180000	-46.800000
	164.120000	-63.984000	-43.800000
	164.140000	-64.704000	-39.800000
	164.160000	-65.352000	-36.200000
	164.180000	-65.928000	-32.400000
	164.200000	-66.420000	-28.600000
	164.220000	-66.828000	-24.600000
	164.240000	-67.140000	-20.200000
	164.260000	-67.368000	-15.800000
	164.280000	-67.500000	-11.200000
	164.300000	-67.548000	-6.800000
	164.320000	-67.500000	-2.200000
	164.340000	-67.368000	2.200000
	164.360000	-67.152000	6.600000
	164.380000	-66.852000	10.800000
	164.400000	-66.456000	15.200000
	164.420000	-65.976000	19.600000
	164.440000	-65.424000	23.800000
	164.460000	-64.800000	27.600000
	164.480000	-64.080000	31.600000
	164.500000	-63.288000	35.600000
	164.520000	-62.424000	39.600000
	164.540000	-61.500000	43.000000
	164.560000	-60.516000	46.200000
	164.580000	-59.460000	49.400000
	164.600000	-58.332000	52.800000
	164.620000	-57.132000	56.400000
	164.640000	-55.872000	59.800000
	164.660000	-54.564000	62.800000
	164.680000	-53.184000	65.800000
	164.700000	-51.768000	68.400000
	164.720000	-50.304000	71.000000
	164.740000	-48.828000	72.600000
	164.760000	-47.328000	74.000000
	164.780000	-45.768000	75.600000
	164.800000	-44.172000	77.600000
	164.820000	-42.516000	80.200000
	164.840000	-40.884000	81.400000
	164.860000	-39.216000	82.600000
	164.880000	-37.524000	83.200000
	164.900000	-35.820000	84.400000
	164.920000	-34.092000	85.400000
	164.940000	-32.364000	86.000000
	164.960000	-30.612000	86.800000
	164.980000	-28.884000	86.800000
	165.000000	-27.120000	87.400000
	165.020000	-25.356000	87.600000
	165.040000	-23.580000	88.400000
	165.060000	-21.828000	88.200000
	165.080000	-20.052000	88.400000
	165.100000	-18.288000	88.200000
	165.120000	-16.548000	88.000000
	165.140000	-14.808000	87.400000
	165.160000	-13.020000	87.800000
	165.180000	-11.268000	88.000000
	165.200000	-9.528000	88.000000
	165.220000	-7.812000	86.800000
	165.240000	-6.048000	87.000000
	165.260000	-4.296000	87.200000
	165.280000	-2.580000	87.200000
	165.300000	-0.876000	86.200000
	165.320000	0.792000	84.800000
	165.340000	2.448000	83.800000
	165.360000	4.092000	82.800000
	165.380000	5.724000	82.200000
	165.400000	7.392000	82.400000
	165.420000	9.012000	82.000000
	165.440000	10.644000	82.000000
	165.460000	12.216000	80.400000
	165.480000	13.800000	79.800000
	165.500000	15.360000	78.600000
	165.520000	16.896000	78.000000
	165.540000	18.420000	77.000000
	165.560000	19.932000	76.200000
	165.580000	21.420000	75.400000
	165.600000	22.872000	74.200000
	165.620000	24.300000	72.800000
	165.640000	25.716000	71.600000
	165.660000	27.144000	71.200000
	165.680000	28.536000	70.600000
	165.700000	29.964000	70.800000
	165.720000	31.284000	69.000000
	165.740000	32.580000	67.400000
	165.760000	33.840000	64.600000
	165.780000	35.124000	64.000000
	165.800000	36.408000	63.800000
	165.820000	37.596000	62.600000
	165.840000	38.784000	61.000000
	165.860000	39.924000	58.600000
	165.880000	41.052000	57.600000
	165.900000	42.144000	56.000000
	165.920000	43.176000	54.200000
	165.940000	44.196000	52.400000
	165.960000	45.168000	50.400000
	165.980000	46.140000	49.400000
	166.000000	47.052000	47.600000
	166.020000	47.916000	45.800000
	166.040000	48.732000	43.200000
	166.060000	49.512000	41.000000
	166.080000	50.256000	39.000000
	166.100000	50.952000	37.000000
	166.120000	51.600000	34.800000
	166.140000	52.200000	32.400000
	166.160000	52.764000	30.200000
	166.180000	53.280000	28.000000
	166.200000	53.748000	25.800000
	166.220000	54.156000	23.200000
	166.240000	54.528000	20.800000
	166.260000	54.840000	18.200000
	166.280000	55.104000	15.800000
	166.300000	55.320000	13.200000
	166.320000	55.488000	10.800000
	166.340000	55.608000	8.400000
	166.360000	55.668000	5.800000
	166.380000	55.692000	3.400000
	166.400000	55.668000	1.000000
	166.420000	55.608000	-1.000000
	166.440000	55.500000	-3.200000
	166.460000	55.356000	-5.200000
	166.480000	55.176000	-7.200000
	166.500000	54.948000	-9.200000
	166.520000	54.696000	-11.000000
	166.540000	54.408000	-12.800000
	166.560000	54.108000	-14.000000
	166.580000	53.760000	-15.600000
	166.600000	53.400000	-16.800000
	166.620000	53.016000	-18.200000
	166.640000	52.620000	-19.000000
	166.660000	52.200000	-20.000000
	166.680000	51.756000	-21.000000
	166.700000	51.288000	-22.200000
	166.720000	50.796000	-23.400000
	166.740000	50.292000	-24.400000
	166.760000	49.788000	-25.000000
	166.780000	49.272000	-25.400000
	166.800000	48.756000	-25.600000
	166.820000	48.228000	-26.000000
	166.840000	47.700000	-26.200000
	166.860000	47.148000	-26.800000
	166.880000	46.608000	-27.000000
	166.900000	46.080000	-27.000000
