	120.000000	10.632000	64.200000
	120.020000	11.844000	62.600000
	120.040000	13.044000	61.200000
	120.060000	14.196000	59.400000
	120.080000	15.324000	58.000000
	120.100000	16.380000	55.600000
	120.120000	17.388000	53.200000
	120.140000	18.336000	50.200000
	120.160000	19.248000	47.800000
	120.180000	20.088000	45.000000
	120.200000	20.868000	42.200000
	120.220000	21.576000	38.800000
	120.240000	22.224000	35.600000
	120.260000	22.788000	32.000000
	120.280000	23.280000	28.400000
	120.300000	23.688000	24.400000
	120.320000	24.036000	20.800000
	120.340000	24.300000	17.000000
	120.360000	24.480000	13.200000
	120.380000	24.576000	9.000000
	120.400000	24.588000	4.800000
	120.420000	24.528000	0.800000
	120.440000	24.384000	-3.200000
	120.460000	24.156000	-7.200000
	120.480000	23.868000	-11.000000
	120.500000	23.508000	-14.600000
	120.520000	23.076000	-18.000000
	120.540000	22.560000	-21.800000
	120.560000	21.972000	-25.600000
	120.580000	21.324000	-29.200000
	120.600000	20.616000	-32.400000
	120.620000	19.836000	-35.600000
	120.640000	18.984000	-39.000000
	120.660000	18.060000	-42.600000
	120.680000	17.088000	-45.800000
	120.700000	16.068000	-48.600000
	120.720000	14.988000	-51.200000
	120.740000	13.872000	-53.600000
	120.760000	12.720000	-55.800000
	120.780000	11.532000	-57.600000
	120.800000	10.308000	-59.400000
	120.820000	9.036000	-61.400000
	120.840000	7.752000	-63.000000
	120.860000	6.408000	-65.000000
	120.880000	5.076000	-66.000000
	120.900000	3.744000	-66.800000
	120.920000	2.400000	-66.800000
	120.940000	1.056000	-67.000000
	120.960000	-0.288000	-67.200000
	120.980000	-1.596000	-66.600000
	121.000000	-2.916000	-66.200000
	121.020000	-4.212000	-65.400000
	121.040000	-5.472000	-64.600000
	121.060000	-6.672000	-62.600000
	121.080000	-7.860000	-60.800000
	121.100000	-9.012000	-59.000000
	121.120000	-10.128000	-57.600000
	121.140000	-11.148000	-54.800000
	121.160000	-12.120000	-51.800000
	121.180000	-13.032000	-48.400000
	121.200000	-13.896000	-45.800000
	121.220000	-14.676000	-42.600000
	121.240000	-15.372000	-39.000000
	121.260000	-15.984000	-34.800000
	121.280000	-16.512000	-30.600000
	121.300000	-16.956000	-26.400000
	121.320000	-17.316000	-22.200000
	121.340000	-17.580000	-17.800000
	121.360000	-17.760000	-13.400000
	121.380000	-17.856000	-9.000000
	121.400000	-17.856000	-4.600000
	121.420000	-17.760000	0.000000
	121.440000	-17.580000	4.600000
	121.460000	-17.316000	9.000000
	121.480000	-16.980000	13.000000
	121.500000	-16.560000	17.000000
	121.520000	-16.068000	20.800000
	121.540000	-15.492000	24.800000
	121.560000	-14.844000	28.600000
	121.580000	-14.124000	32.400000
	121.600000	-13.332000	36.000000
	121.620000	-12.480000	39.400000
	121.640000	-11.556000	42.800000
	121.660000	-10.584000	45.800000
	121.680000	-9.564000	48.600000
	121.700000	-8.496000	51.000000
	121.720000	-7.368000	53.600000
	121.740000	-6.180000	56.400000
	121.760000	-4.968000	58.800000
	121.780000	-3.720000	60.800000
	121.800000	-2.460000	62.000000
	121.820000	-1.164000	63.400000
	121.840000	0.144000	64.400000
	121.860000	1.488000	65.800000
	121.880000	2.820000	66.400000
	121.900000	4.140000	66.600000
	121.920000	5.460000	66.200000
	121.940000	6.780000	66.000000
	121.960000	8.076000	65.600000
	121.980000	9.348000	64.800000
	122.000000	10.596000	63.600000
	122.020000	11.844000	62.800000
	122.040000	13.020000	61.200000
	122.060000	14.172000	59.600000
	122.080000	15.264000	57.000000
	122.100000	16.344000	55.400000
	122.120000	17.352000	53.000000
	122.140000	18.324000	51.000000
	122.160000	19.224000	48.000000
	122.180000	20.076000	45.400000
	122.200000	20.844000	42.000000
	122.220000	21.540000	38.600000
	122.240000	22.176000	35.000000
	122.260000	22.740000	31.600000
	122.280000	23.232000	28.200000
	122.300000	23.640000	24.400000
	122.320000	23.976000	20.600000
	122.340000	24.240000	16.800000
	122.360000	24.420000	13.000000
	122.380000	24.516000	9.000000
	122.400000	24.540000	5.000000
	122.420000	24.480000	1.000000
	122.440000	24.348000	-2.800000
	122.460000	24.132000	-6.800000
	122.480000	23.844000	-10.600000
	122.500000	23.472000	-14.600000
	122.520000	23.028000	-18.400000
	122.540000	22.512000	-22.200000
	122.560000	21.936000	-25.600000
	122.580000	21.288000	-29.000000
	122.600000	20.580000	-32.200000
	122.620000	19.800000	-35.600000
	122.640000	18.948000	-39.000000
	122.660000	18.036000	-42.400000
	122.680000	17.064000	-45.600000
	122.700000	16.068000	-48.000000
	122.720000	15.012000	-50.400000
	122.740000	13.920000	-52.400000
	122.760000	12.756000	-55.200000
	122.780000	11.544000	-57.800000
	122.800000	10.284000	-60.600000
	122.820000	9.012000	-62.400000
	122.840000	7.740000	-63.400000
	122.860000	6.444000	-64.000000
	122.880000	5.112000	-65.000000
	122.900000	3.768000	-66.200000
	122.920000	2.448000	-66.600000
	122.940000	1.128000	-66.400000
	122.960000	-0.228000	-66.600000
	122.980000	-1.584000	-67.200000
	123.000000	-2.892000	-67.000000
	123.020000	-4.164000	-65.600000
	123.040000	-5.424000	-64.000000
	123.060000	-6.660000	-62.800000
	123.080000	-7.848000	-61.400000
	123.100000	-8.988000	-59.400000
	123.120000	-10.080000	-57.000000
	123.140000	-11.100000	-54.200000
	123.160000	-12.060000	-51.200000
	123.180000	-12.972000	-48.200000
	123.200000	-13.836000	-45.600000
	123.220000	-14.616000	-42.600000
	123.240000	-15.312000	-39.000000
	123.260000	-15.924000	-34.800000
	123.280000	-16.452000	-30.600000
	123.300000	-16.896000	-26.400000
	123.320000	-17.256000	-22.200000
	123.340000	-17.532000	-18.000000
	123.360000	-17.724000	-13.800000
	123.380000	-17.820000	-9.400000
	123.400000	-17.820000	-4.800000
	123.420000	-17.724000	0.000000
	123.440000	-17.544000	4.600000
	123.460000	-17.280000	9.000000
	123.480000	-16.944000	13.000000
	123.500000	-16.524000	17.000000
	123.520000	-16.032000	20.800000
	123.540000	-15.456000	24.800000
	123.560000	-14.808000	28.600000
	123.580000	-14.100000	32.200000
	123.600000	-13.308000	35.800000
	123.620000	-12.456000	39.200000
	123.640000	-11.532000	42.800000
	123.660000	-10.560000	45.800000
	123.680000	-9.540000	48.600000
	123.700000	-8.484000	50.800000
	123.720000	-7.356000	53.400000
	123.740000	-6.168000	56.200000
	123.760000	-4.944000	59.000000
	123.780000	-3.732000	60.400000
	123.800000	-2.484000	61.400000
	123.820000	-1.212000	62.200000
	123.840000	0.108000	64.000000
	123.860000	1.404000	64.800000
	123.880000	2.736000	65.800000
	123.900000	4.056000	65.800000
	123.920000	5.424000	67.000000
	123.940000	6.744000	66.800000
	123.960000	8.052000	66.600000
	123.980000	9.300000	64.600000
	124.000000	10.548000	63.400000
	124.020000	11.772000	62.000000
	124.040000	12.960000	61.000000
	124.060000	14.136000	59.800000
	124.080000	15.252000	58.000000
	124.100000	16.332000	56.200000
	124.120000	17.340000	53.400000
	124.140000	18.276000	50.400000
	124.160000	19.164000	47.200000
	124.180000	19.992000	44.200000
	124.200000	20.784000	41.800000
	124.220000	21.492000	38.800000
	124.240000	22.128000	35.600000
	124.260000	22.692000	31.800000
	124.280000	23.196000	28.400000
	124.300000	23.616000	24.800000
	124.320000	23.952000	21.000000
	124.340000	24.204000	16.800000
	124.360000	24.384000	12.800000
	124.380000	24.492000	9.000000
	124.400000	24.516000	5.200000
	124.420000	24.456000	1.200000
	124.440000	24.312000	-3.000000
	124.460000	24.096000	-7.000000
	124.480000	23.796000	-11.000000
	124.500000	23.424000	-14.800000
	124.520000	22.992000	-18.400000
	124.540000	22.488000	-21.800000
	124.560000	21.912000	-25.200000
	124.580000	21.252000	-29.000000
	124.600000	20.544000	-32.400000
	124.620000	19.776000	-35.600000
	124.640000	18.948000	-38.400000
	124.660000	18.048000	-41.600000
	124.680000	17.076000	-45.000000
	124.700000	16.056000	-48.200000
	124.720000	15.000000	-50.800000
	124.740000	13.884000	-53.200000
	124.760000	12.720000	-55.600000
	124.780000	11.520000	-58.000000
	124.800000	10.296000	-59.800000
	124.820000	9.048000	-61.200000
	124.840000	7.752000	-62.800000
	124.860000	6.444000	-64.200000
	124.880000	5.124000	-65.400000
	124.900000	3.792000	-66.000000
	124.920000	2.472000	-66.200000
	124.940000	1.128000	-66.600000
	124.960000	-0.204000	-66.600000
	124.980000	-1.536000	-66.800000
	125.000000	-2.868000	-66.600000
	125.020000	-4.164000	-66.000000
	125.040000	-5.436000	-65.000000
	125.060000	-6.636000	-62.800000
	125.080000	-7.800000	-60.600000
	125.100000	-8.940000	-58.400000
	125.120000	-10.032000	-56.600000
	125.140000	-11.088000	-54.800000
	125.160000	-12.048000	-51.800000
	125.180000	-12.960000	-48.800000
	125.200000	-13.800000	-45.200000
	125.220000	-14.580000	-42.200000
	125.240000	-15.276000	-38.600000
	125.260000	-15.888000	-34.800000
	125.280000	-16.428000	-30.800000
	125.300000	-16.872000	-26.600000
	125.320000	-17.232000	-22.400000
	125.340000	-17.496000	-17.800000
	125.360000	-17.688000	-13.600000
	125.380000	-17.784000	-9.200000
	125.400000	-17.784000	-4.800000
	125.420000	-17.688000	0.000000
	125.440000	-17.508000	4.600000
	125.460000	-17.256000	8.800000
	125.480000	-16.920000	12.800000
	125.500000	-16.500000	16.800000
	125.520000	-15.996000	21.000000
	125.540000	-15.432000	24.800000
	125.560000	-14.784000	28.600000
	125.580000	-14.076000	32.000000
	125.600000	-13.284000	35.800000
	125.620000	-12.432000	39.200000
	125.640000	-11.508000	42.800000
	125.660000	-10.524000	46.000000
	125.680000	-9.492000	49.000000
	125.700000	-8.412000	51.600000
	125.720000	-7.308000	53.600000
	125.740000	-6.156000	55.600000
	125.760000	-4.956000	57.600000
	125.780000	-3.720000	59.800000
	125.800000	-2.460000	61.600000
	125.820000	-1.188000	62.800000
	125.840000	0.120000	64.000000
	125.860000	1.428000	64.800000
	125.880000	2.772000	66.000000
	125.900000	4.104000	66.400000
	125.920000	5.448000	67.000000
	125.940000	6.744000	66.200000
	125.960000	8.040000	65.600000
	125.980000	9.312000	64.400000
	126.000000	10.560000	63.600000
	126.020000	11.784000	62.400000
	126.040000	12.960000	60.800000
	126.060000	14.112000	59.200000
	126.080000	15.204000	57.000000
	126.100000	16.260000	55.000000
	126.120000	17.268000	52.600000
	126.140000	18.240000	50.600000
	126.160000	19.140000	48.000000
	126.180000	19.968000	45.000000
	126.200000	20.724000	41.400000
	126.220000	21.432000	38.200000
	126.240000	22.080000	35.200000
	126.260000	22.656000	32.200000
	126.280000	23.148000	28.600000
	126.300000	23.568000	24.800000
	126.320000	23.904000	20.800000
	126.340000	24.168000	17.000000
	126.360000	24.348000	13.000000
	126.380000	24.444000	9.000000
	126.400000	24.468000	5.000000
	126.420000	24.408000	1.000000
	126.440000	24.276000	-2.800000
	126.460000	24.048000	-7.000000
	126.480000	23.748000	-11.000000
	126.500000	23.388000	-14.800000
	126.520000	22.956000	-18.200000
	126.540000	22.464000	-21.400000
	126.560000	21.876000	-25.200000
	126.580000	21.240000	-28.600000
	126.600000	20.532000	-32.200000
	126.620000	19.764000	-35.200000
	126.640000	18.936000	-38.400000
	126.660000	18.024000	-41.800000
	126.680000	17.064000	-45.000000
	126.700000	16.044000	-48.200000
	126.720000	14.976000	-50.800000
	126.740000	13.860000	-53.400000
	126.760000	12.684000	-56.000000
	126.780000	11.496000	-58.000000
	126.800000	10.260000	-60.000000
	126.820000	9.024000	-61.000000
	126.840000	7.740000	-62.600000
	126.860000	6.456000	-63.400000
	126.880000	5.136000	-64.800000
	126.900000	3.804000	-65.600000
	126.920000	2.460000	-66.600000
	126.940000	1.116000	-67.000000
	126.960000	-0.204000	-66.800000
	126.980000	-1.536000	-66.600000
	127.000000	-2.844000	-66.000000
	127.020000	-4.128000	-65.400000
	127.040000	-5.388000	-64.200000
	127.060000	-6.612000	-62.800000
	127.080000	-7.788000	-61.000000
	127.100000	-8.904000	-58.600000
	127.120000	-9.972000	-56.000000
	127.140000	-11.028000	-54.000000
	127.160000	-12.000000	-51.600000
	127.180000	-12.924000	-49.200000
	127.200000	-13.752000	-45.400000
	127.220000	-14.520000	-42.000000
	127.240000	-15.216000	-38.200000
	127.260000	-15.828000	-34.600000
	127.280000	-16.356000	-30.600000
	127.300000	-16.800000	-26.400000
	127.320000	-17.160000	-22.200000
	127.340000	-17.448000	-18.200000
	127.360000	-17.628000	-13.800000
	127.380000	-17.724000	-9.400000
	127.400000	-17.724000	-4.600000
	127.420000	-17.640000	-0.200000
	127.440000	-17.472000	4.200000
	127.460000	-17.208000	8.600000
	127.480000	-16.872000	12.800000
	127.500000	-16.452000	17.000000
	127.520000	-15.948000	21.000000
	127.540000	-15.372000	25.000000
	127.560000	-14.724000	28.800000
	127.580000	-14.028000	32.000000
	127.600000	-13.248000	35.400000
	127.620000	-12.420000	38.400000
	127.640000	-11.520000	41.800000
	127.660000	-10.548000	45.000000
	127.680000	-9.516000	48.400000
	127.700000	-8.424000	51.600000
	127.720000	-7.320000	53.800000
	127.740000	-6.156000	56.000000
	127.760000	-4.980000	57.400000
	127.780000	-3.744000	59.600000
	127.800000	-2.508000	60.800000
	127.820000	-1.224000	62.600000
	127.840000	0.072000	63.600000
	127.860000	1.392000	65.000000
	127.880000	2.700000	65.400000
	127.900000	4.032000	66.000000
	127.920000	5.352000	66.000000
	127.940000	6.660000	66.000000
	127.960000	7.944000	65.200000
	127.980000	9.240000	64.800000
	128.000000	10.512000	64.200000
	128.020000	11.724000	63.000000
	128.040000	12.888000	60.800000
	128.060000	14.028000	58.600000
	128.080000	15.132000	56.800000
	128.100000	16.188000	55.000000
	128.120000	17.184000	52.600000
	128.140000	18.144000	50.200000
	128.160000	19.044000	47.600000
	128.180000	19.896000	45.200000
	128.200000	20.664000	42.000000
	128.220000	21.372000	38.800000
	128.240000	22.008000	35.200000
	128.260000	22.584000	32.000000
	128.280000	23.076000	28.400000
	128.300000	23.496000	24.800000
	128.320000	23.832000	20.800000
	128.340000	24.096000	17.000000
	128.360000	24.276000	13.000000
	128.380000	24.384000	9.200000
	128.400000	24.408000	5.200000
	128.420000	24.360000	1.400000
	128.440000	24.216000	-2.800000
	128.460000	24.012000	-6.600000
	128.480000	23.724000	-10.600000
	128.500000	23.376000	-14.000000
	128.520000	22.944000	-17.800000
	128.540000	22.440000	-21.400000
	128.560000	21.864000	-25.200000
	128.580000	21.216000	-28.800000
	128.600000	20.520000	-32.000000
	128.620000	19.752000	-35.200000
	128.640000	18.924000	-38.200000
	128.660000	18.024000	-41.600000
	128.680000	17.088000	-44.400000
	128.700000	16.080000	-47.400000
	128.720000	15.012000	-50.200000
	128.740000	13.896000	-53.200000
	128.760000	12.756000	-55.400000
	128.780000	11.568000	-57.400000
	128.800000	10.332000	-59.400000
	128.820000	9.072000	-61.400000
	128.840000	7.788000	-63.000000
	128.860000	6.504000	-63.800000
	128.880000	5.172000	-65.000000
	128.900000	3.864000	-65.400000
	128.920000	2.520000	-66.400000
	128.940000	1.212000	-66.000000
	128.960000	-0.120000	-66.400000
	128.980000	-1.452000	-66.200000
	129.000000	-2.772000	-66.400000
	129.020000	-4.056000	-65.600000
	129.040000	-5.292000	-64.000000
	129.060000	-6.492000	-62.000000
	129.080000	-7.668000	-60.200000
	129.100000	-8.796000	-58.400000
	129.120000	-9.888000	-56.600000
	129.140000	-10.920000	-54.200000
	129.160000	-11.892000	-51.600000
	129.180000	-12.804000	-48.600000
	129.200000	-13.656000	-45.600000
	129.220000	-14.436000	-42.400000
	129.240000	-15.132000	-38.800000
	129.260000	-15.744000	-34.800000
	129.280000	-16.284000	-30.800000
	129.300000	-16.740000	-26.800000
	129.320000	-17.112000	-22.800000
	129.340000	-17.388000	-18.400000
	129.360000	-17.580000	-14.000000
	129.380000	-17.676000	-9.400000
	129.400000	-17.688000	-5.000000
	129.420000	-17.604000	-0.400000
	129.440000	-17.436000	4.000000
	129.460000	-17.184000	8.400000
	129.480000	-16.848000	12.600000
	129.500000	-16.428000	16.800000
	129.520000	-15.948000	20.600000
	129.540000	-15.396000	24.200000
	129.560000	-14.784000	27.400000
	129.580000	-14.076000	31.200000
	129.600000	-13.296000	35.000000
	129.620000	-12.444000	39.000000
	129.640000	-11.532000	42.400000
	129.660000	-10.572000	45.400000
	129.680000	-9.564000	48.000000
	129.700000	-8.508000	50.400000
	129.720000	-7.416000	52.600000
	129.740000	-6.264000	55.000000
	129.760000	-5.088000	57.000000
	129.780000	-3.864000	59.200000
	129.800000	-2.616000	60.800000
	129.820000	-1.320000	62.800000
	129.840000	0.000000	64.400000
	129.860000	1.320000	65.600000
	129.880000	2.640000	66.000000
	129.900000	3.948000	65.800000
	129.920000	5.268000	65.800000
	129.940000	6.612000	66.200000
	129.960000	7.908000	66.000000
	129.980000	9.168000	65.000000
	130.000000	10.392000	63.000000
	130.020000	11.616000	61.800000
	130.040000	12.816000	60.800000
	130.060000	13.944000	59.200000
	130.080000	15.048000	57.200000
	130.100000	16.116000	55.000000
	130.120000	17.136000	53.200000
	130.140000	18.096000	50.800000
	130.160000	18.984000	47.800000
	130.180000	19.824000	44.800000
	130.200000	20.604000	41.800000
	130.220000	21.324000	39.000000
	130.240000	21.972000	35.800000
	130.260000	22.548000	32.400000
	130.280000	23.052000	28.800000
	130.300000	23.472000	25.000000
	130.320000	23.820000	21.200000
	130.340000	24.084000	17.200000
	130.360000	24.276000	13.400000
	130.380000	24.384000	9.400000
	130.400000	24.420000	5.600000
	130.420000	24.372000	1.600000
	130.440000	24.240000	-2.400000
	130.460000	24.024000	-6.600000
	130.480000	23.748000	-10.400000
	130.500000	23.400000	-14.000000
	130.520000	22.980000	-17.400000
	130.540000	22.476000	-21.200000
	130.560000	21.900000	-25.000000
	130.580000	21.276000	-28.400000
	130.600000	20.568000	-31.800000
	130.620000	19.800000	-35.000000
	130.640000	18.948000	-38.800000
	130.660000	18.072000	-41.600000
	130.680000	17.124000	-44.600000
	130.700000	16.128000	-47.000000
	130.720000	15.060000	-50.200000
	130.740000	13.968000	-52.600000
	130.760000	12.816000	-55.200000
	130.780000	11.628000	-57.200000
	130.800000	10.404000	-59.400000
	130.820000	9.144000	-61.200000
	130.840000	7.872000	-62.600000
	130.860000	6.552000	-64.200000
	130.880000	5.244000	-65.000000
	130.900000	3.900000	-66.200000
	130.920000	2.580000	-66.200000
	130.940000	1.236000	-66.800000
	130.960000	-0.084000	-66.400000
	130.980000	-1.416000	-66.600000
	131.000000	-2.700000	-65.600000
	131.020000	-3.984000	-65.000000
	131.040000	-5.220000	-63.400000
	131.060000	-6.444000	-62.400000
	131.080000	-7.620000	-60.600000
	131.100000	-8.772000	-59.200000
	131.120000	-9.888000	-57.400000
	131.140000	-10.932000	-55.200000
	131.160000	-11.904000	-52.200000
	131.180000	-12.804000	-48.600000
	131.200000	-13.644000	-45.200000
	131.220000	-14.424000	-42.000000
	131.240000	-15.132000	-38.800000
	131.260000	-15.768000	-35.400000
	131.280000	-16.308000	-31.400000
	131.300000	-16.764000	-27.200000
	131.320000	-17.136000	-22.800000
	131.340000	-17.424000	-18.600000
	131.360000	-17.616000	-14.200000
	131.380000	-17.712000	-9.600000
	131.400000	-17.724000	-5.000000
	131.420000	-17.652000	-0.600000
	131.440000	-17.496000	3.600000
	131.460000	-17.244000	8.000000
	131.480000	-16.908000	12.400000
	131.500000	-16.500000	16.600000
	131.520000	-16.032000	20.200000
	131.540000	-15.480000	23.800000
	131.560000	-14.856000	27.400000
	131.580000	-14.148000	31.400000
	131.600000	-13.380000	35.000000
	131.620000	-12.528000	38.800000
	131.640000	-11.628000	42.000000
	131.660000	-10.668000	45.200000
	131.680000	-9.660000	47.800000
	131.700000	-8.604000	50.400000
	131.720000	-7.488000	53.000000
	131.740000	-6.336000	55.400000
	131.760000	-5.124000	58.000000
	131.780000	-3.900000	59.800000
	131.800000	-2.640000	61.600000
	131.820000	-1.356000	62.800000
	131.840000	-0.048000	64.200000
	131.860000	1.272000	65.200000
	131.880000	2.592000	65.800000
	131.900000	3.912000	66.000000
	131.920000	5.220000	65.800000
	131.940000	6.540000	65.800000
	131.960000	7.860000	65.800000
	131.980000	9.144000	65.400000
	132.000000	10.404000	64.400000
	132.020000	11.616000	62.600000
	132.040000	12.804000	61.000000
	132.060000	13.944000	59.000000
	132.080000	15.036000	57.000000
	132.100000	16.104000	55.000000
	132.120000	17.100000	52.600000
	132.140000	18.072000	50.600000
	132.160000	18.984000	48.000000
	132.180000	19.836000	45.600000
	132.200000	20.628000	42.600000
	132.220000	21.348000	39.400000
	132.240000	22.008000	36.200000
	132.260000	22.584000	32.600000
	132.280000	23.088000	29.000000
	132.300000	23.520000	25.200000
	132.320000	23.868000	21.400000
	132.340000	24.144000	17.600000
	132.360000	24.336000	13.600000
	132.380000	24.456000	9.800000
	132.400000	24.480000	5.600000
	132.420000	24.432000	1.600000
	132.440000	24.300000	-2.600000
	132.460000	24.096000	-6.400000
	132.480000	23.808000	-10.400000
	132.500000	23.460000	-14.000000
	132.520000	23.028000	-17.800000
	132.540000	22.536000	-21.200000
	132.560000	21.972000	-24.800000
	132.580000	21.348000	-28.000000
	132.600000	20.640000	-31.600000
	132.620000	19.872000	-35.000000
	132.640000	19.032000	-38.600000
	132.660000	18.156000	-41.400000
	132.680000	17.184000	-44.800000
	132.700000	16.200000	-47.200000
	132.720000	15.132000	-50.400000
	132.740000	14.040000	-52.400000
	132.760000	12.864000	-55.600000
	132.780000	11.652000	-58.000000
	132.800000	10.416000	-60.400000
	132.820000	9.156000	-61.800000
	132.840000	7.884000	-62.800000
	132.860000	6.588000	-63.800000
	132.880000	5.256000	-65.000000
	132.900000	3.924000	-66.000000
	132.920000	2.592000	-66.600000
	132.940000	1.248000	-66.800000
	132.960000	-0.072000	-66.600000
	132.980000	-1.416000	-66.800000
	133.000000	-2.700000	-65.800000
	133.020000	-4.008000	-65.600000
	133.040000	-5.268000	-64.200000
	133.060000	-6.492000	-63.200000
	133.080000	-7.656000	-60.800000
	133.100000	-8.784000	-58.600000
	133.120000	-9.888000	-56.600000
	133.140000	-10.956000	-55.000000
	133.160000	-11.940000	-52.600000
	133.180000	-12.864000	-49.600000
	133.200000	-13.704000	-45.800000
	133.220000	-14.484000	-42.400000
	133.240000	-15.180000	-38.600000
	133.260000	-15.804000	-35.000000
	133.280000	-16.356000	-31.200000
	133.300000	-16.812000	-27.200000
	133.320000	-17.184000	-23.000000
	133.340000	-17.472000	-18.600000
	133.360000	-17.664000	-14.200000
	133.380000	-17.772000	-9.800000
	133.400000	-17.784000	-5.200000
	133.420000	-17.712000	-0.800000
	133.440000	-17.544000	3.800000
	133.460000	-17.292000	8.200000
	133.480000	-16.956000	12.600000
	133.500000	-16.536000	16.800000
	133.520000	-16.044000	20.800000
	133.540000	-15.480000	24.600000
	133.560000	-14.856000	28.000000
	133.580000	-14.148000	31.600000
	133.600000	-13.380000	35.000000
	133.620000	-12.528000	38.800000
	133.640000	-11.640000	41.800000
	133.660000	-10.668000	45.200000
	133.680000	-9.660000	47.800000
	133.700000	-8.568000	51.200000
	133.720000	-7.440000	53.800000
	133.740000	-6.300000	56.000000
	133.760000	-5.100000	57.800000
	133.780000	-3.888000	59.200000
	133.800000	-2.604000	61.600000
	133.820000	-1.320000	63.000000
	133.840000	-0.012000	64.600000
	133.860000	1.296000	65.000000
	133.880000	2.604000	65.400000
	133.900000	3.912000	65.400000
	133.920000	5.256000	66.000000
	133.940000	6.576000	66.200000
	133.960000	7.896000	66.400000
	133.980000	9.156000	65.000000
	134.000000	10.416000	64.000000
	134.020000	11.628000	62.200000
	134.040000	12.828000	61.200000
	134.060000	13.968000	59.200000
	134.080000	15.084000	57.600000
	134.100000	16.164000	55.600000
	134.120000	17.196000	53.800000
	134.140000	18.168000	51.400000
	134.160000	19.068000	48.400000
	134.180000	19.908000	45.200000
	134.200000	20.700000	42.200000
	134.220000	21.408000	39.000000
	134.240000	22.056000	35.800000
	134.260000	22.620000	32.000000
	134.280000	23.124000	28.600000
	134.300000	23.556000	25.000000
	134.320000	23.916000	21.600000
	134.340000	24.192000	17.800000
	134.360000	24.384000	13.800000
	134.380000	24.492000	9.600000
	134.400000	24.516000	5.400000
	134.420000	24.456000	1.200000
	134.440000	24.312000	-3.000000
	134.460000	24.108000	-6.800000
	134.480000	23.832000	-10.400000
	134.500000	23.484000	-13.800000
	134.520000	23.052000	-17.600000
	134.540000	22.560000	-21.200000
	134.560000	21.996000	-24.800000
	134.580000	21.360000	-28.200000
	134.600000	20.640000	-32.000000
	134.620000	19.860000	-35.600000
	134.640000	19.020000	-39.000000
	134.660000	18.132000	-41.800000
	134.680000	17.184000	-44.600000
	134.700000	16.188000	-47.200000
	134.720000	15.108000	-50.400000
	134.740000	14.004000	-53.000000
	134.760000	12.828000	-56.000000
	134.780000	11.628000	-58.000000
	134.800000	10.356000	-60.800000
	134.820000	9.108000	-62.000000
	134.840000	7.836000	-63.200000
	134.860000	6.564000	-63.200000
	134.880000	5.220000	-64.800000
	134.900000	3.888000	-65.800000
	134.920000	2.544000	-67.000000
	134.940000	1.224000	-66.600000
	134.960000	-0.096000	-66.400000
	134.980000	-1.440000	-66.400000
	135.000000	-2.760000	-66.400000
	135.020000	-4.056000	-66.000000
	135.040000	-5.292000	-64.200000
	135.060000	-6.492000	-62.200000
	135.080000	-7.692000	-60.600000
	135.100000	-8.844000	-59.200000
	135.120000	-9.948000	-57.600000
	135.140000	-10.968000	-54.600000
	135.160000	-11.940000	-51.600000
	135.180000	-12.864000	-48.600000
	135.200000	-13.728000	-46.000000
	135.220000	-14.508000	-42.800000
	135.240000	-15.204000	-39.000000
	135.260000	-15.828000	-35.000000
	135.280000	-16.380000	-31.200000
	135.300000	-16.836000	-27.200000
	135.320000	-17.196000	-22.800000
	135.340000	-17.472000	-18.200000
	135.360000	-17.664000	-13.800000
	135.380000	-17.772000	-9.600000
	135.400000	-17.784000	-5.200000
	135.420000	-17.712000	-0.800000
	135.440000	-17.544000	3.800000
	135.460000	-17.292000	8.200000
	135.480000	-16.956000	12.600000
	135.500000	-16.548000	16.600000
	135.520000	-16.056000	20.600000
	135.540000	-15.492000	24.400000
	135.560000	-14.844000	28.400000
	135.580000	-14.136000	32.000000
	135.600000	-13.368000	35.400000
	135.620000	-12.528000	38.600000
	135.640000	-11.616000	42.000000
	135.660000	-10.644000	45.400000
	135.680000	-9.600000	48.800000
	135.700000	-8.520000	51.600000
	135.720000	-7.404000	54.000000
	135.740000	-6.276000	55.400000
	135.760000	-5.088000	57.200000
	135.780000	-3.828000	59.600000
	135.800000	-2.568000	61.800000
	135.820000	-1.284000	63.400000
	135.840000	0.000000	63.800000
	135.860000	1.320000	64.800000
	135.880000	2.640000	65.400000
	135.900000	3.972000	66.200000
	135.920000	5.292000	66.200000
	135.940000	6.600000	66.000000
	135.960000	7.896000	65.400000
	135.980000	9.180000	64.800000
	136.000000	10.452000	64.200000
	136.020000	11.688000	63.200000
	136.040000	12.900000	62.000000
	136.060000	14.040000	59.800000
	136.080000	15.132000	57.400000
	136.100000	16.188000	54.800000
	136.120000	17.208000	52.800000
	136.140000	18.168000	50.600000
	136.160000	19.068000	48.000000
	136.180000	19.908000	45.000000
	136.200000	20.700000	42.200000
	136.220000	21.420000	39.200000
	136.240000	22.068000	36.000000
	136.260000	22.632000	32.200000
	136.280000	23.124000	28.400000
	136.300000	23.556000	24.800000
	136.320000	23.904000	21.200000
	136.340000	24.168000	17.400000
	136.360000	24.348000	13.200000
	136.380000	24.456000	9.200000
	136.400000	24.492000	5.400000
	136.420000	24.444000	1.600000
	136.440000	24.312000	-2.400000
	136.460000	24.096000	-6.600000
	136.480000	23.808000	-10.600000
	136.500000	23.448000	-14.400000
	136.520000	23.028000	-17.800000
	136.540000	22.524000	-21.400000
	136.560000	21.948000	-25.000000
	136.580000	21.312000	-28.600000
	136.600000	20.616000	-31.800000
	136.620000	19.848000	-35.000000
	136.640000	18.996000	-38.600000
	136.660000	18.108000	-41.800000
	136.680000	17.148000	-45.000000
	136.700000	16.128000	-47.800000
	136.720000	15.048000	-51.000000
	136.740000	13.956000	-53.200000
	136.760000	12.816000	-55.200000
	136.780000	11.616000	-57.200000
	136.800000	10.368000	-59.800000
	136.820000	9.120000	-61.600000
	136.840000	7.836000	-63.000000
	136.860000	6.528000	-64.000000
	136.880000	5.196000	-65.400000
	136.900000	3.876000	-66.000000
	136.920000	2.556000	-66.200000
	136.940000	1.236000	-66.000000
	136.960000	-0.096000	-66.200000
	136.980000	-1.428000	-66.400000
	137.000000	-2.760000	-66.600000
	137.020000	-4.044000	-65.800000
	137.040000	-5.280000	-64.200000
	137.060000	-6.492000	-62.200000
	137.080000	-7.680000	-60.600000
	137.100000	-8.820000	-59.000000
	137.120000	-9.912000	-57.000000
	137.140000	-10.944000	-54.400000
	137.160000	-11.928000	-51.800000
	137.180000	-12.840000	-48.800000
	137.200000	-13.680000	-45.600000
	137.220000	-14.460000	-42.200000
	137.240000	-15.180000	-39.000000
	137.260000	-15.804000	-35.400000
	137.280000	-16.344000	-31.400000
	137.300000	-16.788000	-26.800000
	137.320000	-17.172000	-22.800000
	137.340000	-17.460000	-18.600000
	137.360000	-17.652000	-14.400000
	137.380000	-17.748000	-9.600000
	137.400000	-17.760000	-5.000000
	137.420000	-17.676000	-0.400000
	137.440000	-17.508000	4.000000
	137.460000	-17.256000	8.400000
	137.480000	-16.932000	12.400000
	137.500000	-16.524000	16.400000
	137.520000	-16.044000	20.200000
	137.540000	-15.468000	24.400000
	137.560000	-14.832000	28.200000
	137.580000	-14.124000	32.000000
	137.600000	-13.356000	35.200000
	137.620000	-12.504000	38.800000
	137.640000	-11.580000	42.400000
	137.660000	-10.608000	45.800000
	137.680000	-9.600000	48.400000
	137.700000	-8.544000	50.600000
	137.720000	-7.428000	53.000000
	137.740000	-6.276000	55.400000
	137.760000	-5.076000	57.800000
	137.780000	-3.840000	59.800000
	137.800000	-2.580000	61.600000
	137.820000	-1.296000	63.000000
	137.840000	0.000000	64.000000
	137.860000	1.320000	65.000000
	137.880000	2.628000	65.400000
	137.900000	3.960000	66.000000
	137.920000	5.280000	66.000000
	137.940000	6.612000	66.400000
	137.960000	7.896000	65.600000
	137.980000	9.180000	65.000000
	138.000000	10.440000	63.800000
	138.020000	11.676000	63.000000
	138.040000	12.852000	61.200000
	138.060000	13.992000	59.200000
	138.080000	15.108000	57.200000
	138.100000	16.188000	55.600000
	138.120000	17.196000	53.400000
	138.140000	18.144000	50.600000
	138.160000	19.044000	47.600000
	138.180000	19.896000	45.000000
	138.200000	20.664000	42.000000
	138.220000	21.372000	38.800000
	138.240000	22.020000	35.400000
	138.260000	22.596000	32.200000
	138.280000	23.100000	28.800000
	138.300000	23.520000	25.000000
	138.320000	23.868000	21.200000
	138.340000	24.144000	17.400000
	138.360000	24.336000	13.600000
	138.380000	24.444000	9.600000
	138.400000	24.468000	5.400000
	138.420000	24.408000	1.200000
	138.440000	24.288000	-2.600000
	138.460000	24.084000	-6.400000
	138.480000	23.808000	-10.000000
	138.500000	23.436000	-14.200000
	138.520000	23.004000	-18.000000
	138.540000	22.500000	-21.800000
	138.560000	21.948000	-24.800000
	138.580000	21.300000	-28.400000
	138.600000	20.592000	-31.800000
	138.620000	19.812000	-35.600000
	138.640000	18.972000	-38.800000
	138.660000	18.084000	-41.800000
	138.680000	17.136000	-44.600000
	138.700000	16.140000	-47.200000
	138.720000	15.072000	-50.200000
	138.740000	13.944000	-53.200000
	138.760000	12.792000	-55.800000
	138.780000	11.616000	-57.600000
	138.800000	10.404000	-59.000000
	138.820000	9.132000	-61.000000
	138.840000	7.848000	-62.800000
	138.860000	6.552000	-64.200000
	138.880000	5.268000	-64.400000
	138.900000	3.936000	-65.200000
	138.920000	2.592000	-66.000000
	138.940000	1.248000	-67.000000
	138.960000	-0.084000	-67.000000
	138.980000	-1.380000	-66.200000
	139.000000	-2.688000	-65.600000
	139.020000	-3.960000	-64.600000
	139.040000	-5.220000	-64.000000
	139.060000	-6.456000	-62.800000
	139.080000	-7.656000	-61.600000
	139.100000	-8.796000	-59.600000
	139.120000	-9.876000	-57.000000
	139.140000	-10.896000	-54.000000
	139.160000	-11.880000	-51.400000
	139.180000	-12.780000	-48.400000
	139.200000	-13.632000	-45.600000
	139.220000	-14.424000	-42.400000
	139.240000	-15.144000	-39.400000
	139.260000	-15.780000	-35.800000
	139.280000	-16.320000	-31.600000
	139.300000	-16.776000	-27.200000
	139.320000	-17.148000	-22.800000
	139.340000	-17.424000	-18.400000
	139.360000	-17.616000	-14.000000
	139.380000	-17.712000	-9.400000
	139.400000	-17.724000	-5.000000
	139.420000	-17.652000	-0.600000
	139.440000	-17.496000	3.600000
	139.460000	-17.256000	7.800000
	139.480000	-16.920000	12.200000
	139.500000	-16.512000	16.400000
	139.520000	-16.020000	20.600000
	139.540000	-15.444000	24.600000
	139.560000	-14.808000	28.400000
	139.580000	-14.112000	31.800000
	139.600000	-13.356000	34.800000
	139.620000	-12.504000	38.400000
	139.640000	-11.592000	42.000000
	139.660000	-10.632000	45.400000
	139.680000	-9.612000	48.200000
	139.700000	-8.544000	50.800000
	139.720000	-7.440000	53.200000
	139.740000	-6.300000	55.200000
	139.760000	-5.100000	57.400000
	139.780000	-3.852000	59.800000
	139.800000	-2.592000	61.800000
	139.820000	-1.308000	63.200000
	139.840000	-0.024000	63.800000
	139.860000	1.272000	64.400000
	139.880000	2.568000	64.600000
	139.900000	3.900000	65.400000
	139.920000	5.220000	65.800000
	139.940000	6.552000	66.400000
	139.960000	7.836000	65.600000
	139.980000	9.120000	65.000000
	140.000000	10.368000	63.600000
	140.020000	11.604000	62.800000
	140.040000	12.792000	61.200000
	140.060000	13.944000	59.600000
	140.080000	15.060000	57.600000
	140.100000	16.152000	56.000000
	140.120000	17.172000	53.800000
	140.140000	18.120000	51.000000
	140.160000	19.008000	47.600000
	140.180000	19.836000	44.400000
	140.200000	20.628000	41.800000
	140.220000	21.348000	39.000000
	140.240000	22.008000	36.200000
	140.260000	22.584000	32.600000
	140.280000	23.088000	29.000000
	140.300000	23.520000	25.200000
	140.320000	23.868000	21.400000
	140.340000	24.132000	17.400000
	140.360000	24.312000	13.200000
	140.380000	24.420000	9.200000
	140.400000	24.456000	5.400000
	140.420000	24.408000	1.600000
	140.440000	24.276000	-2.400000
	140.460000	24.060000	-6.600000
	140.480000	23.784000	-10.400000
	140.500000	23.436000	-14.000000
	140.520000	23.016000	-17.400000
	140.540000	22.512000	-21.200000
	140.560000	21.936000	-25.000000
	140.580000	21.300000	-28.600000
	140.600000	20.592000	-32.000000
	140.620000	19.836000	-35.000000
	140.640000	18.996000	-38.400000
	140.660000	18.120000	-41.200000
	140.680000	17.172000	-44.400000
	140.700000	16.176000	-47.000000
	140.720000	15.120000	-50.000000
	140.740000	14.004000	-52.800000
	140.760000	12.840000	-55.600000
	140.780000	11.628000	-58.200000
	140.800000	10.404000	-60.000000
	140.820000	9.156000	-61.400000
	140.840000	7.872000	-62.600000
	140.860000	6.588000	-63.600000
	140.880000	5.280000	-64.600000
	140.900000	3.948000	-65.400000
	140.920000	2.592000	-66.600000
	140.940000	1.260000	-67.000000
	140.960000	-0.036000	-66.400000
	140.980000	-1.344000	-65.600000
	141.000000	-2.652000	-65.200000
	141.020000	-3.936000	-65.000000
	141.040000	-5.196000	-64.200000
	141.060000	-6.420000	-62.800000
	141.080000	-7.608000	-61.200000
	141.100000	-8.748000	-59.200000
	141.120000	-9.828000	-56.800000
	141.140000	-10.884000	-54.600000
	141.160000	-11.868000	-52.000000
	141.180000	-12.792000	-49.400000
	141.200000	-13.632000	-45.800000
	141.220000	-14.412000	-42.400000
	141.240000	-15.132000	-39.000000
	141.260000	-15.768000	-35.600000
	141.280000	-16.308000	-31.600000
	141.300000	-16.764000	-27.200000
	141.320000	-17.136000	-22.800000
	141.340000	-17.424000	-18.600000
	141.360000	-17.616000	-14.200000
	141.380000	-17.712000	-9.600000
	141.400000	-17.724000	-5.000000
	141.420000	-17.652000	-0.600000
	141.440000	-17.496000	3.600000
	141.460000	-17.256000	7.800000
	141.480000	-16.932000	12.000000
	141.500000	-16.524000	16.200000
	141.520000	-16.044000	20.200000
	141.540000	-15.480000	24.200000
	141.560000	-14.844000	28.000000
	141.580000	-14.136000	31.800000
	141.600000	-13.356000	35.400000
	141.620000	-12.516000	38.800000
	141.640000	-11.628000	41.800000
	141.660000	-10.680000	44.600000
	141.680000	-9.672000	47.400000
	141.700000	-8.604000	50.400000
	141.720000	-7.488000	53.200000
	141.740000	-6.324000	55.800000
	141.760000	-5.112000	58.200000
	141.780000	-3.864000	60.400000
	141.800000	-2.604000	62.000000
	141.820000	-1.332000	63.000000
	141.840000	-0.048000	63.600000
	141.860000	1.260000	64.400000
	141.880000	2.604000	65.600000
	141.900000	3.936000	66.400000
	141.920000	5.244000	66.400000
	141.940000	6.540000	65.600000
	141.960000	7.836000	65.000000
	141.980000	9.120000	64.600000
	142.000000	10.368000	63.800000
	142.020000	11.580000	62.400000
	142.040000	12.792000	61.200000
	142.060000	13.944000	59.600000
	142.080000	15.072000	58.200000
	142.100000	16.116000	55.400000
	142.120000	17.124000	53.000000
	142.140000	18.072000	50.000000
	142.160000	18.984000	47.800000
	142.180000	19.836000	45.200000
	142.200000	20.628000	42.600000
	142.220000	21.336000	39.200000
	142.240000	21.984000	35.800000
	142.260000	22.560000	32.200000
	142.280000	23.064000	28.800000
	142.300000	23.508000	25.400000
	142.320000	23.868000	21.800000
	142.340000	24.144000	18.000000
	142.360000	24.324000	13.600000
	142.380000	24.420000	9.200000
	142.400000	24.456000	5.200000
	142.420000	24.408000	1.400000
	142.440000	24.288000	-2.200000
	142.460000	24.084000	-6.200000
	142.480000	23.808000	-10.000000
	142.500000	23.460000	-13.800000
	142.520000	23.040000	-17.400000
	142.540000	22.536000	-21.200000
	142.560000	21.960000	-25.000000
	142.580000	21.324000	-28.600000
	142.600000	20.640000	-31.600000
	142.620000	19.884000	-34.600000
	142.640000	19.056000	-37.800000
	142.660000	18.168000	-41.200000
	142.680000	17.208000	-44.600000
	142.700000	16.188000	-47.800000
	142.720000	15.108000	-51.000000
	142.740000	14.016000	-53.200000
	142.760000	12.888000	-55.000000
	142.780000	11.712000	-56.600000
	142.800000	10.476000	-59.000000
	142.820000	9.216000	-61.200000
	142.840000	7.932000	-63.000000
	142.860000	6.624000	-64.200000
	142.880000	5.280000	-65.600000
	142.900000	3.948000	-66.400000
	142.920000	2.628000	-66.600000
	142.940000	1.308000	-66.200000
	142.960000	-0.012000	-66.000000
	142.980000	-1.356000	-66.400000
	143.000000	-2.664000	-66.200000
	143.020000	-3.960000	-65.800000
	143.040000	-5.196000	-64.000000
	143.060000	-6.396000	-62.200000
	143.080000	-7.584000	-60.400000
	143.100000	-8.736000	-59.000000
	143.120000	-9.852000	-57.600000
	143.140000	-10.884000	-55.000000
	143.160000	-11.856000	-52.000000
	143.180000	-12.768000	-48.600000
	143.200000	-13.608000	-45.400000
	143.220000	-14.400000	-42.400000
	143.240000	-15.108000	-39.000000
	143.260000	-15.756000	-35.800000
	143.280000	-16.296000	-31.600000
	143.300000	-16.764000	-27.600000
	143.320000	-17.136000	-23.000000
	143.340000	-17.424000	-18.800000
	143.360000	-17.616000	-14.200000
	143.380000	-17.724000	-9.800000
	143.400000	-17.748000	-5.400000
	143.420000	-17.688000	-1.200000
	143.440000	-17.532000	3.200000
	143.460000	-17.292000	7.600000
	143.480000	-16.956000	12.200000
	143.500000	-16.548000	16.400000
	143.520000	-16.068000	20.400000
	143.540000	-15.516000	24.000000
	143.560000	-14.892000	27.600000
	143.580000	-14.184000	31.400000
	143.600000	-13.404000	35.200000
	143.620000	-12.564000	38.800000
	143.640000	-11.676000	41.800000
	143.660000	-10.728000	44.600000
	143.680000	-9.720000	47.400000
	143.700000	-8.652000	50.400000
	143.720000	-7.524000	53.400000
	143.740000	-6.348000	56.200000
	143.760000	-5.136000	58.600000
	143.780000	-3.924000	60.000000
	143.800000	-2.688000	61.000000
	143.820000	-1.416000	62.000000
	143.840000	-0.108000	63.600000
	143.860000	1.224000	65.200000
	143.880000	2.544000	66.000000
	143.900000	3.852000	66.000000
	143.920000	5.184000	66.000000
	143.940000	6.492000	65.800000
	143.960000	7.800000	65.800000
	143.980000	9.060000	64.600000
	144.000000	10.332000	64.000000
	144.020000	11.556000	62.600000
	144.040000	12.756000	61.600000
	144.060000	13.920000	59.800000
	144.080000	15.048000	58.200000
	144.100000	16.116000	56.000000
	144.120000	17.124000	53.400000
	144.140000	18.072000	50.400000
	144.160000	18.972000	47.600000
	144.180000	19.824000	45.000000
	144.200000	20.628000	42.600000
	144.220000	21.360000	39.800000
	144.240000	22.020000	36.600000
	144.260000	22.596000	32.800000
	144.280000	23.100000	29.000000
	144.300000	23.520000	25.000000
	144.320000	23.880000	21.400000
	144.340000	24.156000	17.600000
	144.360000	24.348000	13.800000
	144.380000	24.456000	9.600000
	144.400000	24.492000	5.600000
	144.420000	24.444000	1.600000
	144.440000	24.324000	-2.200000
	144.460000	24.120000	-6.200000
	144.480000	23.856000	-9.800000
	144.500000	23.484000	-14.000000
	144.520000	23.052000	-17.800000
	144.540000	22.548000	-21.800000
	144.560000	21.996000	-24.800000
	144.580000	21.372000	-28.000000
	144.600000	20.676000	-31.200000
	144.620000	19.908000	-34.800000
	144.640000	19.068000	-38.400000
	144.660000	18.168000	-41.800000
	144.680000	17.232000	-44.600000
	144.700000	16.236000	-47.200000
	144.720000	15.180000	-49.800000
	144.740000	14.064000	-52.800000
	144.760000	12.900000	-55.600000
	144.780000	11.712000	-57.800000
	144.800000	10.500000	-59.400000
	144.820000	9.276000	-60.400000
	144.840000	8.004000	-61.800000
	144.860000	6.696000	-63.400000
	144.880000	5.376000	-65.000000
	144.900000	4.032000	-66.200000
	144.920000	2.688000	-66.800000
	144.940000	1.332000	-67.400000
	144.960000	0.012000	-67.000000
	144.980000	-1.308000	-66.600000
	145.000000	-2.628000	-66.000000
	145.020000	-3.936000	-65.800000
	145.040000	-5.184000	-64.600000
	145.060000	-6.408000	-63.000000
	145.080000	-7.572000	-60.600000
	145.100000	-8.736000	-59.200000
	145.120000	-9.816000	-56.800000
	145.140000	-10.872000	-55.000000
	145.160000	-11.856000	-52.000000
	145.180000	-12.780000	-49.400000
	145.200000	-13.632000	-46.000000
	145.220000	-14.412000	-42.600000
	145.240000	-15.132000	-39.200000
	145.260000	-15.768000	-35.600000
	145.280000	-16.320000	-31.800000
	145.300000	-16.788000	-27.600000
	145.320000	-17.172000	-23.400000
	145.340000	-17.460000	-19.000000
	145.360000	-17.652000	-14.400000
	145.380000	-17.760000	-9.800000
	145.400000	-17.784000	-5.400000
	145.420000	-17.724000	-1.200000
	145.440000	-17.568000	3.200000
	145.460000	-17.328000	7.600000
	145.480000	-17.004000	12.000000
	145.500000	-16.608000	16.000000
	145.520000	-16.128000	20.000000
	145.540000	-15.552000	24.200000
	145.560000	-14.916000	28.200000
	145.580000	-14.196000	32.200000
	145.600000	-13.440000	35.200000
	145.620000	-12.600000	38.600000
	145.640000	-11.712000	41.400000
	145.660000	-10.740000	45.000000
	145.680000	-9.720000	48.000000
	145.700000	-8.640000	51.200000
	145.720000	-7.524000	53.600000
	145.740000	-6.372000	55.800000
	145.760000	-5.208000	57.200000
	145.780000	-3.996000	58.800000
	145.800000	-2.736000	60.600000
	145.820000	-1.440000	62.800000
	145.840000	-0.132000	64.400000
	145.860000	1.212000	65.800000
	145.880000	2.556000	66.600000
	145.900000	3.888000	67.000000
	145.920000	5.172000	66.000000
	145.940000	6.468000	65.200000
	145.960000	7.776000	64.800000
	145.980000	9.084000	65.200000
	146.000000	10.368000	65.000000
	146.020000	11.592000	63.600000
	146.040000	12.780000	61.600000
	146.060000	13.920000	59.200000
	146.080000	15.036000	57.400000
	146.100000	16.104000	55.400000
	146.120000	17.124000	53.400000
	146.140000	18.084000	50.800000
	146.160000	19.008000	48.400000
	146.180000	19.860000	45.600000
	146.200000	20.664000	43.000000
	146.220000	21.372000	39.400000
	146.240000	22.032000	36.200000
	146.260000	22.608000	32.400000
	146.280000	23.124000	29.200000
	146.300000	23.556000	25.400000
	146.320000	23.904000	21.600000
	146.340000	24.180000	17.600000
	146.360000	24.372000	13.600000
	146.380000	24.492000	9.800000
	146.400000	24.528000	5.800000
	146.420000	24.480000	1.800000
	146.440000	24.348000	-2.400000
	146.460000	24.144000	-6.400000
	146.480000	23.868000	-10.200000
	146.500000	23.520000	-13.800000
	146.520000	23.088000	-17.600000
	146.540000	22.584000	-21.400000
	146.560000	22.020000	-25.000000
	146.580000	21.384000	-28.400000
	146.600000	20.700000	-31.400000
	146.620000	19.920000	-35.000000
	146.640000	19.080000	-38.400000
	146.660000	18.168000	-42.200000
	146.680000	17.232000	-44.800000
	146.700000	16.236000	-47.400000
	146.720000	15.192000	-49.600000
	146.740000	14.064000	-52.800000
	146.760000	12.912000	-55.400000
	146.780000	11.700000	-58.200000
	146.800000	10.488000	-59.600000
	146.820000	9.252000	-61.000000
	146.840000	7.992000	-61.800000
	146.860000	6.708000	-63.000000
	146.880000	5.376000	-64.600000
	146.900000	4.044000	-65.800000
	146.920000	2.688000	-67.000000
	146.940000	1.356000	-67.000000
	146.960000	0.012000	-67.200000
	146.980000	-1.308000	-66.600000
	147.000000	-2.628000	-66.400000
	147.020000	-3.924000	-65.600000
	147.040000	-5.184000	-64.600000
	147.060000	-6.408000	-63.000000
	147.080000	-7.572000	-60.800000
	147.100000	-8.712000	-58.800000
	147.120000	-9.816000	-56.800000
	147.140000	-10.884000	-55.200000
	147.160000	-11.880000	-52.800000
	147.180000	-12.816000	-50.000000
	147.200000	-13.668000	-46.400000
	147.220000	-14.448000	-42.800000
	147.240000	-15.156000	-39.000000
	147.260000	-15.780000	-35.200000
	147.280000	-16.344000	-31.600000
	147.300000	-16.800000	-27.400000
	147.320000	-17.184000	-23.400000
	147.340000	-17.472000	-18.800000
	147.360000	-17.676000	-14.600000
	147.380000	-17.784000	-10.000000
	147.400000	-17.796000	-5.400000
	147.420000	-17.724000	-0.800000
	147.440000	-17.568000	3.600000
	147.460000	-17.328000	7.800000
	147.480000	-17.004000	12.000000
	147.500000	-16.596000	16.200000
	147.520000	-16.104000	20.400000
	147.540000	-15.540000	24.400000
	147.560000	-14.904000	28.200000
	147.580000	-14.208000	31.600000
	147.600000	-13.428000	35.200000
	147.620000	-12.588000	38.600000
	147.640000	-11.688000	42.000000
	147.660000	-10.740000	44.800000
	147.680000	-9.720000	47.800000
	147.700000	-8.664000	50.400000
	147.720000	-7.548000	53.200000
	147.740000	-6.396000	55.400000
	147.760000	-5.184000	58.000000
	147.780000	-3.948000	60.000000
	147.800000	-2.688000	61.800000
	147.820000	-1.392000	63.200000
	147.840000	-0.084000	64.400000
	147.860000	1.224000	65.200000
	147.880000	2.532000	65.400000
	147.900000	3.864000	65.800000
	147.920000	5.208000	66.400000
	147.940000	6.552000	67.000000
	147.960000	7.872000	66.800000
	147.980000	9.132000	65.400000
	148.000000	10.392000	64.000000
	148.020000	11.592000	62.000000
	148.040000	12.816000	61.400000
	148.060000	13.956000	59.400000
	148.080000	15.072000	58.000000
	148.100000	16.140000	55.400000
	148.120000	17.160000	53.400000
	148.140000	18.132000	51.000000
	148.160000	19.020000	48.000000
	148.180000	19.860000	45.000000
	148.200000	20.640000	41.800000
	148.220000	21.360000	39.000000
	148.240000	22.020000	36.000000
	148.260000	22.608000	32.800000
	148.280000	23.124000	29.400000
	148.300000	23.556000	25.600000
	148.320000	23.904000	21.600000
	148.340000	24.180000	17.600000
	148.360000	24.372000	13.600000
	148.380000	24.492000	9.800000
	148.400000	24.516000	5.600000
	148.420000	24.468000	1.600000
	148.440000	24.336000	-2.600000
	148.460000	24.132000	-6.400000
	148.480000	23.856000	-10.200000
	148.500000	23.496000	-14.000000
	148.520000	23.064000	-17.800000
	148.540000	22.560000	-21.600000
	148.560000	21.996000	-25.000000
	148.580000	21.372000	-28.200000
	148.600000	20.664000	-31.600000
	148.620000	19.908000	-34.800000
	148.640000	19.080000	-38.200000
	148.660000	18.204000	-41.000000
	148.680000	17.244000	-44.400000
	148.700000	16.236000	-47.400000
	148.720000	15.168000	-50.600000
	148.740000	14.064000	-53.000000
	148.760000	12.924000	-55.200000
	148.780000	11.736000	-57.200000
	148.800000	10.512000	-59.200000
	148.820000	9.252000	-61.200000
	148.840000	7.968000	-62.800000
	148.860000	6.660000	-64.200000
	148.880000	5.328000	-65.400000
	148.900000	3.996000	-66.200000
	148.920000	2.652000	-66.800000
	148.940000	1.320000	-66.800000
	148.960000	-0.024000	-67.000000
	148.980000	-1.332000	-66.400000
	149.000000	-2.652000	-66.200000
	149.020000	-3.936000	-65.200000
	149.040000	-5.208000	-64.600000
	149.060000	-6.432000	-63.000000
	149.080000	-7.608000	-61.200000
	149.100000	-8.748000	-59.000000
	149.120000	-9.852000	-57.000000
	149.140000	-10.920000	-55.200000
	149.160000	-11.916000	-52.800000
	149.180000	-12.828000	-49.600000
	149.200000	-13.668000	-45.800000
	149.220000	-14.448000	-42.200000
	149.240000	-15.156000	-38.800000
	149.260000	-15.792000	-35.400000
	149.280000	-16.344000	-31.600000
	149.300000	-16.812000	-27.600000
	149.320000	-17.184000	-23.200000
	149.340000	-17.472000	-18.800000
	149.360000	-17.676000	-14.400000
	149.380000	-17.796000	-10.200000
	149.400000	-17.820000	-5.800000
	149.420000	-17.748000	-1.200000
	149.440000	-17.580000	3.600000
	149.460000	-17.328000	8.200000
	149.480000	-17.004000	12.400000
	149.500000	-16.596000	16.400000
	149.520000	-16.116000	20.200000
	149.540000	-15.552000	24.200000
	149.560000	-14.928000	27.800000
	149.580000	-14.220000	31.600000
	149.600000	-13.452000	35.000000
	149.620000	-12.588000	39.000000
	149.640000	-11.688000	42.200000
	149.660000	-10.704000	45.800000
	149.680000	-9.720000	47.800000
	149.700000	-8.640000	50.800000
	149.720000	-7.536000	52.800000
	149.740000	-6.360000	56.000000
	149.760000	-5.172000	57.800000
	149.780000	-3.948000	59.800000
	149.800000	-2.700000	61.000000
	149.820000	-1.392000	63.000000
	149.840000	-0.084000	64.400000
	149.860000	1.260000	66.000000
	149.880000	2.568000	66.000000
	149.900000	3.900000	66.400000
	149.920000	5.208000	65.800000
	149.940000	6.528000	66.000000
	149.960000	7.812000	65.200000
	149.980000	9.108000	65.000000
	150.000000	10.368000	64.000000
	150.020000	11.616000	63.400000
	150.040000	12.780000	61.200000
	150.060000	13.932000	59.400000
	150.080000	15.036000	57.000000
	150.100000	16.128000	55.800000
	150.120000	17.148000	53.600000
	150.140000	18.120000	51.400000
	150.160000	19.020000	48.200000
	150.180000	19.860000	45.200000
	150.200000	20.652000	42.200000
	150.220000	21.384000	39.400000
	150.240000	22.044000	36.400000
	150.260000	22.620000	32.800000
	150.280000	23.124000	29.000000
	150.300000	23.556000	25.200000
	150.320000	23.904000	21.400000
	150.340000	24.180000	17.600000
	150.360000	24.372000	13.600000
	150.380000	24.492000	9.800000
	150.400000	24.516000	5.600000
	150.420000	24.468000	1.600000
	150.440000	24.336000	-2.600000
	150.460000	24.132000	-6.400000
	150.480000	23.856000	-10.200000
	150.500000	23.508000	-13.800000
	150.520000	23.088000	-17.400000
	150.540000	22.584000	-21.200000
	150.560000	22.008000	-25.000000
	150.580000	21.372000	-28.600000
	150.600000	20.664000	-32.000000
	150.620000	19.908000	-35.000000
	150.640000	19.080000	-38.200000
	150.660000	18.192000	-41.200000
	150.680000	17.232000	-44.600000
	150.700000	16.212000	-47.800000
	150.720000	15.156000	-50.600000
	150.740000	14.064000	-52.800000
	150.760000	12.924000	-54.800000
	150.780000	11.736000	-57.000000
	150.800000	10.512000	-59.200000
	150.820000	9.252000	-61.200000
	150.840000	7.980000	-62.600000
	150.860000	6.648000	-64.400000
	150.880000	5.328000	-65.400000
	150.900000	3.972000	-66.800000
	150.920000	2.628000	-67.000000
	150.940000	1.308000	-67.000000
	150.960000	-0.024000	-66.600000
	150.980000	-1.332000	-66.000000
	151.000000	-2.652000	-66.000000
	151.020000	-3.924000	-65.000000
	151.040000	-5.184000	-64.200000
	151.060000	-6.408000	-62.600000
	151.080000	-7.596000	-61.200000
	151.100000	-8.724000	-59.000000
	151.120000	-9.828000	-57.000000
	151.140000	-10.872000	-54.600000
	151.160000	-11.868000	-52.400000
	151.180000	-12.792000	-49.400000
	151.200000	-13.644000	-46.200000
	151.220000	-14.424000	-42.600000
	151.240000	-15.132000	-39.000000
	151.260000	-15.768000	-35.400000
	151.280000	-16.332000	-31.800000
	151.300000	-16.800000	-27.800000
	151.320000	-17.184000	-23.600000
	151.340000	-17.472000	-19.000000
	151.360000	-17.676000	-14.600000
	151.380000	-17.784000	-10.000000
	151.400000	-17.796000	-5.400000
	151.420000	-17.724000	-0.800000
	151.440000	-17.568000	3.600000
	151.460000	-17.328000	7.800000
	151.480000	-17.004000	12.000000
	151.500000	-16.596000	16.200000
	151.520000	-16.104000	20.400000
	151.540000	-15.528000	24.600000
	151.560000	-14.892000	28.400000
	151.580000	-14.196000	31.800000
	151.600000	-13.428000	35.000000
	151.620000	-12.600000	38.200000
	151.640000	-11.700000	41.600000
	151.660000	-10.752000	44.600000
	151.680000	-9.744000	47.600000
	151.700000	-8.676000	50.400000
	151.720000	-7.548000	53.400000
	151.740000	-6.372000	56.200000
	151.760000	-5.172000	58.400000
	151.780000	-3.948000	60.000000
	151.800000	-2.676000	61.600000
	151.820000	-1.392000	63.000000
	151.840000	-0.084000	64.400000
	151.860000	1.212000	64.800000
	151.880000	2.520000	65.200000
	151.900000	3.852000	65.600000
	151.920000	5.184000	66.200000
	151.940000	6.516000	66.600000
	151.960000	7.824000	66.200000
	151.980000	9.108000	65.400000
	152.000000	10.356000	64.000000
	152.020000	11.568000	62.400000
	152.040000	12.756000	60.800000
	152.060000	13.932000	59.600000
	152.080000	15.048000	58.000000
	152.100000	16.128000	56.200000
	152.120000	17.148000	53.600000
	152.140000	18.120000	51.200000
	152.160000	19.032000	48.400000
	152.180000	19.884000	45.600000
	152.200000	20.676000	42.600000
	152.220000	21.396000	39.400000
	152.240000	22.044000	36.000000
	152.260000	22.620000	32.400000
	152.280000	23.124000	28.800000
	152.300000	23.556000	25.200000
	152.320000	23.904000	21.400000
	152.340000	24.180000	17.600000
	152.360000	24.372000	13.600000
	152.380000	24.492000	9.800000
	152.400000	24.516000	5.600000
	152.420000	24.468000	1.600000
	152.440000	24.336000	-2.600000
	152.460000	24.144000	-6.200000
	152.480000	23.868000	-10.000000
	152.500000	23.520000	-13.600000
	152.520000	23.100000	-17.400000
	152.540000	22.596000	-21.200000
	152.560000	22.032000	-24.800000
	152.580000	21.396000	-28.400000
	152.600000	20.700000	-31.600000
	152.620000	19.932000	-35.000000
	152.640000	19.104000	-38.200000
	152.660000	18.216000	-41.400000
	152.680000	17.256000	-44.600000
	152.700000	16.248000	-47.600000
	152.720000	15.204000	-50.200000
	152.740000	14.100000	-52.600000
	152.760000	12.960000	-54.800000
	152.780000	11.748000	-57.600000
	152.800000	10.512000	-59.800000
	152.820000	9.252000	-61.800000
	152.840000	7.980000	-62.800000
	152.860000	6.696000	-63.600000
	152.880000	5.352000	-65.000000
	152.900000	4.008000	-66.200000
	152.920000	2.664000	-67.200000
	152.940000	1.320000	-67.200000
	152.960000	-0.012000	-67.000000
	152.980000	-1.344000	-66.800000
	153.000000	-2.652000	-66.200000
	153.020000	-3.936000	-65.400000
	153.040000	-5.172000	-63.800000
	153.060000	-6.396000	-62.400000
	153.080000	-7.584000	-60.800000
	153.100000	-8.748000	-59.600000
	153.120000	-9.852000	-57.600000
	153.140000	-10.908000	-55.400000
	153.160000	-11.892000	-52.400000
	153.180000	-12.816000	-49.400000
	153.200000	-13.668000	-46.000000
	153.220000	-14.460000	-42.800000
	153.240000	-15.156000	-39.000000
	153.260000	-15.780000	-35.200000
	153.280000	-16.332000	-31.200000
	153.300000	-16.800000	-27.400000
	153.320000	-17.184000	-23.400000
	153.340000	-17.472000	-19.000000
	153.360000	-17.676000	-14.600000
	153.380000	-17.784000	-10.000000
	153.400000	-17.796000	-5.400000
	153.420000	-17.724000	-0.800000
	153.440000	-17.568000	3.600000
	153.460000	-17.340000	7.600000
	153.480000	-17.016000	11.800000
	153.500000	-16.620000	15.800000
	153.520000	-16.128000	20.200000
	153.540000	-15.564000	24.200000
	153.560000	-14.928000	28.200000
	153.580000	-14.220000	31.800000
	153.600000	-13.452000	35.200000
	153.620000	-12.612000	38.600000
	153.640000	-11.712000	41.800000
	153.660000	-10.752000	45.000000
	153.680000	-9.720000	48.200000
	153.700000	-8.652000	51.000000
	153.720000	-7.548000	53.400000
	153.740000	-6.396000	55.400000
	153.760000	-5.196000	57.600000
	153.780000	-3.960000	59.800000
	153.800000	-2.712000	61.400000
	153.820000	-1.428000	62.800000
	153.840000	-0.108000	64.200000
	153.860000	1.212000	65.400000
	153.880000	2.520000	65.800000
	153.900000	3.828000	65.600000
	153.920000	5.160000	65.800000
	153.940000	6.492000	66.200000
	153.960000	7.800000	66.200000
	153.980000	9.084000	65.400000
	154.000000	10.344000	64.200000
	154.020000	11.580000	63.000000
	154.040000	12.768000	61.400000
	154.060000	13.920000	59.600000
	154.080000	15.024000	57.400000
	154.100000	16.104000	55.600000
	154.120000	17.124000	53.400000
	154.140000	18.108000	51.400000
	154.160000	19.008000	48.400000
	154.180000	19.860000	45.600000
	154.200000	20.640000	42.200000
	154.220000	21.360000	39.200000
	154.240000	22.020000	36.000000
	154.260000	22.608000	32.800000
	154.280000	23.124000	29.400000
	154.300000	23.556000	25.600000
	154.320000	23.904000	21.600000
	154.340000	24.180000	17.600000
	154.360000	24.372000	13.600000
	154.380000	24.492000	9.800000
	154.400000	24.528000	5.800000
	154.420000	24.480000	1.800000
	154.440000	24.360000	-2.200000
	154.460000	24.156000	-6.200000
	154.480000	23.880000	-10.000000
	154.500000	23.520000	-14.000000
	154.520000	23.088000	-17.800000
	154.540000	22.596000	-21.400000
	154.560000	22.044000	-24.600000
	154.580000	21.420000	-27.800000
	154.600000	20.724000	-31.200000
	154.620000	19.944000	-35.000000
	154.640000	19.104000	-38.600000
	154.660000	18.216000	-41.800000
	154.680000	17.268000	-44.600000
	154.700000	16.272000	-47.200000
	154.720000	15.204000	-50.200000
	154.740000	14.088000	-53.000000
	154.760000	12.936000	-55.600000
	154.780000	11.760000	-57.400000
	154.800000	10.548000	-59.000000
	154.820000	9.288000	-60.800000
	154.840000	7.992000	-62.800000
	154.860000	6.684000	-64.400000
	154.880000	5.352000	-65.600000
	154.900000	4.020000	-66.200000
	154.920000	2.676000	-66.800000
	154.940000	1.332000	-67.000000
	154.960000	-0.012000	-67.200000
	154.980000	-1.320000	-66.600000
	155.000000	-2.616000	-65.800000
	155.020000	-3.900000	-64.800000
	155.040000	-5.184000	-64.400000
	155.060000	-6.408000	-63.200000
	155.080000	-7.584000	-61.400000
	155.100000	-8.724000	-59.000000
	155.120000	-9.828000	-57.000000
	155.140000	-10.884000	-55.000000
	155.160000	-11.868000	-52.400000
	155.180000	-12.792000	-49.400000
	155.200000	-13.656000	-46.200000
	155.220000	-14.448000	-43.000000
	155.240000	-15.156000	-39.400000
	155.260000	-15.792000	-35.600000
	155.280000	-16.344000	-31.600000
	155.300000	-16.824000	-27.800000
	155.320000	-17.208000	-23.600000
	155.340000	-17.508000	-19.400000
	155.360000	-17.712000	-14.800000
	155.380000	-17.820000	-10.200000
	155.400000	-17.832000	-5.400000
	155.420000	-17.760000	-0.800000
	155.440000	-17.604000	3.600000
	155.460000	-17.364000	7.800000
	155.480000	-17.040000	12.000000
	155.500000	-16.644000	16.000000
	155.520000	-16.164000	20.000000
	155.540000	-15.600000	24.000000
	155.560000	-14.964000	28.000000
	155.580000	-14.256000	31.800000
	155.600000	-13.488000	35.200000
	155.620000	-12.648000	38.600000
	155.640000	-11.748000	41.800000
	155.660000	-10.776000	45.200000
	155.680000	-9.756000	48.200000
	155.700000	-8.676000	51.200000
	155.720000	-7.572000	53.400000
	155.740000	-6.408000	55.800000
	155.760000	-5.208000	57.800000
	155.780000	-3.948000	60.400000
	155.800000	-2.700000	61.800000
	155.820000	-1.428000	63.000000
	155.840000	-0.144000	63.400000
	155.860000	1.188000	64.800000
	155.880000	2.508000	65.600000
	155.900000	3.864000	66.800000
	155.920000	5.184000	66.600000
	155.940000	6.516000	66.800000
	155.960000	7.800000	65.600000
	155.980000	9.096000	65.200000
	156.000000	10.356000	64.000000
	156.020000	11.592000	63.200000
	156.040000	12.792000	61.600000
	156.060000	13.956000	60.000000
	156.080000	15.072000	58.000000
	156.100000	16.140000	55.800000
	156.120000	17.160000	53.400000
	156.140000	18.132000	51.000000
	156.160000	19.044000	48.400000
	156.180000	19.884000	45.400000
	156.200000	20.664000	42.200000
	156.220000	21.372000	38.800000
	156.240000	22.044000	36.000000
	156.260000	22.620000	32.600000
	156.280000	23.148000	29.600000
	156.300000	23.568000	25.400000
	156.320000	23.928000	21.800000
	156.340000	24.204000	17.600000
	156.360000	24.408000	14.000000
	156.380000	24.528000	10.000000
	156.400000	24.564000	6.000000
	156.420000	24.516000	1.800000
	156.440000	24.396000	-2.200000
	156.460000	24.192000	-6.200000
	156.480000	23.916000	-10.000000
	156.500000	23.556000	-14.000000
	156.520000	23.124000	-17.800000
	156.540000	22.632000	-21.400000
	156.560000	22.068000	-24.800000
	156.580000	21.444000	-28.000000
	156.600000	20.736000	-31.600000
	156.620000	19.968000	-35.000000
	156.640000	19.128000	-38.600000
	156.660000	18.240000	-41.600000
	156.680000	17.292000	-44.600000
	156.700000	16.296000	-47.200000
	156.720000	15.240000	-50.000000
	156.740000	14.124000	-52.800000
	156.760000	12.960000	-55.600000
	156.780000	11.760000	-58.000000
	156.800000	10.536000	-59.800000
	156.820000	9.288000	-61.200000
	156.840000	8.004000	-62.600000
	156.860000	6.708000	-63.800000
	156.880000	5.376000	-65.200000
	156.900000	4.032000	-66.200000
	156.920000	2.688000	-67.000000
	156.940000	1.344000	-67.200000
	156.960000	0.024000	-66.800000
	156.980000	-1.320000	-66.800000
	157.000000	-2.640000	-66.400000
	157.020000	-3.936000	-66.000000
	157.040000	-5.184000	-64.400000
	157.060000	-6.396000	-62.600000
	157.080000	-7.608000	-61.200000
	157.100000	-8.748000	-59.400000
	157.120000	-9.852000	-57.600000
	157.140000	-10.884000	-54.600000
	157.160000	-11.892000	-52.400000
	157.180000	-12.828000	-49.600000
	157.200000	-13.692000	-46.800000
	157.220000	-14.472000	-43.000000
	157.240000	-15.192000	-39.400000
	157.260000	-15.828000	-35.600000
	157.280000	-16.392000	-32.000000
	157.300000	-16.848000	-27.600000
	157.320000	-17.220000	-23.200000
	157.340000	-17.508000	-18.600000
	157.360000	-17.712000	-14.400000
	157.380000	-17.832000	-10.200000
	157.400000	-17.844000	-5.600000
	157.420000	-17.772000	-1.000000
	157.440000	-17.604000	3.800000
	157.460000	-17.364000	8.000000
	157.480000	-17.040000	12.200000
	157.500000	-16.632000	16.200000
	157.520000	-16.152000	20.200000
	157.540000	-15.588000	24.200000
	157.560000	-14.964000	27.800000
	157.580000	-14.256000	31.600000
	157.600000	-13.488000	35.000000
	157.620000	-12.636000	38.800000
	157.640000	-11.724000	42.200000
	157.660000	-10.764000	45.400000
	157.680000	-9.768000	47.800000
	157.700000	-8.712000	50.200000
	157.720000	-7.584000	53.000000
	157.740000	-6.420000	55.800000
	157.760000	-5.220000	58.200000
	157.780000	-3.984000	60.000000
	157.800000	-2.700000	62.000000
	157.820000	-1.416000	63.400000
	157.840000	-0.108000	64.600000
	157.860000	1.200000	65.000000
	157.880000	2.532000	65.800000
	157.900000	3.864000	66.200000
	157.920000	5.208000	66.800000
	157.940000	6.528000	66.600000
	157.960000	7.812000	65.800000
	157.980000	9.084000	64.600000
	158.000000	10.332000	63.400000
	158.020000	11.568000	62.600000
	158.040000	12.768000	61.400000
	158.060000	13.944000	60.200000
	158.080000	15.060000	58.200000
	158.100000	16.128000	56.000000
	158.120000	17.148000	53.400000
	158.140000	18.132000	51.200000
	158.160000	19.044000	48.600000
	158.180000	19.896000	45.800000
	158.200000	20.676000	42.400000
	158.220000	21.396000	39.200000
	158.240000	22.056000	36.000000
	158.260000	22.632000	32.600000
	158.280000	23.148000	29.200000
	158.300000	23.580000	25.400000
	158.320000	23.940000	21.800000
	158.340000	24.216000	17.800000
	158.360000	24.408000	13.800000
	158.380000	24.528000	9.800000
	158.400000	24.564000	5.800000
	158.420000	24.516000	1.800000
	158.440000	24.384000	-2.400000
	158.460000	24.180000	-6.400000
	158.480000	23.904000	-10.200000
	158.500000	23.556000	-13.800000
	158.520000	23.124000	-17.600000
	158.540000	22.620000	-21.400000
	158.560000	22.056000	-25.000000
	158.580000	21.432000	-28.200000
	158.600000	20.736000	-31.400000
	158.620000	19.968000	-34.800000
	158.640000	19.128000	-38.400000
	158.660000	18.240000	-41.600000
	158.680000	17.292000	-44.600000
	158.700000	16.296000	-47.200000
	158.720000	15.240000	-50.000000
	158.740000	14.124000	-52.800000
	158.760000	12.972000	-55.400000
	158.780000	11.772000	-57.800000
	158.800000	10.560000	-59.400000
	158.820000	9.288000	-61.400000
	158.840000	8.004000	-62.800000
	158.860000	6.696000	-64.400000
	158.880000	5.376000	-65.200000
	158.900000	4.056000	-65.800000
	158.920000	2.712000	-66.400000
	158.940000	1.380000	-66.600000
	158.960000	0.036000	-67.000000
	158.980000	-1.296000	-66.800000
	159.000000	-2.604000	-66.400000
	159.020000	-3.900000	-65.600000
	159.040000	-5.172000	-64.600000
	159.060000	-6.408000	-63.400000
	159.080000	-7.608000	-61.800000
	159.100000	-8.748000	-59.600000
	159.120000	-9.852000	-57.400000
	159.140000	-10.896000	-54.800000
	159.160000	-11.892000	-52.400000
	159.180000	-12.828000	-49.600000
	159.200000	-13.692000	-46.600000
	159.220000	-14.472000	-43.000000
	159.240000	-15.192000	-39.400000
	159.260000	-15.828000	-35.600000
	159.280000	-16.392000	-32.000000
	159.300000	-16.848000	-27.600000
	159.320000	-17.220000	-23.200000
	159.340000	-17.508000	-18.600000
	159.360000	-17.712000	-14.400000
	159.380000	-17.832000	-10.200000
	159.400000	-17.856000	-5.800000
	159.420000	-17.784000	-1.200000
	159.440000	-17.616000	3.600000
	159.460000	-17.364000	8.200000
	159.480000	-17.040000	12.400000
	159.500000	-16.632000	16.400000
	159.520000	-16.152000	20.200000
	159.540000	-15.588000	24.200000
	159.560000	-14.964000	27.800000
	159.580000	-14.256000	31.600000
	159.600000	-13.476000	35.200000
	159.620000	-12.612000	39.200000
	159.640000	-11.700000	42.600000
	159.660000	-10.752000	45.400000
	159.680000	-9.744000	47.800000
	159.700000	-8.688000	50.200000
	159.720000	-7.560000	53.200000
	159.740000	-6.408000	55.600000
	159.760000	-5.208000	58.000000
	159.780000	-3.972000	59.800000
	159.800000	-2.712000	61.600000
	159.820000	-1.416000	63.200000
	159.840000	-0.108000	64.400000
	159.860000	1.212000	65.400000
	159.880000	2.544000	66.000000
	159.900000	3.864000	66.200000
	159.920000	5.196000	66.400000
	159.940000	6.516000	66.200000
	159.960000	7.824000	66.000000
	159.980000	9.096000	65.000000
	160.000000	10.344000	63.800000
	160.020000	11.568000	62.400000
	160.040000	12.780000	61.400000
	160.060000	13.944000	60.000000
	160.080000	15.072000	58.400000
	160.100000	16.140000	56.000000
	160.120000	17.160000	53.600000
	160.140000	18.132000	51.000000
	160.160000	19.044000	48.400000
	160.180000	19.896000	45.600000
	160.200000	20.676000	42.400000
	160.220000	21.396000	39.200000
	160.240000	22.056000	36.000000
	160.260000	22.644000	32.800000
	160.280000	23.160000	29.400000
	160.300000	23.580000	25.400000
	160.320000	23.940000	21.600000
	160.340000	24.216000	17.600000
	160.360000	24.420000	14.000000
	160.380000	24.528000	9.800000
	160.400000	24.564000	5.800000
	160.420000	24.516000	1.600000
	160.440000	24.384000	-2.400000
	160.460000	24.180000	-6.400000
	160.480000	23.892000	-10.400000
	160.500000	23.544000	-14.000000
	160.520000	23.124000	-17.600000
	160.540000	22.632000	-21.000000
	160.560000	22.068000	-24.600000
	160.580000	21.432000	-28.200000
	160.600000	20.736000	-31.600000
	160.620000	19.980000	-34.800000
	160.640000	19.140000	-38.200000
	160.660000	18.240000	-41.600000
	160.680000	17.280000	-45.000000
	160.700000	16.272000	-47.800000
	160.720000	15.216000	-50.400000
	160.740000	14.088000	-53.200000
	160.760000	12.912000	-56.000000
	160.780000	11.712000	-58.400000
	160.800000	10.500000	-59.800000
	160.820000	9.264000	-60.800000
	160.840000	7.980000	-62.200000
	160.860000	6.648000	-64.200000
	160.880000	5.340000	-65.400000
	160.900000	4.020000	-66.000000
	160.920000	2.700000	-65.800000
	160.940000	1.356000	-66.400000
	160.960000	0.012000	-66.800000
	160.980000	-1.320000	-67.000000
	161.000000	-2.640000	-66.600000
	161.020000	-3.936000	-65.800000
	161.040000	-5.184000	-64.400000
	161.060000	-6.420000	-63.000000
	161.080000	-7.608000	-61.200000
	161.100000	-8.772000	-59.800000
	161.120000	-9.888000	-57.800000
	161.140000	-10.944000	-55.600000
	161.160000	-11.928000	-52.600000
	161.180000	-12.840000	-49.200000
	161.200000	-13.692000	-45.800000
	161.220000	-14.496000	-42.800000
	161.240000	-15.216000	-39.600000
	161.260000	-15.852000	-36.000000
	161.280000	-16.392000	-31.600000
	161.300000	-16.848000	-27.200000
	161.320000	-17.232000	-23.000000
	161.340000	-17.520000	-18.800000
	161.360000	-17.724000	-14.600000
	161.380000	-17.832000	-10.000000
	161.400000	-17.844000	-5.400000
	161.420000	-17.772000	-0.800000
	161.440000	-17.604000	3.800000
	161.460000	-17.364000	8.000000
	161.480000	-17.040000	12.200000
	161.500000	-16.644000	16.000000
	161.520000	-16.164000	20.000000
	161.540000	-15.588000	24.200000
	161.560000	-14.940000	28.400000
	161.580000	-14.232000	32.200000
	161.600000	-13.464000	35.400000
	161.620000	-12.636000	38.400000
	161.640000	-11.736000	41.600000
	161.660000	-10.788000	44.600000
	161.680000	-9.756000	48.000000
	161.700000	-8.676000	51.000000
	161.720000	-7.536000	54.200000
	161.740000	-6.384000	56.200000
	161.760000	-5.184000	58.200000
	161.780000	-3.972000	59.400000
	161.800000	-2.712000	61.200000
	161.820000	-1.440000	62.400000
	161.840000	-0.132000	64.000000
	161.860000	1.200000	65.200000
	161.880000	2.532000	66.200000
	161.900000	3.864000	66.600000
	161.920000	5.172000	66.200000
	161.940000	6.504000	66.200000
	161.960000	7.812000	65.800000
	161.980000	9.120000	65.800000
	162.000000	10.368000	64.400000
	162.020000	11.580000	62.800000
	162.040000	12.756000	60.600000
	162.060000	13.920000	59.200000
	162.080000	15.060000	58.000000
	162.100000	16.140000	56.400000
	162.120000	17.160000	54.000000
	162.140000	18.120000	51.000000
	162.160000	19.032000	48.200000
	162.180000	19.884000	45.400000
	162.200000	20.688000	42.800000
	162.220000	21.408000	39.600000
	162.240000	22.056000	36.200000
	162.260000	22.632000	32.400000
	162.280000	23.148000	29.000000
	162.300000	23.580000	25.400000
	162.320000	23.928000	21.600000
	162.340000	24.204000	17.600000
	162.360000	24.408000	13.800000
	162.380000	24.528000	10.000000
	162.400000	24.564000	6.000000
	162.420000	24.516000	1.800000
	162.440000	24.396000	-2.200000
	162.460000	24.180000	-6.400000
	162.480000	23.892000	-10.400000
	162.500000	23.532000	-14.400000
	162.520000	23.124000	-17.600000
	162.540000	22.644000	-20.800000
	162.560000	22.080000	-24.200000
	162.580000	21.444000	-28.000000
	162.600000	20.736000	-31.800000
	162.620000	19.968000	-35.200000
	162.640000	19.140000	-38.400000
	162.660000	18.264000	-41.200000
	162.680000	17.316000	-44.200000
	162.700000	16.296000	-47.400000
	162.720000	15.228000	-50.600000
	162.740000	14.124000	-53.200000
	162.760000	12.972000	-55.400000
	162.780000	11.760000	-57.800000
	162.800000	10.524000	-60.000000
	162.820000	9.276000	-61.600000
	162.840000	7.992000	-62.800000
	162.860000	6.696000	-63.800000
	162.880000	5.376000	-65.000000
	162.900000	4.056000	-65.600000
	162.920000	2.712000	-66.400000
	162.940000	1.368000	-66.800000
	162.960000	0.024000	-67.200000
	162.980000	-1.308000	-67.000000
	163.000000	-2.628000	-66.600000
	163.020000	-3.924000	-65.800000
	163.040000	-5.184000	-64.600000
	163.060000	-6.408000	-63.000000
	163.080000	-7.608000	-61.400000
	163.100000	-8.760000	-59.600000
	163.120000	-9.876000	-57.800000
	163.140000	-10.908000	-55.000000
	163.160000	-11.916000	-52.600000
	163.180000	-12.840000	-49.400000
	163.200000	-13.716000	-46.800000
	163.220000	-14.496000	-43.000000
	163.240000	-15.216000	-39.600000
	163.260000	-15.840000	-35.400000
	163.280000	-16.380000	-31.400000
	163.300000	-16.836000	-27.000000
	163.320000	-17.220000	-23.000000
	163.340000	-17.520000	-19.000000
	163.360000	-17.724000	-14.800000
	163.380000	-17.832000	-10.200000
	163.400000	-17.844000	-5.400000
	163.420000	-17.772000	-0.800000
	163.440000	-17.604000	3.800000
	163.460000	-17.364000	8.000000
	163.480000	-17.040000	12.200000
	163.500000	-16.644000	16.000000
	163.520000	-16.164000	20.000000
	163.540000	-15.600000	24.000000
	163.560000	-14.964000	28.000000
	163.580000	-14.244000	32.000000
