	120.000000	51.876000	-29.000000
	120.020000	51.264000	-30.000000
	120.040000	50.628000	-30.800000
	120.060000	49.968000	-31.800000
	120.080000	49.284000	-33.000000
	120.100000	48.600000	-33.800000
	120.120000	47.904000	-34.400000
	120.140000	47.196000	-34.800000
	120.160000	46.488000	-35.200000
	120.180000	45.792000	-35.200000
	120.200000	45.084000	-35.200000
	120.220000	44.364000	-35.400000
	120.240000	43.620000	-36.200000
	120.260000	42.900000	-36.400000
	120.280000	42.180000	-36.400000
	120.300000	41.484000	-35.600000
	120.320000	40.776000	-35.400000
	120.340000	40.080000	-35.000000
	120.360000	39.396000	-34.800000
	120.380000	38.724000	-34.200000
	120.400000	38.064000	-33.600000
	120.420000	37.428000	-32.800000
	120.440000	36.816000	-31.800000
	120.460000	36.228000	-30.600000
	120.480000	35.640000	-29.800000
	120.500000	35.076000	-29.000000
	120.520000	34.536000	-28.200000
	120.540000	34.020000	-27.000000
	120.560000	33.540000	-25.600000
	120.580000	33.084000	-24.200000
	120.600000	32.664000	-22.600000
	120.620000	32.256000	-21.400000
	120.640000	31.884000	-20.000000
	120.660000	31.536000	-18.800000
	120.680000	31.224000	-17.200000
	120.700000	30.948000	-15.600000
	120.720000	30.708000	-13.800000
	120.740000	30.504000	-12.000000
	120.760000	30.336000	-10.200000
	120.780000	30.204000	-8.400000
	120.800000	30.108000	-6.600000
	120.820000	30.048000	-4.800000
	120.840000	30.024000	-3.000000
	120.860000	30.036000	-1.200000
	120.880000	30.072000	0.400000
	120.900000	30.156000	2.200000
	120.920000	30.276000	4.000000
	120.940000	30.432000	6.000000
	120.960000	30.612000	7.600000
	120.980000	30.828000	9.200000
	121.000000	31.068000	10.600000
	121.020000	31.344000	12.200000
	121.040000	31.656000	13.800000
	121.060000	31.992000	15.400000
	121.080000	32.352000	16.800000
	121.100000	32.748000	18.200000
	121.120000	33.180000	19.800000
	121.140000	33.648000	21.600000
	121.160000	34.128000	23.000000
	121.180000	34.632000	24.200000
	121.200000	35.160000	25.200000
	121.220000	35.724000	26.600000
	121.240000	36.324000	28.200000
	121.260000	36.972000	30.200000
	121.280000	37.620000	31.600000
	121.300000	38.304000	33.000000
	121.320000	38.988000	33.600000
	121.340000	39.720000	35.000000
	121.360000	40.464000	36.000000
	121.380000	41.232000	37.400000
	121.400000	42.000000	38.000000
	121.420000	42.792000	38.800000
	121.440000	43.596000	39.400000
	121.460000	44.424000	40.400000
	121.480000	45.252000	41.000000
	121.500000	46.092000	41.600000
	121.520000	46.956000	42.200000
	121.540000	47.832000	43.000000
	121.560000	48.720000	43.800000
	121.580000	49.584000	43.800000
	121.600000	50.460000	43.800000
	121.620000	51.324000	43.400000
	121.640000	52.188000	43.400000
	121.660000	53.028000	42.800000
	121.680000	53.880000	42.600000
	121.700000	54.708000	42.000000
	121.720000	55.524000	41.600000
	121.740000	56.292000	40.200000
	121.760000	57.048000	39.000000
	121.780000	57.780000	37.600000
	121.800000	58.500000	36.800000
	121.820000	59.196000	35.800000
	121.840000	59.856000	34.600000
	121.860000	60.468000	32.800000
	121.880000	61.056000	31.000000
	121.900000	61.620000	29.400000
	121.920000	62.136000	27.800000
	121.940000	62.604000	25.800000
	121.960000	63.012000	23.200000
	121.980000	63.384000	20.800000
	122.000000	63.696000	18.200000
	122.020000	63.960000	15.800000
	122.040000	64.164000	13.000000
	122.060000	64.320000	10.400000
	122.080000	64.416000	7.600000
	122.100000	64.464000	5.000000
	122.120000	64.452000	2.200000
	122.140000	64.392000	-0.400000
	122.160000	64.260000	-3.400000
	122.180000	64.080000	-6.200000
	122.200000	63.840000	-9.200000
	122.220000	63.564000	-11.600000
	122.240000	63.228000	-14.200000
	122.260000	62.844000	-16.600000
	122.280000	62.412000	-19.200000
	122.300000	61.920000	-21.800000
	122.320000	61.392000	-24.200000
	122.340000	60.804000	-26.800000
	122.360000	60.168000	-29.200000
	122.380000	59.484000	-31.800000
	122.400000	58.752000	-34.200000
	122.420000	57.972000	-36.600000
	122.440000	57.144000	-39.000000
	122.460000	56.268000	-41.400000
	122.480000	55.368000	-43.400000
	122.500000	54.420000	-45.400000
	122.520000	53.448000	-47.000000
	122.540000	52.416000	-49.200000
	122.560000	51.348000	-51.200000
	122.580000	50.256000	-53.200000
	122.600000	49.128000	-54.800000
	122.620000	47.976000	-56.200000
	122.640000	46.764000	-58.200000
	122.660000	45.564000	-59.400000
	122.680000	44.340000	-60.600000
	122.700000	43.068000	-61.600000
	122.720000	41.772000	-63.200000
	122.740000	40.428000	-65.200000
	122.760000	39.120000	-65.800000
	122.780000	37.764000	-66.800000
	122.800000	36.396000	-67.200000
	122.820000	34.992000	-68.800000
	122.840000	33.588000	-69.600000
	122.860000	32.172000	-70.400000
	122.880000	30.756000	-70.600000
	122.900000	29.340000	-70.800000
	122.920000	27.888000	-71.400000
	122.940000	26.424000	-72.200000
	122.960000	24.948000	-73.200000
	122.980000	23.484000	-73.400000
	123.000000	22.008000	-73.600000
	123.020000	20.508000	-74.000000
	123.040000	18.984000	-75.000000
	123.060000	17.460000	-75.800000
	123.080000	15.948000	-76.000000
	123.100000	14.448000	-75.600000
	123.120000	12.948000	-75.200000
	123.140000	11.424000	-75.400000
	123.160000	9.900000	-75.800000
	123.180000	8.352000	-76.600000
	123.200000	6.816000	-76.800000
	123.220000	5.304000	-76.600000
	123.240000	3.804000	-75.800000
	123.260000	2.316000	-75.000000
	123.280000	0.804000	-75.000000
	123.300000	-0.708000	-75.200000
	123.320000	-2.232000	-75.800000
	123.340000	-3.732000	-75.600000
	123.360000	-5.208000	-75.000000
	123.380000	-6.684000	-74.200000
	123.400000	-8.148000	-73.600000
	123.420000	-9.612000	-73.400000
	123.440000	-11.052000	-72.800000
	123.460000	-12.468000	-72.000000
	123.480000	-13.848000	-70.600000
	123.500000	-15.228000	-69.600000
	123.520000	-16.584000	-68.600000
	123.540000	-17.928000	-68.000000
	123.560000	-19.224000	-66.600000
	123.580000	-20.496000	-65.200000
	123.600000	-21.756000	-63.800000
	123.620000	-22.968000	-62.400000
	123.640000	-24.180000	-61.400000
	123.660000	-25.356000	-60.000000
	123.680000	-26.520000	-59.200000
	123.700000	-27.624000	-57.400000
	123.720000	-28.692000	-55.600000
	123.740000	-29.712000	-53.200000
	123.760000	-30.708000	-51.400000
	123.780000	-31.656000	-49.400000
	123.800000	-32.568000	-47.600000
	123.820000	-33.456000	-45.800000
	123.840000	-34.284000	-43.800000
	123.860000	-35.076000	-41.800000
	123.880000	-35.808000	-39.200000
	123.900000	-36.516000	-37.200000
	123.920000	-37.176000	-35.000000
	123.940000	-37.776000	-32.800000
	123.960000	-38.328000	-30.200000
	123.980000	-38.832000	-27.600000
	124.000000	-39.288000	-25.200000
	124.020000	-39.708000	-23.000000
	124.040000	-40.080000	-20.800000
	124.060000	-40.404000	-18.600000
	124.080000	-40.668000	-16.000000
	124.100000	-40.884000	-13.400000
	124.120000	-41.052000	-10.800000
	124.140000	-41.184000	-8.600000
	124.160000	-41.256000	-6.200000
	124.180000	-41.292000	-4.000000
	124.200000	-41.280000	-1.600000
	124.220000	-41.244000	0.200000
	124.240000	-41.172000	2.000000
	124.260000	-41.064000	3.600000
	124.280000	-40.920000	5.400000
	124.300000	-40.740000	7.200000
	124.320000	-40.536000	8.800000
	124.340000	-40.320000	10.000000
	124.360000	-40.092000	10.800000
	124.380000	-39.852000	11.400000
	124.400000	-39.588000	12.200000
	124.420000	-39.324000	12.800000
	124.440000	-39.036000	13.600000
	124.460000	-38.748000	14.000000
	124.480000	-38.448000	14.600000
	124.500000	-38.136000	15.000000
	124.520000	-37.824000	15.400000
	124.540000	-37.500000	15.800000
	124.560000	-37.200000	15.600000
	124.580000	-36.888000	15.600000
	124.600000	-36.576000	15.400000
	124.620000	-36.264000	15.600000
	124.640000	-35.952000	15.600000
	124.660000	-35.652000	15.400000
	124.680000	-35.364000	15.000000
	124.700000	-35.088000	14.400000
	124.720000	-34.836000	13.600000
	124.740000	-34.584000	13.000000
	124.760000	-34.356000	12.200000
	124.780000	-34.140000	11.600000
	124.800000	-33.948000	10.600000
	124.820000	-33.780000	9.600000
	124.840000	-33.636000	8.400000
	124.860000	-33.516000	7.200000
	124.880000	-33.432000	5.800000
	124.900000	-33.372000	4.400000
	124.920000	-33.348000	2.800000
	124.940000	-33.336000	1.600000
	124.960000	-33.360000	0.200000
	124.980000	-33.408000	-1.000000
	125.000000	-33.492000	-2.600000
	125.020000	-33.600000	-4.000000
	125.040000	-33.732000	-5.400000
	125.060000	-33.888000	-6.600000
	125.080000	-34.068000	-7.800000
	125.100000	-34.284000	-9.200000
	125.120000	-34.524000	-10.600000
	125.140000	-34.776000	-11.800000
	125.160000	-35.052000	-12.800000
	125.180000	-35.352000	-13.800000
	125.200000	-35.688000	-15.200000
	125.220000	-36.048000	-16.600000
	125.240000	-36.432000	-18.000000
	125.260000	-36.840000	-19.200000
	125.280000	-37.272000	-20.400000
	125.300000	-37.728000	-21.600000
	125.320000	-38.220000	-23.000000
	125.340000	-38.724000	-24.200000
	125.360000	-39.264000	-25.600000
	125.380000	-39.816000	-26.600000
	125.400000	-40.404000	-28.000000
	125.420000	-41.004000	-29.000000
	125.440000	-41.628000	-30.200000
	125.460000	-42.264000	-31.000000
	125.480000	-42.924000	-32.000000
	125.500000	-43.596000	-32.800000
	125.520000	-44.268000	-33.400000
	125.540000	-44.964000	-34.000000
	125.560000	-45.672000	-34.600000
	125.580000	-46.392000	-35.400000
	125.600000	-47.100000	-35.600000
	125.620000	-47.808000	-35.600000
	125.640000	-48.528000	-35.600000
	125.660000	-49.236000	-35.600000
	125.680000	-49.956000	-35.800000
	125.700000	-50.676000	-35.800000
	125.720000	-51.396000	-36.000000
	125.740000	-52.104000	-35.800000
	125.760000	-52.800000	-35.400000
	125.780000	-53.496000	-35.000000
	125.800000	-54.168000	-34.400000
	125.820000	-54.804000	-33.400000
	125.840000	-55.428000	-32.200000
	125.860000	-56.028000	-31.000000
	125.880000	-56.628000	-30.400000
	125.900000	-57.180000	-29.200000
	125.920000	-57.720000	-28.200000
	125.940000	-58.212000	-26.400000
	125.960000	-58.680000	-25.000000
	125.980000	-59.100000	-23.000000
	126.000000	-59.496000	-21.400000
	126.020000	-59.844000	-19.400000
	126.040000	-60.156000	-17.600000
	126.060000	-60.420000	-15.400000
	126.080000	-60.636000	-13.200000
	126.100000	-60.792000	-10.600000
	126.120000	-60.900000	-8.000000
	126.140000	-60.960000	-5.400000
	126.160000	-60.972000	-3.000000
	126.180000	-60.924000	-0.400000
	126.200000	-60.828000	2.200000
	126.220000	-60.672000	5.000000
	126.240000	-60.480000	7.400000
	126.260000	-60.240000	9.800000
	126.280000	-59.952000	12.000000
	126.300000	-59.616000	14.400000
	126.320000	-59.232000	16.800000
	126.340000	-58.812000	19.000000
	126.360000	-58.332000	21.400000
	126.380000	-57.804000	23.800000
	126.400000	-57.228000	26.400000
	126.420000	-56.616000	28.600000
	126.440000	-55.944000	31.000000
	126.460000	-55.236000	33.200000
	126.480000	-54.456000	36.000000
	126.500000	-53.652000	38.200000
	126.520000	-52.800000	40.600000
	126.540000	-51.912000	42.400000
	126.560000	-50.988000	44.400000
	126.580000	-49.992000	46.800000
	126.600000	-48.996000	48.600000
	126.620000	-47.940000	50.800000
	126.640000	-46.872000	52.000000
	126.660000	-45.756000	54.000000
	126.680000	-44.604000	55.600000
	126.700000	-43.416000	57.600000
	126.720000	-42.204000	59.200000
	126.740000	-40.968000	60.600000
	126.760000	-39.732000	61.400000
	126.780000	-38.424000	63.000000
	126.800000	-37.128000	64.000000
	126.820000	-35.784000	65.800000
	126.840000	-34.440000	66.400000
	126.860000	-33.072000	67.600000
	126.880000	-31.704000	68.000000
	126.900000	-30.336000	68.400000
	126.920000	-28.920000	69.200000
	126.940000	-27.480000	70.400000
	126.960000	-26.064000	71.200000
	126.980000	-24.648000	71.200000
	127.000000	-23.196000	71.400000
	127.020000	-21.708000	72.600000
	127.040000	-20.208000	74.000000
	127.060000	-18.744000	74.200000
	127.080000	-17.256000	74.200000
	127.100000	-15.780000	73.800000
	127.120000	-14.292000	74.200000
	127.140000	-12.804000	74.200000
	127.160000	-11.292000	74.800000
	127.180000	-9.780000	75.200000
	127.200000	-8.268000	75.600000
	127.220000	-6.756000	75.600000
	127.240000	-5.244000	75.600000
	127.260000	-3.720000	75.800000
	127.280000	-2.196000	76.000000
	127.300000	-0.672000	76.200000
	127.320000	0.876000	76.600000
	127.340000	2.400000	76.600000
	127.360000	3.912000	76.400000
	127.380000	5.400000	75.400000
	127.400000	6.876000	74.600000
	127.420000	8.376000	74.400000
	127.440000	9.876000	74.600000
	127.460000	11.364000	74.800000
	127.480000	12.852000	74.600000
	127.500000	14.316000	74.000000
	127.520000	15.816000	74.200000
	127.540000	17.280000	73.800000
	127.560000	18.720000	73.400000
	127.580000	20.160000	72.400000
	127.600000	21.588000	71.800000
	127.620000	23.016000	71.600000
	127.640000	24.408000	70.800000
	127.660000	25.824000	70.600000
	127.680000	27.216000	70.000000
	127.700000	28.596000	69.800000
	127.720000	29.952000	68.800000
	127.740000	31.320000	68.400000
	127.760000	32.652000	67.600000
	127.780000	33.960000	66.800000
	127.800000	35.232000	65.200000
	127.820000	36.492000	64.000000
	127.840000	37.752000	63.200000
	127.860000	39.000000	62.800000
	127.880000	40.212000	62.000000
	127.900000	41.388000	60.600000
	127.920000	42.504000	58.400000
	127.940000	43.620000	56.800000
	127.960000	44.700000	55.200000
	127.980000	45.768000	54.400000
	128.000000	46.812000	53.200000
	128.020000	47.796000	51.600000
	128.040000	48.756000	49.800000
	128.060000	49.668000	47.600000
	128.080000	50.544000	45.800000
	128.100000	51.384000	43.800000
	128.120000	52.164000	41.600000
	128.140000	52.920000	39.600000
	128.160000	53.616000	37.200000
	128.180000	54.264000	35.000000
	128.200000	54.876000	32.600000
	128.220000	55.428000	30.200000
	128.240000	55.932000	27.800000
	128.260000	56.376000	25.000000
	128.280000	56.772000	22.400000
	128.300000	57.120000	19.800000
	128.320000	57.408000	17.200000
	128.340000	57.648000	14.600000
	128.360000	57.828000	11.800000
	128.380000	57.948000	9.000000
	128.400000	58.008000	6.000000
	128.420000	58.020000	3.200000
	128.440000	57.984000	0.600000
	128.460000	57.900000	-1.800000
	128.480000	57.768000	-4.200000
	128.500000	57.588000	-6.600000
	128.520000	57.372000	-8.800000
	128.540000	57.108000	-11.000000
	128.560000	56.808000	-13.000000
	128.580000	56.472000	-15.000000
	128.600000	56.112000	-16.600000
	128.620000	55.716000	-18.200000
	128.640000	55.272000	-20.000000
	128.660000	54.804000	-21.800000
	128.680000	54.300000	-23.600000
	128.700000	53.772000	-25.000000
	128.720000	53.208000	-26.600000
	128.740000	52.632000	-27.800000
	128.760000	52.020000	-29.200000
	128.780000	51.384000	-30.400000
	128.800000	50.736000	-31.600000
	128.820000	50.088000	-32.200000
	128.840000	49.404000	-33.000000
	128.860000	48.708000	-33.800000
	128.880000	47.988000	-35.000000
	128.900000	47.292000	-35.200000
	128.920000	46.560000	-35.800000
	128.940000	45.840000	-35.800000
	128.960000	45.108000	-36.400000
	128.980000	44.388000	-36.200000
	129.000000	43.644000	-36.600000
	129.020000	42.924000	-36.400000
	129.040000	42.192000	-36.600000
	129.060000	41.484000	-36.000000
	129.080000	40.764000	-36.000000
	129.100000	40.068000	-35.400000
	129.120000	39.372000	-35.200000
	129.140000	38.700000	-34.400000
	129.160000	38.040000	-33.800000
	129.180000	37.404000	-32.800000
	129.200000	36.768000	-32.200000
	129.220000	36.156000	-31.400000
	129.240000	35.556000	-30.800000
	129.260000	34.992000	-29.600000
	129.280000	34.452000	-28.400000
	129.300000	33.948000	-26.800000
	129.320000	33.456000	-25.600000
	129.340000	32.976000	-24.600000
	129.360000	32.544000	-23.400000
	129.380000	32.136000	-22.000000
	129.400000	31.764000	-20.200000
	129.420000	31.404000	-19.000000
	129.440000	31.092000	-17.400000
	129.460000	30.816000	-15.800000
	129.480000	30.576000	-13.800000
	129.500000	30.360000	-12.200000
	129.520000	30.192000	-10.400000
	129.540000	30.060000	-8.600000
	129.560000	29.964000	-6.600000
	129.580000	29.892000	-5.000000
	129.600000	29.868000	-3.200000
	129.620000	29.880000	-1.400000
	129.640000	29.928000	0.600000
	129.660000	30.000000	2.200000
	129.680000	30.108000	3.800000
	129.700000	30.252000	5.400000
	129.720000	30.432000	7.200000
	129.740000	30.648000	9.000000
	129.760000	30.900000	10.800000
	129.780000	31.176000	12.400000
	129.800000	31.476000	13.800000
	129.820000	31.800000	15.000000
	129.840000	32.160000	16.400000
	129.860000	32.544000	17.800000
	129.880000	32.964000	19.400000
	129.900000	33.420000	21.000000
	129.920000	33.912000	22.800000
	129.940000	34.416000	24.200000
	129.960000	34.944000	25.400000
	129.980000	35.508000	26.600000
	130.000000	36.108000	28.200000
	130.020000	36.744000	30.000000
	130.040000	37.392000	31.400000
	130.060000	38.076000	32.800000
	130.080000	38.760000	33.600000
	130.100000	39.480000	34.800000
	130.120000	40.200000	35.400000
	130.140000	40.956000	36.600000
	130.160000	41.724000	37.400000
	130.180000	42.516000	38.600000
	130.200000	43.320000	39.400000
	130.220000	44.136000	40.200000
	130.240000	44.964000	40.800000
	130.260000	45.804000	41.400000
	130.280000	46.644000	41.800000
	130.300000	47.496000	42.200000
	130.320000	48.348000	42.400000
	130.340000	49.212000	42.800000
	130.360000	50.076000	43.000000
	130.380000	50.940000	43.200000
	130.400000	51.780000	42.800000
	130.420000	52.620000	42.400000
	130.440000	53.448000	41.800000
	130.460000	54.276000	41.600000
	130.480000	55.068000	40.800000
	130.500000	55.836000	39.800000
	130.520000	56.580000	38.400000
	130.540000	57.324000	37.600000
	130.560000	58.044000	36.800000
	130.580000	58.740000	36.000000
	130.600000	59.400000	34.600000
	130.620000	60.012000	32.800000
	130.640000	60.600000	31.000000
	130.660000	61.140000	29.000000
	130.680000	61.644000	27.200000
	130.700000	62.100000	25.000000
	130.720000	62.508000	22.800000
	130.740000	62.880000	20.600000
	130.760000	63.204000	18.400000
	130.780000	63.480000	16.200000
	130.800000	63.696000	13.600000
	130.820000	63.852000	10.800000
	130.840000	63.948000	7.800000
	130.860000	63.996000	5.000000
	130.880000	63.996000	2.400000
	130.900000	63.948000	0.000000
	130.920000	63.840000	-2.600000
	130.940000	63.672000	-5.400000
	130.960000	63.444000	-8.400000
	130.980000	63.168000	-11.200000
	131.000000	62.832000	-14.000000
	131.020000	62.448000	-16.600000
	131.040000	62.028000	-19.000000
	131.060000	61.560000	-21.200000
	131.080000	61.056000	-23.200000
	131.100000	60.480000	-25.800000
	131.120000	59.868000	-28.200000
	131.140000	59.196000	-31.000000
	131.160000	58.488000	-33.200000
	131.180000	57.732000	-35.600000
	131.200000	56.940000	-37.600000
	131.220000	56.100000	-39.800000
	131.240000	55.224000	-41.800000
	131.260000	54.312000	-43.800000
	131.280000	53.340000	-46.000000
	131.300000	52.332000	-48.200000
	131.320000	51.276000	-50.600000
	131.340000	50.208000	-52.200000
	131.360000	49.128000	-53.400000
	131.380000	48.012000	-54.400000
	131.400000	46.848000	-56.000000
	131.420000	45.660000	-57.800000
	131.440000	44.448000	-59.400000
	131.460000	43.236000	-60.200000
	131.480000	41.976000	-61.400000
	131.500000	40.680000	-62.800000
	131.520000	39.372000	-64.400000
	131.540000	38.028000	-65.800000
	131.560000	36.708000	-66.200000
	131.580000	35.376000	-66.600000
	131.600000	34.032000	-66.600000
	131.620000	32.640000	-67.800000
	131.640000	31.224000	-69.200000
	131.660000	29.796000	-70.600000
	131.680000	28.380000	-71.000000
	131.700000	26.976000	-70.800000
	131.720000	25.560000	-70.600000
	131.740000	24.120000	-71.000000
	131.760000	22.668000	-71.800000
	131.780000	21.204000	-72.600000
	131.800000	19.752000	-72.800000
	131.820000	18.300000	-72.800000
	131.840000	16.824000	-73.000000
	131.860000	15.348000	-73.400000
	131.880000	13.836000	-74.400000
	131.900000	12.372000	-74.200000
	131.920000	10.884000	-74.400000
	131.940000	9.420000	-73.600000
	131.960000	7.932000	-74.000000
	131.980000	6.456000	-73.800000
	132.000000	4.980000	-74.000000
	132.020000	3.492000	-74.000000
	132.040000	2.040000	-73.600000
	132.060000	0.576000	-73.400000
	132.080000	-0.864000	-72.600000
	132.100000	-2.340000	-73.000000
	132.120000	-3.804000	-73.000000
	132.140000	-5.232000	-72.800000
	132.160000	-6.624000	-71.400000
	132.180000	-8.004000	-70.000000
	132.200000	-9.396000	-69.400000
	132.220000	-10.788000	-69.400000
	132.240000	-12.144000	-69.000000
	132.260000	-13.476000	-68.000000
	132.280000	-14.772000	-66.400000
	132.300000	-16.068000	-65.400000
	132.320000	-17.328000	-64.200000
	132.340000	-18.576000	-63.400000
	132.360000	-19.776000	-61.800000
	132.380000	-20.964000	-60.600000
	132.400000	-22.104000	-58.800000
	132.420000	-23.232000	-57.600000
	132.440000	-24.324000	-56.000000
	132.460000	-25.404000	-55.000000
	132.480000	-26.448000	-53.600000
	132.500000	-27.432000	-51.800000
	132.520000	-28.392000	-49.800000
	132.540000	-29.304000	-47.600000
	132.560000	-30.192000	-46.000000
	132.580000	-31.032000	-44.000000
	132.600000	-31.836000	-42.200000
	132.620000	-32.604000	-40.200000
	132.640000	-33.324000	-38.200000
	132.660000	-33.996000	-36.000000
	132.680000	-34.632000	-33.800000
	132.700000	-35.220000	-31.600000
	132.720000	-35.772000	-29.600000
	132.740000	-36.264000	-27.200000
	132.760000	-36.708000	-24.800000
	132.780000	-37.116000	-22.400000
	132.800000	-37.476000	-20.200000
	132.820000	-37.800000	-18.200000
	132.840000	-38.064000	-15.800000
	132.860000	-38.292000	-13.600000
	132.880000	-38.472000	-11.200000
	132.900000	-38.604000	-9.000000
	132.920000	-38.700000	-6.800000
	132.940000	-38.748000	-4.600000
	132.960000	-38.772000	-2.800000
	132.980000	-38.748000	-0.800000
	133.000000	-38.688000	1.000000
	133.020000	-38.592000	3.000000
	133.040000	-38.472000	4.600000
	133.060000	-38.340000	5.800000
	133.080000	-38.184000	6.800000
	133.100000	-38.004000	7.800000
	133.120000	-37.800000	9.000000
	133.140000	-37.584000	10.000000
	133.160000	-37.356000	10.800000
	133.180000	-37.128000	11.200000
	133.200000	-36.888000	11.600000
	133.220000	-36.648000	11.800000
	133.240000	-36.396000	12.200000
	133.260000	-36.144000	12.400000
	133.280000	-35.892000	12.600000
	133.300000	-35.640000	12.600000
	133.320000	-35.376000	12.800000
	133.340000	-35.124000	12.800000
	133.360000	-34.872000	12.800000
	133.380000	-34.632000	12.400000
	133.400000	-34.392000	12.200000
	133.420000	-34.164000	11.800000
	133.440000	-33.948000	11.400000
	133.460000	-33.744000	10.800000
	133.480000	-33.552000	10.200000
	133.500000	-33.384000	9.400000
	133.520000	-33.228000	8.600000
	133.540000	-33.084000	7.800000
	133.560000	-32.964000	7.000000
	133.580000	-32.868000	6.000000
	133.600000	-32.808000	4.600000
	133.620000	-32.760000	3.400000
	133.640000	-32.736000	2.200000
	133.660000	-32.736000	1.200000
	133.680000	-32.772000	-0.200000
	133.700000	-32.832000	-1.600000
	133.720000	-32.916000	-3.000000
	133.740000	-33.012000	-4.000000
	133.760000	-33.144000	-5.200000
	133.780000	-33.288000	-6.200000
	133.800000	-33.468000	-7.600000
	133.820000	-33.660000	-8.600000
	133.840000	-33.876000	-9.800000
	133.860000	-34.104000	-10.600000
	133.880000	-34.356000	-11.600000
	133.900000	-34.632000	-12.600000
	133.920000	-34.944000	-14.000000
	133.940000	-35.268000	-15.200000
	133.960000	-35.628000	-16.600000
	133.980000	-36.000000	-17.600000
	134.000000	-36.408000	-19.000000
	134.020000	-36.840000	-20.200000
	134.040000	-37.296000	-21.600000
	134.060000	-37.788000	-23.000000
	134.080000	-38.280000	-24.000000
	134.100000	-38.808000	-25.200000
	134.120000	-39.348000	-26.000000
	134.140000	-39.924000	-27.400000
	134.160000	-40.512000	-28.400000
	134.180000	-41.112000	-29.400000
	134.200000	-41.736000	-30.200000
	134.220000	-42.384000	-31.200000
	134.240000	-43.044000	-32.200000
	134.260000	-43.704000	-32.800000
	134.280000	-44.364000	-33.000000
	134.300000	-45.048000	-33.400000
	134.320000	-45.744000	-34.000000
	134.340000	-46.464000	-35.000000
	134.360000	-47.184000	-35.600000
	134.380000	-47.904000	-36.000000
	134.400000	-48.624000	-36.000000
	134.420000	-49.344000	-36.000000
	134.440000	-50.064000	-36.000000
	134.460000	-50.760000	-35.600000
	134.480000	-51.456000	-35.200000
	134.500000	-52.152000	-34.800000
	134.520000	-52.848000	-34.800000
	134.540000	-53.532000	-34.600000
	134.560000	-54.204000	-34.200000
	134.580000	-54.852000	-33.400000
	134.600000	-55.476000	-32.400000
	134.620000	-56.088000	-31.400000
	134.640000	-56.664000	-30.200000
	134.660000	-57.216000	-29.000000
	134.680000	-57.732000	-27.400000
	134.700000	-58.236000	-26.200000
	134.720000	-58.692000	-24.600000
	134.740000	-59.112000	-23.000000
	134.760000	-59.496000	-21.000000
	134.780000	-59.844000	-19.200000
	134.800000	-60.144000	-17.200000
	134.820000	-60.396000	-15.000000
	134.840000	-60.600000	-12.600000
	134.860000	-60.756000	-10.200000
	134.880000	-60.864000	-7.800000
	134.900000	-60.924000	-5.400000
	134.920000	-60.924000	-2.800000
	134.940000	-60.876000	-0.200000
	134.960000	-60.780000	2.400000
	134.980000	-60.636000	4.800000
	135.000000	-60.432000	7.400000
	135.020000	-60.168000	10.200000
	135.040000	-59.868000	12.800000
	135.060000	-59.532000	15.000000
	135.080000	-59.148000	17.000000
	135.100000	-58.716000	19.200000
	135.120000	-58.224000	21.800000
	135.140000	-57.696000	24.200000
	135.160000	-57.120000	26.600000
	135.180000	-56.496000	28.800000
	135.200000	-55.824000	31.200000
	135.220000	-55.104000	33.600000
	135.240000	-54.348000	35.800000
	135.260000	-53.532000	38.200000
	135.280000	-52.668000	40.600000
	135.300000	-51.756000	43.200000
	135.320000	-50.820000	45.200000
	135.340000	-49.860000	46.800000
	135.360000	-48.852000	48.400000
	135.380000	-47.808000	50.200000
	135.400000	-46.704000	52.600000
	135.420000	-45.576000	54.600000
	135.440000	-44.424000	56.400000
	135.460000	-43.248000	57.600000
	135.480000	-42.024000	59.200000
	135.500000	-40.776000	60.800000
	135.520000	-39.516000	62.200000
	135.540000	-38.244000	63.000000
	135.560000	-36.960000	63.600000
	135.580000	-35.640000	64.600000
	135.600000	-34.296000	65.800000
	135.620000	-32.928000	67.200000
	135.640000	-31.548000	68.200000
	135.660000	-30.168000	68.800000
	135.680000	-28.752000	69.600000
	135.700000	-27.348000	70.000000
	135.720000	-25.920000	70.800000
	135.740000	-24.480000	71.200000
	135.760000	-23.016000	72.200000
	135.780000	-21.528000	73.200000
	135.800000	-20.052000	73.800000
	135.820000	-18.564000	74.200000
	135.840000	-17.088000	74.000000
	135.860000	-15.588000	74.400000
	135.880000	-14.088000	74.600000
	135.900000	-12.588000	75.000000
	135.920000	-11.100000	74.800000
	135.940000	-9.600000	74.800000
	135.960000	-8.088000	75.000000
	135.980000	-6.576000	75.400000
	136.000000	-5.052000	75.800000
	136.020000	-3.552000	75.600000
	136.040000	-2.028000	75.800000
	136.060000	-0.504000	75.800000
	136.080000	1.020000	76.200000
	136.100000	2.544000	76.200000
	136.120000	4.056000	76.000000
	136.140000	5.568000	75.800000
	136.160000	7.068000	75.400000
	136.180000	8.568000	75.200000
	136.200000	10.068000	75.000000
	136.220000	11.556000	74.800000
	136.240000	13.044000	74.600000
	136.260000	14.508000	74.000000
	136.280000	15.984000	73.800000
	136.300000	17.424000	73.000000
	136.320000	18.888000	73.000000
	136.340000	20.328000	72.400000
	136.360000	21.756000	72.200000
	136.380000	23.160000	71.200000
	136.400000	24.552000	70.400000
	136.420000	25.968000	70.200000
	136.440000	27.360000	70.000000
	136.460000	28.764000	70.200000
	136.480000	30.108000	69.000000
	136.500000	31.452000	68.200000
	136.520000	32.772000	66.800000
	136.540000	34.068000	66.000000
	136.560000	35.364000	65.200000
	136.580000	36.636000	64.400000
	136.600000	37.896000	63.800000
	136.620000	39.120000	62.600000
	136.640000	40.296000	61.000000
	136.660000	41.496000	60.000000
	136.680000	42.648000	58.800000
	136.700000	43.776000	58.000000
	136.720000	44.844000	55.800000
	136.740000	45.900000	54.200000
	136.760000	46.920000	52.400000
	136.780000	47.916000	51.200000
	136.800000	48.864000	49.400000
	136.820000	49.776000	47.600000
	136.840000	50.652000	45.600000
	136.860000	51.492000	43.800000
	136.880000	52.284000	41.800000
	136.900000	53.016000	39.400000
	136.920000	53.700000	36.800000
	136.940000	54.348000	34.400000
	136.960000	54.948000	32.200000
	136.980000	55.500000	30.000000
	137.000000	55.992000	27.400000
	137.020000	56.436000	24.800000
	137.040000	56.832000	22.200000
	137.060000	57.168000	19.600000
	137.080000	57.456000	17.000000
	137.100000	57.672000	14.000000
	137.120000	57.852000	11.400000
	137.140000	57.972000	8.600000
	137.160000	58.044000	6.200000
	137.180000	58.056000	3.400000
	137.200000	58.008000	0.600000
	137.220000	57.924000	-2.000000
	137.240000	57.792000	-4.400000
	137.260000	57.612000	-6.600000
	137.280000	57.384000	-9.000000
	137.300000	57.108000	-11.400000
	137.320000	56.808000	-13.400000
	137.340000	56.460000	-15.400000
	137.360000	56.088000	-17.000000
	137.380000	55.680000	-18.800000
	137.400000	55.248000	-20.200000
	137.420000	54.768000	-22.000000
	137.440000	54.264000	-23.600000
	137.460000	53.724000	-25.400000
	137.480000	53.160000	-26.800000
	137.500000	52.560000	-28.400000
	137.520000	51.948000	-29.600000
	137.540000	51.324000	-30.600000
	137.560000	50.664000	-31.600000
	137.580000	50.004000	-32.400000
	137.600000	49.320000	-33.400000
	137.620000	48.636000	-33.800000
	137.640000	47.916000	-34.800000
	137.660000	47.196000	-35.400000
	137.680000	46.464000	-36.200000
	137.700000	45.732000	-36.400000
	137.720000	45.000000	-36.600000
	137.740000	44.280000	-36.400000
	137.760000	43.560000	-36.200000
	137.780000	42.828000	-36.200000
	137.800000	42.096000	-36.400000
	137.820000	41.364000	-36.600000
	137.840000	40.656000	-36.200000
	137.860000	39.948000	-35.800000
	137.880000	39.264000	-35.000000
	137.900000	38.580000	-34.600000
	137.920000	37.920000	-33.800000
	137.940000	37.272000	-33.200000
	137.960000	36.636000	-32.400000
	137.980000	36.024000	-31.600000
	138.000000	35.424000	-30.800000
	138.020000	34.860000	-29.600000
	138.040000	34.320000	-28.400000
	138.060000	33.816000	-26.800000
	138.080000	33.324000	-25.600000
	138.100000	32.856000	-24.400000
	138.120000	32.412000	-23.400000
	138.140000	32.004000	-22.000000
	138.160000	31.632000	-20.400000
	138.180000	31.284000	-18.800000
	138.200000	30.972000	-17.200000
	138.220000	30.684000	-15.800000
	138.240000	30.432000	-14.200000
	138.260000	30.216000	-12.600000
	138.280000	30.036000	-10.800000
	138.300000	29.892000	-9.000000
	138.320000	29.796000	-7.000000
	138.340000	29.736000	-5.000000
	138.360000	29.712000	-3.000000
	138.380000	29.712000	-1.400000
	138.400000	29.748000	0.200000
	138.420000	29.820000	1.800000
	138.440000	29.928000	3.600000
	138.460000	30.072000	5.400000
	138.480000	30.252000	7.200000
	138.500000	30.456000	8.800000
	138.520000	30.684000	10.200000
	138.540000	30.948000	11.600000
	138.560000	31.248000	13.200000
	138.580000	31.584000	15.000000
	138.600000	31.944000	16.600000
	138.620000	32.328000	18.000000
	138.640000	32.736000	19.200000
	138.660000	33.180000	20.600000
	138.680000	33.660000	22.200000
	138.700000	34.176000	24.000000
	138.720000	34.716000	25.600000
	138.740000	35.280000	27.000000
	138.760000	35.868000	28.200000
	138.780000	36.492000	29.600000
	138.800000	37.140000	31.000000
	138.820000	37.800000	32.200000
	138.840000	38.484000	33.200000
	138.860000	39.192000	34.200000
	138.880000	39.936000	35.600000
	138.900000	40.680000	36.600000
	138.920000	41.472000	38.000000
	138.940000	42.252000	38.600000
	138.960000	43.068000	39.800000
	138.980000	43.872000	40.000000
	139.000000	44.712000	41.000000
	139.020000	45.552000	41.400000
	139.040000	46.404000	42.200000
	139.060000	47.268000	42.600000
	139.080000	48.120000	42.800000
	139.100000	48.972000	42.800000
	139.120000	49.824000	42.600000
	139.140000	50.688000	42.800000
	139.160000	51.540000	42.800000
	139.180000	52.392000	42.800000
	139.200000	53.232000	42.400000
	139.220000	54.060000	42.000000
	139.240000	54.864000	41.200000
	139.260000	55.656000	40.400000
	139.280000	56.424000	39.400000
	139.300000	57.168000	38.400000
	139.320000	57.876000	37.000000
	139.340000	58.572000	35.800000
	139.360000	59.232000	34.400000
	139.380000	59.868000	33.200000
	139.400000	60.468000	31.600000
	139.420000	61.032000	30.000000
	139.440000	61.548000	28.000000
	139.460000	62.016000	25.800000
	139.480000	62.448000	23.600000
	139.500000	62.832000	21.400000
	139.520000	63.168000	19.200000
	139.540000	63.444000	16.600000
	139.560000	63.672000	14.000000
	139.580000	63.840000	11.200000
	139.600000	63.960000	8.600000
	139.620000	64.020000	5.800000
	139.640000	64.032000	3.200000
	139.660000	63.984000	0.400000
	139.680000	63.888000	-2.200000
	139.700000	63.732000	-5.000000
	139.720000	63.528000	-7.600000
	139.740000	63.264000	-10.400000
	139.760000	62.940000	-13.200000
	139.780000	62.568000	-16.000000
	139.800000	62.136000	-18.800000
	139.820000	61.668000	-21.200000
	139.840000	61.140000	-23.800000
	139.860000	60.576000	-26.000000
	139.880000	59.964000	-28.400000
	139.900000	59.316000	-30.400000
	139.920000	58.620000	-32.600000
	139.940000	57.876000	-34.800000
	139.960000	57.072000	-37.400000
	139.980000	56.232000	-39.800000
	140.000000	55.356000	-42.000000
	140.020000	54.432000	-44.000000
	140.040000	53.472000	-46.000000
	140.060000	52.464000	-48.200000
	140.080000	51.432000	-50.000000
	140.100000	50.352000	-52.000000
	140.120000	49.248000	-53.600000
	140.140000	48.132000	-55.000000
	140.160000	46.968000	-56.400000
	140.180000	45.780000	-57.800000
	140.200000	44.544000	-59.800000
	140.220000	43.296000	-61.200000
	140.240000	42.036000	-62.400000
	140.260000	40.764000	-63.000000
	140.280000	39.480000	-63.600000
	140.300000	38.148000	-64.800000
	140.320000	36.804000	-66.000000
	140.340000	35.448000	-67.200000
	140.360000	34.068000	-68.000000
	140.380000	32.688000	-68.600000
	140.400000	31.284000	-69.400000
	140.420000	29.880000	-69.800000
	140.440000	28.452000	-70.600000
	140.460000	27.012000	-71.200000
	140.480000	25.572000	-71.800000
	140.500000	24.120000	-72.200000
	140.520000	22.668000	-72.400000
	140.540000	21.216000	-72.600000
	140.560000	19.764000	-72.600000
	140.580000	18.300000	-72.800000
	140.600000	16.824000	-73.200000
	140.620000	15.324000	-74.000000
	140.640000	13.824000	-74.600000
	140.660000	12.324000	-75.000000
	140.680000	10.848000	-74.600000
	140.700000	9.372000	-74.200000
	140.720000	7.908000	-73.600000
	140.740000	6.420000	-73.800000
	140.760000	4.956000	-73.600000
	140.780000	3.456000	-74.200000
	140.800000	1.980000	-74.000000
	140.820000	0.492000	-74.400000
	140.840000	-0.972000	-73.800000
	140.860000	-2.424000	-73.400000
	140.880000	-3.876000	-72.800000
	140.900000	-5.292000	-72.000000
	140.920000	-6.696000	-71.200000
	140.940000	-8.076000	-70.000000
	140.960000	-9.468000	-69.600000
	140.980000	-10.848000	-69.200000
	141.000000	-12.216000	-69.000000
	141.020000	-13.560000	-68.200000
	141.040000	-14.880000	-67.200000
	141.060000	-16.176000	-66.000000
	141.080000	-17.436000	-64.600000
	141.100000	-18.696000	-63.600000
	141.120000	-19.920000	-62.400000
	141.140000	-21.120000	-61.400000
	141.160000	-22.272000	-59.600000
	141.180000	-23.400000	-58.000000
	141.200000	-24.504000	-56.400000
	141.220000	-25.572000	-55.000000
	141.240000	-26.604000	-53.400000
	141.260000	-27.588000	-51.400000
	141.280000	-28.560000	-49.800000
	141.300000	-29.484000	-48.000000
	141.320000	-30.372000	-46.400000
	141.340000	-31.212000	-44.200000
	141.360000	-32.016000	-42.200000
	141.380000	-32.772000	-40.000000
	141.400000	-33.480000	-37.800000
	141.420000	-34.152000	-35.600000
	141.440000	-34.788000	-33.600000
	141.460000	-35.376000	-31.600000
	141.480000	-35.916000	-29.400000
	141.500000	-36.420000	-27.200000
	141.520000	-36.876000	-25.000000
	141.540000	-37.284000	-22.800000
	141.560000	-37.644000	-20.400000
	141.580000	-37.968000	-18.200000
	141.600000	-38.244000	-16.000000
	141.620000	-38.472000	-13.800000
	141.640000	-38.652000	-11.400000
	141.660000	-38.784000	-9.000000
	141.680000	-38.880000	-6.800000
	141.700000	-38.928000	-4.600000
	141.720000	-38.940000	-2.600000
	141.740000	-38.904000	-0.400000
	141.760000	-38.844000	1.400000
	141.780000	-38.760000	3.000000
	141.800000	-38.640000	4.400000
	141.820000	-38.496000	5.800000
	141.840000	-38.328000	7.200000
	141.860000	-38.148000	8.200000
	141.880000	-37.956000	9.000000
	141.900000	-37.740000	9.800000
	141.920000	-37.524000	10.400000
	141.940000	-37.284000	11.200000
	141.960000	-37.044000	11.600000
	141.980000	-36.792000	12.200000
	142.000000	-36.540000	12.400000
	142.020000	-36.288000	12.600000
	142.040000	-36.036000	12.600000
	142.060000	-35.784000	12.600000
	142.080000	-35.532000	12.600000
	142.100000	-35.280000	12.600000
	142.120000	-35.028000	12.600000
	142.140000	-34.776000	12.600000
	142.160000	-34.536000	12.400000
	142.180000	-34.308000	12.000000
	142.200000	-34.092000	11.400000
	142.220000	-33.888000	10.800000
	142.240000	-33.696000	10.200000
	142.260000	-33.516000	9.600000
	142.280000	-33.348000	9.000000
	142.300000	-33.204000	8.200000
	142.320000	-33.096000	7.000000
	142.340000	-33.012000	5.600000
	142.360000	-32.940000	4.400000
	142.380000	-32.892000	3.400000
	142.400000	-32.868000	2.400000
	142.420000	-32.868000	1.200000
	142.440000	-32.892000	0.000000
	142.460000	-32.940000	-1.200000
	142.480000	-33.024000	-2.600000
	142.500000	-33.120000	-3.800000
	142.520000	-33.240000	-5.000000
	142.540000	-33.384000	-6.000000
	142.560000	-33.552000	-7.200000
	142.580000	-33.732000	-8.200000
	142.600000	-33.936000	-9.200000
	142.620000	-34.164000	-10.200000
	142.640000	-34.428000	-11.600000
	142.660000	-34.704000	-12.800000
	142.680000	-35.004000	-14.000000
	142.700000	-35.316000	-14.800000
	142.720000	-35.664000	-16.000000
	142.740000	-36.036000	-17.200000
	142.760000	-36.444000	-18.800000
	142.780000	-36.876000	-20.200000
	142.800000	-37.320000	-21.400000
	142.820000	-37.788000	-22.400000
	142.840000	-38.280000	-23.400000
	142.860000	-38.808000	-24.800000
	142.880000	-39.348000	-26.000000
	142.900000	-39.912000	-27.200000
	142.920000	-40.500000	-28.200000
	142.940000	-41.100000	-29.200000
	142.960000	-41.712000	-30.000000
	142.980000	-42.348000	-30.800000
	143.000000	-43.008000	-31.800000
	143.020000	-43.680000	-32.800000
	143.040000	-44.340000	-33.200000
	143.060000	-45.012000	-33.400000
	143.080000	-45.708000	-33.800000
	143.100000	-46.416000	-34.600000
	143.120000	-47.136000	-35.400000
	143.140000	-47.832000	-35.400000
	143.160000	-48.552000	-35.600000
	143.180000	-49.272000	-35.600000
	143.200000	-49.992000	-36.000000
	143.220000	-50.700000	-35.800000
	143.240000	-51.396000	-35.400000
	143.260000	-52.080000	-34.800000
	143.280000	-52.752000	-34.200000
	143.300000	-53.436000	-34.000000
	143.320000	-54.108000	-33.800000
	143.340000	-54.756000	-33.400000
	143.360000	-55.368000	-32.200000
	143.380000	-55.980000	-31.200000
	143.400000	-56.568000	-30.200000
	143.420000	-57.132000	-29.400000
	143.440000	-57.648000	-27.800000
	143.460000	-58.140000	-26.200000
	143.480000	-58.596000	-24.400000
	143.500000	-59.016000	-22.800000
	143.520000	-59.400000	-21.000000
	143.540000	-59.736000	-19.000000
	143.560000	-60.036000	-17.000000
	143.580000	-60.288000	-14.800000
	143.600000	-60.492000	-12.600000
	143.620000	-60.648000	-10.200000
	143.640000	-60.756000	-7.800000
	143.660000	-60.816000	-5.400000
	143.680000	-60.816000	-2.800000
	143.700000	-60.756000	1.183498E-13
	143.720000	-60.648000	2.800000
	143.740000	-60.504000	5.200000
	143.760000	-60.312000	7.400000
	143.780000	-60.072000	9.600000
	143.800000	-59.772000	12.200000
	143.820000	-59.436000	14.600000
	143.840000	-59.052000	17.000000
	143.860000	-58.632000	19.000000
	143.880000	-58.152000	21.400000
	143.900000	-57.624000	23.800000
	143.920000	-57.036000	26.600000
	143.940000	-56.412000	29.000000
	143.960000	-55.752000	31.200000
	143.980000	-55.044000	33.200000
	144.000000	-54.276000	35.600000
	144.020000	-53.448000	38.400000
	144.040000	-52.596000	40.800000
	144.060000	-51.708000	42.800000
	144.080000	-50.784000	44.400000
	144.100000	-49.800000	46.600000
	144.120000	-48.792000	48.600000
	144.140000	-47.748000	50.600000
	144.160000	-46.668000	52.200000
	144.180000	-45.540000	54.200000
	144.200000	-44.388000	56.000000
	144.220000	-43.212000	57.600000
	144.240000	-42.024000	58.600000
	144.260000	-40.788000	60.000000
	144.280000	-39.528000	61.400000
	144.300000	-38.232000	63.200000
	144.320000	-36.936000	64.200000
	144.340000	-35.616000	65.200000
	144.360000	-34.284000	65.800000
	144.380000	-32.940000	66.600000
	144.400000	-31.584000	67.200000
	144.420000	-30.216000	67.800000
	144.440000	-28.812000	68.800000
	144.460000	-27.396000	69.800000
	144.480000	-25.968000	70.800000
	144.500000	-24.504000	71.800000
	144.520000	-23.040000	72.600000
	144.540000	-21.576000	73.200000
	144.560000	-20.124000	73.000000
	144.580000	-18.672000	72.800000
	144.600000	-17.160000	73.600000
	144.620000	-15.672000	74.200000
	144.640000	-14.148000	75.400000
	144.660000	-12.648000	75.200000
	144.680000	-11.136000	75.600000
	144.700000	-9.648000	75.000000
	144.720000	-8.160000	74.800000
	144.740000	-6.672000	74.400000
	144.760000	-5.160000	74.800000
	144.780000	-3.636000	75.400000
	144.800000	-2.088000	76.400000
	144.820000	-0.564000	76.600000
	144.840000	0.948000	76.400000
	144.860000	2.460000	75.800000
	144.880000	3.960000	75.400000
	144.900000	5.448000	75.000000
	144.920000	6.948000	74.800000
	144.940000	8.436000	74.600000
	144.960000	9.924000	74.600000
	144.980000	11.412000	74.400000
	145.000000	12.900000	74.400000
	145.020000	14.400000	74.600000
	145.040000	15.840000	73.800000
	145.060000	17.304000	73.400000
	145.080000	18.744000	72.400000
	145.100000	20.184000	72.400000
	145.120000	21.588000	71.400000
	145.140000	22.992000	70.800000
	145.160000	24.396000	70.200000
	145.180000	25.800000	70.200000
	145.200000	27.192000	70.000000
	145.220000	28.548000	69.200000
	145.240000	29.916000	68.600000
	145.260000	31.248000	67.600000
	145.280000	32.568000	67.000000
	145.300000	33.852000	65.600000
	145.320000	35.160000	65.200000
	145.340000	36.432000	64.400000
	145.360000	37.680000	63.800000
	145.380000	38.880000	62.000000
	145.400000	40.080000	60.800000
	145.420000	41.256000	59.600000
	145.440000	42.396000	58.600000
	145.460000	43.512000	57.200000
	145.480000	44.580000	55.400000
	145.500000	45.624000	53.800000
	145.520000	46.656000	52.400000
	145.540000	47.640000	51.000000
	145.560000	48.588000	49.400000
	145.580000	49.476000	47.000000
	145.600000	50.352000	45.200000
	145.620000	51.180000	43.200000
	145.640000	51.972000	41.600000
	145.660000	52.704000	39.200000
	145.680000	53.388000	36.800000
	145.700000	54.024000	34.200000
	145.720000	54.612000	31.800000
	145.740000	55.164000	29.600000
	145.760000	55.656000	27.200000
	145.780000	56.112000	25.000000
	145.800000	56.496000	22.200000
	145.820000	56.832000	19.600000
	145.840000	57.108000	16.600000
	145.860000	57.336000	14.000000
	145.880000	57.516000	11.400000
	145.900000	57.636000	8.800000
	145.920000	57.708000	6.200000
	145.940000	57.720000	3.400000
	145.960000	57.684000	0.800000
	145.980000	57.600000	-1.800000
	146.000000	57.468000	-4.200000
	146.020000	57.288000	-6.600000
	146.040000	57.060000	-9.000000
	146.060000	56.796000	-11.200000
	146.080000	56.496000	-13.200000
	146.100000	56.172000	-14.800000
	146.120000	55.800000	-16.600000
	146.140000	55.392000	-18.400000
	146.160000	54.948000	-20.400000
	146.180000	54.480000	-22.000000
	146.200000	54.000000	-23.200000
	146.220000	53.472000	-24.600000
	146.240000	52.920000	-26.000000
	146.260000	52.332000	-27.800000
	146.280000	51.732000	-29.000000
	146.300000	51.108000	-30.200000
	146.320000	50.472000	-31.000000
	146.340000	49.812000	-32.000000
	146.360000	49.140000	-32.800000
	146.380000	48.456000	-33.600000
	146.400000	47.748000	-34.400000
	146.420000	47.040000	-35.000000
	146.440000	46.320000	-35.600000
	146.460000	45.624000	-35.400000
	146.480000	44.904000	-35.600000
	146.500000	44.184000	-35.600000
	146.520000	43.440000	-36.400000
	146.540000	42.708000	-36.600000
	146.560000	41.976000	-36.800000
	146.580000	41.280000	-36.000000
	146.600000	40.584000	-35.400000
	146.620000	39.900000	-34.600000
	146.640000	39.204000	-34.600000
	146.660000	38.532000	-34.200000
	146.680000	37.884000	-33.600000
	146.700000	37.260000	-32.400000
	146.720000	36.648000	-31.400000
	146.740000	36.048000	-30.600000
	146.760000	35.472000	-29.800000
	146.780000	34.908000	-29.000000
	146.800000	34.368000	-28.000000
	146.820000	33.852000	-27.000000
	146.840000	33.384000	-25.400000
	146.860000	32.928000	-24.000000
	146.880000	32.508000	-22.400000
	146.900000	32.100000	-21.400000
	146.920000	31.740000	-19.800000
	146.940000	31.404000	-18.400000
	146.960000	31.104000	-16.600000
	146.980000	30.840000	-15.000000
	147.000000	30.600000	-13.400000
	147.020000	30.396000	-11.800000
	147.040000	30.216000	-10.400000
	147.060000	30.084000	-8.600000
	147.080000	29.988000	-6.800000
	147.100000	29.940000	-4.600000
	147.120000	29.916000	-2.800000
	147.140000	29.940000	-0.800000
	147.160000	29.988000	0.800000
	147.180000	30.084000	2.800000
	147.200000	30.204000	4.400000
	147.220000	30.360000	6.200000
	147.240000	30.540000	7.600000
	147.260000	30.756000	9.200000
	147.280000	31.008000	10.800000
	147.300000	31.284000	12.400000
	147.320000	31.596000	14.000000
	147.340000	31.932000	15.400000
	147.360000	32.304000	17.000000
	147.380000	32.700000	18.400000
	147.400000	33.132000	20.000000
	147.420000	33.600000	21.600000
	147.440000	34.104000	23.400000
	147.460000	34.620000	24.800000
	147.480000	35.160000	26.000000
	147.500000	35.736000	27.200000
	147.520000	36.348000	28.800000
	147.540000	36.996000	30.600000
	147.560000	37.644000	31.800000
	147.580000	38.328000	33.000000
	147.600000	39.024000	33.800000
	147.620000	39.756000	35.200000
	147.640000	40.512000	36.400000
	147.660000	41.280000	37.600000
	147.680000	42.060000	38.400000
	147.700000	42.852000	39.000000
	147.720000	43.668000	39.800000
	147.740000	44.496000	40.600000
	147.760000	45.336000	41.400000
	147.780000	46.188000	42.000000
	147.800000	47.040000	42.400000
	147.820000	47.904000	42.800000
	147.840000	48.768000	43.000000
	147.860000	49.644000	43.400000
	147.880000	50.496000	43.200000
	147.900000	51.348000	43.000000
	147.920000	52.200000	42.600000
	147.940000	53.052000	42.600000
	147.960000	53.892000	42.400000
	147.980000	54.708000	41.800000
	148.000000	55.524000	41.200000
	148.020000	56.316000	40.400000
	148.040000	57.096000	39.800000
	148.060000	57.840000	38.600000
	148.080000	58.560000	37.400000
	148.100000	59.256000	36.000000
	148.120000	59.916000	34.600000
	148.140000	60.540000	33.000000
	148.160000	61.116000	31.000000
	148.180000	61.644000	28.800000
	148.200000	62.148000	26.800000
	148.220000	62.604000	24.800000
	148.240000	63.024000	23.000000
	148.260000	63.384000	20.600000
	148.280000	63.696000	18.200000
	148.300000	63.960000	15.600000
	148.320000	64.164000	13.000000
	148.340000	64.320000	10.400000
	148.360000	64.416000	7.600000
	148.380000	64.452000	4.800000
	148.400000	64.428000	1.800000
	148.420000	64.344000	-1.200000
	148.440000	64.212000	-4.000000
	148.460000	64.032000	-6.600000
	148.480000	63.792000	-9.200000
	148.500000	63.504000	-11.800000
	148.520000	63.156000	-14.600000
	148.540000	62.760000	-17.200000
	148.560000	62.316000	-19.800000
	148.580000	61.824000	-22.200000
	148.600000	61.284000	-24.600000
	148.620000	60.684000	-27.200000
	148.640000	60.024000	-30.000000
	148.660000	59.328000	-32.600000
	148.680000	58.596000	-34.800000
	148.700000	57.816000	-36.800000
	148.720000	56.988000	-39.000000
	148.740000	56.100000	-41.600000
	148.760000	55.200000	-43.600000
	148.780000	54.240000	-45.800000
	148.800000	53.256000	-47.400000
	148.820000	52.212000	-49.800000
	148.840000	51.156000	-51.400000
	148.860000	50.076000	-53.000000
	148.880000	48.960000	-54.200000
	148.900000	47.808000	-55.800000
	148.920000	46.596000	-58.000000
	148.940000	45.384000	-59.600000
	148.960000	44.136000	-61.200000
	148.980000	42.864000	-62.200000
	149.000000	41.544000	-64.000000
	149.020000	40.224000	-65.200000
	149.040000	38.892000	-66.200000
	149.060000	37.560000	-66.400000
	149.080000	36.204000	-67.000000
	149.100000	34.812000	-68.000000
	149.120000	33.408000	-69.200000
	149.140000	31.980000	-70.400000
	149.160000	30.576000	-70.600000
	149.180000	29.136000	-71.200000
	149.200000	27.696000	-71.400000
	149.220000	26.232000	-72.400000
	149.240000	24.756000	-73.000000
	149.260000	23.280000	-73.600000
	149.280000	21.768000	-74.400000
	149.300000	20.292000	-74.400000
	149.320000	18.768000	-75.200000
	149.340000	17.280000	-74.800000
	149.360000	15.768000	-75.400000
	149.380000	14.268000	-75.000000
	149.400000	12.744000	-75.600000
	149.420000	11.220000	-75.800000
	149.440000	9.696000	-76.200000
	149.460000	8.196000	-75.800000
	149.480000	6.660000	-76.000000
	149.500000	5.148000	-75.800000
	149.520000	3.612000	-76.400000
	149.540000	2.112000	-75.800000
	149.560000	0.624000	-75.400000
	149.580000	-0.864000	-74.600000
	149.600000	-2.364000	-74.600000
	149.620000	-3.864000	-74.800000
	149.640000	-5.340000	-74.600000
	149.660000	-6.792000	-73.800000
	149.680000	-8.244000	-73.000000
	149.700000	-9.684000	-72.400000
	149.720000	-11.112000	-72.000000
	149.740000	-12.528000	-71.400000
	149.760000	-13.908000	-70.400000
	149.780000	-15.276000	-69.400000
	149.800000	-16.620000	-68.200000
	149.820000	-17.940000	-67.200000
	149.840000	-19.260000	-66.400000
	149.860000	-20.520000	-65.000000
	149.880000	-21.792000	-64.200000
	149.900000	-22.992000	-62.200000
	149.920000	-24.180000	-61.000000
	149.940000	-25.320000	-58.800000
	149.960000	-26.448000	-57.600000
	149.980000	-27.564000	-56.400000
	150.000000	-28.620000	-55.000000
	150.020000	-29.640000	-53.200000
	150.040000	-30.624000	-51.000000
	150.060000	-31.572000	-49.200000
	150.080000	-32.460000	-47.000000
	150.100000	-33.300000	-44.600000
	150.120000	-34.116000	-42.400000
	150.140000	-34.896000	-40.600000
	150.160000	-35.640000	-39.000000
	150.180000	-36.324000	-36.800000
	150.200000	-36.972000	-34.600000
	150.220000	-37.572000	-32.200000
	150.240000	-38.124000	-30.000000
	150.260000	-38.616000	-27.400000
	150.280000	-39.060000	-24.800000
	150.300000	-39.456000	-22.200000
	150.320000	-39.816000	-20.000000
	150.340000	-40.116000	-17.600000
	150.360000	-40.380000	-15.400000
	150.380000	-40.584000	-12.800000
	150.400000	-40.740000	-10.400000
	150.420000	-40.848000	-7.800000
	150.440000	-40.920000	-5.600000
	150.460000	-40.956000	-3.600000
	150.480000	-40.944000	-1.600000
	150.500000	-40.896000	0.400000
	150.520000	-40.800000	2.600000
	150.540000	-40.680000	4.400000
	150.560000	-40.536000	6.000000
	150.580000	-40.368000	7.200000
	150.600000	-40.176000	8.400000
	150.620000	-39.960000	9.600000
	150.640000	-39.732000	10.600000
	150.660000	-39.492000	11.400000
	150.680000	-39.228000	12.200000
	150.700000	-38.952000	13.000000
	150.720000	-38.664000	13.800000
	150.740000	-38.376000	14.200000
	150.760000	-38.088000	14.400000
	150.780000	-37.788000	14.600000
	150.800000	-37.488000	14.800000
	150.820000	-37.176000	15.200000
	150.840000	-36.864000	15.400000
	150.860000	-36.540000	15.800000
	150.880000	-36.228000	15.800000
	150.900000	-35.928000	15.600000
	150.920000	-35.640000	15.000000
	150.940000	-35.352000	14.600000
	150.960000	-35.064000	14.400000
	150.980000	-34.788000	14.200000
	151.000000	-34.536000	13.600000
	151.020000	-34.296000	12.800000
	151.040000	-34.080000	11.800000
	151.060000	-33.876000	11.000000
	151.080000	-33.708000	9.800000
	151.100000	-33.552000	8.800000
	151.120000	-33.420000	7.600000
	151.140000	-33.312000	6.600000
	151.160000	-33.228000	5.400000
	151.180000	-33.180000	4.000000
	151.200000	-33.156000	2.600000
	151.220000	-33.168000	1.000000
	151.240000	-33.204000	-0.400000
	151.260000	-33.264000	-1.800000
	151.280000	-33.348000	-3.000000
	151.300000	-33.456000	-4.200000
	151.320000	-33.588000	-5.400000
	151.340000	-33.756000	-6.800000
	151.360000	-33.948000	-8.200000
	151.380000	-34.164000	-9.600000
	151.400000	-34.404000	-10.800000
	151.420000	-34.656000	-11.800000
	151.440000	-34.944000	-13.000000
	151.460000	-35.244000	-14.000000
	151.480000	-35.580000	-15.400000
	151.500000	-35.940000	-16.600000
	151.520000	-36.324000	-18.000000
	151.540000	-36.744000	-19.400000
	151.560000	-37.188000	-20.800000
	151.580000	-37.656000	-22.200000
	151.600000	-38.136000	-23.200000
	151.620000	-38.640000	-24.200000
	151.640000	-39.180000	-25.400000
	151.660000	-39.744000	-26.800000
	151.680000	-40.332000	-28.200000
	151.700000	-40.932000	-29.200000
	151.720000	-41.556000	-30.200000
	151.740000	-42.204000	-31.200000
	151.760000	-42.876000	-32.400000
	151.780000	-43.536000	-33.000000
	151.800000	-44.208000	-33.400000
	151.820000	-44.880000	-33.400000
	151.840000	-45.600000	-34.400000
	151.860000	-46.320000	-35.200000
	151.880000	-47.052000	-36.200000
	151.900000	-47.760000	-36.000000
	151.920000	-48.468000	-35.800000
	151.940000	-49.188000	-35.600000
	151.960000	-49.908000	-35.800000
	151.980000	-50.628000	-36.000000
	152.000000	-51.336000	-35.800000
	152.020000	-52.044000	-35.600000
	152.040000	-52.752000	-35.400000
	152.060000	-53.448000	-35.200000
	152.080000	-54.132000	-34.800000
	152.100000	-54.768000	-33.600000
	152.120000	-55.392000	-32.400000
	152.140000	-55.992000	-31.000000
	152.160000	-56.592000	-30.400000
	152.180000	-57.156000	-29.400000
	152.200000	-57.684000	-28.200000
	152.220000	-58.188000	-26.600000
	152.240000	-58.656000	-25.000000
	152.260000	-59.088000	-23.400000
	152.280000	-59.472000	-21.400000
	152.300000	-59.808000	-19.200000
	152.320000	-60.108000	-17.000000
	152.340000	-60.360000	-14.800000
	152.360000	-60.564000	-12.600000
	152.380000	-60.720000	-10.200000
	152.400000	-60.828000	-7.800000
	152.420000	-60.888000	-5.400000
	152.440000	-60.900000	-3.000000
	152.460000	-60.852000	-0.400000
	152.480000	-60.756000	2.200000
	152.500000	-60.600000	5.000000
	152.520000	-60.408000	7.400000
	152.540000	-60.156000	10.000000
	152.560000	-59.868000	12.200000
	152.580000	-59.520000	14.800000
	152.600000	-59.124000	17.200000
	152.620000	-58.680000	19.800000
	152.640000	-58.188000	22.200000
	152.660000	-57.660000	24.400000
	152.680000	-57.072000	26.800000
	152.700000	-56.448000	29.000000
	152.720000	-55.776000	31.400000
	152.740000	-55.056000	33.600000
	152.760000	-54.288000	36.000000
	152.780000	-53.460000	38.600000
	152.800000	-52.596000	41.000000
	152.820000	-51.684000	43.400000
	152.840000	-50.748000	45.200000
	152.860000	-49.776000	47.000000
	152.880000	-48.756000	48.800000
	152.900000	-47.712000	50.600000
	152.920000	-46.620000	52.600000
	152.940000	-45.492000	54.400000
	152.960000	-44.316000	56.600000
	152.980000	-43.116000	58.400000
	153.000000	-41.904000	59.800000
	153.020000	-40.656000	61.000000
	153.040000	-39.408000	61.800000
	153.060000	-38.124000	63.000000
	153.080000	-36.840000	63.600000
	153.100000	-35.520000	64.800000
	153.120000	-34.164000	66.000000
	153.140000	-32.772000	67.800000
	153.160000	-31.392000	68.800000
	153.180000	-30.012000	69.200000
	153.200000	-28.596000	69.600000
	153.220000	-27.168000	70.400000
	153.240000	-25.728000	71.400000
	153.260000	-24.324000	71.200000
	153.280000	-22.848000	72.000000
	153.300000	-21.384000	72.400000
	153.320000	-19.884000	74.000000
	153.340000	-18.396000	74.200000
	153.360000	-16.908000	74.600000
	153.380000	-15.408000	74.600000
	153.400000	-13.920000	74.600000
	153.420000	-12.408000	75.000000
	153.440000	-10.920000	74.800000
	153.460000	-9.408000	75.200000
	153.480000	-7.908000	75.000000
	153.500000	-6.384000	75.600000
	153.520000	-4.884000	75.400000
	153.540000	-3.336000	76.200000
	153.560000	-1.812000	76.200000
	153.580000	-0.264000	77.000000
	153.600000	1.236000	76.200000
	153.620000	2.748000	76.000000
	153.640000	4.260000	75.400000
	153.660000	5.772000	75.600000
	153.680000	7.284000	75.600000
	153.700000	8.772000	75.200000
	153.720000	10.272000	75.000000
	153.740000	11.760000	74.600000
	153.760000	13.236000	74.400000
	153.780000	14.712000	74.000000
	153.800000	16.188000	73.800000
	153.820000	17.652000	73.600000
	153.840000	19.104000	73.200000
	153.860000	20.532000	72.400000
	153.880000	21.996000	72.400000
	153.900000	23.400000	71.600000
	153.920000	24.816000	71.400000
	153.940000	26.196000	70.000000
	153.960000	27.600000	70.000000
	153.980000	28.980000	69.400000
	154.000000	30.348000	69.200000
	154.020000	31.692000	68.200000
	154.040000	33.000000	67.000000
	154.060000	34.284000	65.600000
	154.080000	35.568000	64.600000
	154.100000	36.840000	64.000000
	154.120000	38.100000	63.600000
	154.140000	39.336000	62.800000
	154.160000	40.548000	61.800000
	154.180000	41.724000	60.400000
	154.200000	42.864000	58.800000
	154.220000	43.980000	57.200000
	154.240000	45.072000	55.800000
	154.260000	46.128000	54.400000
	154.280000	47.172000	53.200000
	154.300000	48.168000	51.600000
	154.320000	49.128000	50.000000
	154.340000	50.028000	47.600000
	154.360000	50.892000	45.400000
	154.380000	51.720000	43.200000
	154.400000	52.500000	41.200000
	154.420000	53.232000	39.000000
	154.440000	53.916000	36.600000
	154.460000	54.552000	34.200000
	154.480000	55.140000	31.800000
	154.500000	55.692000	29.600000
	154.520000	56.184000	27.200000
	154.540000	56.628000	24.800000
	154.560000	57.000000	21.800000
	154.580000	57.324000	19.000000
	154.600000	57.600000	16.200000
	154.620000	57.816000	13.600000
	154.640000	57.984000	11.000000
	154.660000	58.092000	8.200000
	154.680000	58.152000	5.600000
	154.700000	58.164000	3.000000
	154.720000	58.116000	0.400000
	154.740000	58.020000	-2.200000
	154.760000	57.864000	-5.000000
	154.780000	57.672000	-7.400000
	154.800000	57.432000	-9.800000
	154.820000	57.156000	-11.800000
	154.840000	56.844000	-13.800000
	154.860000	56.496000	-15.600000
	154.880000	56.124000	-17.200000
	154.900000	55.704000	-19.000000
	154.920000	55.260000	-20.600000
	154.940000	54.780000	-22.400000
	154.960000	54.264000	-24.000000
	154.980000	53.724000	-25.600000
	155.000000	53.148000	-27.200000
	155.020000	52.560000	-28.400000
	155.040000	51.936000	-29.800000
	155.060000	51.288000	-31.000000
	155.080000	50.628000	-32.200000
	155.100000	49.944000	-33.200000
	155.120000	49.248000	-34.000000
	155.140000	48.552000	-34.600000
	155.160000	47.832000	-35.200000
	155.180000	47.124000	-35.400000
	155.200000	46.392000	-36.000000
	155.220000	45.672000	-36.000000
	155.240000	44.928000	-36.600000
	155.260000	44.184000	-36.800000
	155.280000	43.440000	-37.200000
	155.300000	42.708000	-37.000000
	155.320000	41.964000	-37.000000
	155.340000	41.232000	-36.800000
	155.360000	40.500000	-36.800000
	155.380000	39.792000	-36.200000
	155.400000	39.096000	-35.600000
	155.420000	38.412000	-34.800000
	155.440000	37.740000	-34.200000
	155.460000	37.092000	-33.400000
	155.480000	36.468000	-32.400000
	155.500000	35.856000	-31.400000
	155.520000	35.256000	-30.600000
	155.540000	34.680000	-29.800000
	155.560000	34.128000	-28.800000
	155.580000	33.612000	-27.400000
	155.600000	33.120000	-26.000000
	155.620000	32.664000	-24.400000
	155.640000	32.220000	-23.200000
	155.660000	31.800000	-22.000000
	155.680000	31.416000	-20.800000
	155.700000	31.068000	-19.200000
	155.720000	30.756000	-17.400000
	155.740000	30.468000	-15.800000
	155.760000	30.216000	-14.200000
	155.780000	30.000000	-12.600000
	155.800000	29.820000	-10.800000
	155.820000	29.676000	-9.000000
	155.840000	29.568000	-7.200000
	155.860000	29.496000	-5.400000
	155.880000	29.460000	-3.600000
	155.900000	29.460000	-1.800000
	155.920000	29.496000	-5.928591E-14
	155.940000	29.568000	1.800000
	155.960000	29.676000	3.600000
	155.980000	29.820000	5.400000
	156.000000	29.988000	7.000000
	156.020000	30.192000	8.600000
	156.040000	30.420000	10.000000
	156.060000	30.696000	11.800000
	156.080000	30.984000	13.200000
	156.100000	31.308000	14.800000
	156.120000	31.668000	16.200000
	156.140000	32.064000	18.000000
	156.160000	32.484000	19.600000
	156.180000	32.916000	20.800000
	156.200000	33.384000	22.000000
	156.220000	33.888000	23.400000
	156.240000	34.416000	25.000000
	156.260000	34.992000	26.800000
	156.280000	35.592000	28.400000
	156.300000	36.216000	30.000000
	156.320000	36.852000	31.000000
	156.340000	37.500000	31.800000
	156.360000	38.184000	32.800000
	156.380000	38.904000	34.200000
	156.400000	39.636000	35.600000
	156.420000	40.404000	37.000000
	156.440000	41.160000	37.600000
	156.460000	41.952000	38.600000
	156.480000	42.744000	39.000000
	156.500000	43.572000	40.200000
	156.520000	44.400000	40.800000
	156.540000	45.240000	41.600000
	156.560000	46.068000	41.600000
	156.580000	46.920000	42.000000
	156.600000	47.784000	42.400000
	156.620000	48.648000	43.000000
	156.640000	49.512000	43.200000
	156.660000	50.364000	43.000000
	156.680000	51.216000	42.800000
	156.700000	52.056000	42.400000
	156.720000	52.896000	42.200000
	156.740000	53.712000	41.600000
	156.760000	54.528000	41.200000
	156.780000	55.308000	40.200000
	156.800000	56.088000	39.600000
	156.820000	56.832000	38.400000
	156.840000	57.552000	37.400000
	156.860000	58.248000	36.000000
	156.880000	58.908000	34.600000
	156.900000	59.544000	33.200000
	156.920000	60.132000	31.400000
	156.940000	60.684000	29.600000
	156.960000	61.200000	27.600000
	156.980000	61.680000	25.800000
	157.000000	62.124000	24.000000
	157.020000	62.508000	21.800000
	157.040000	62.844000	19.400000
	157.060000	63.120000	16.600000
	157.080000	63.348000	14.000000
	157.100000	63.528000	11.400000
	157.120000	63.648000	8.800000
	157.140000	63.720000	6.200000
	157.160000	63.732000	3.400000
	157.180000	63.696000	0.800000
	157.200000	63.588000	-2.200000
	157.220000	63.432000	-5.000000
	157.240000	63.228000	-7.800000
	157.260000	62.976000	-10.200000
	157.280000	62.664000	-12.800000
	157.300000	62.304000	-15.400000
	157.320000	61.896000	-18.000000
	157.340000	61.440000	-20.400000
	157.360000	60.924000	-23.000000
	157.380000	60.372000	-25.400000
	157.400000	59.772000	-27.800000
	157.420000	59.124000	-30.000000
	157.440000	58.428000	-32.400000
	157.460000	57.672000	-35.000000
	157.480000	56.892000	-37.200000
	157.500000	56.052000	-39.600000
	157.520000	55.188000	-41.400000
	157.540000	54.276000	-43.600000
	157.560000	53.328000	-45.400000
	157.580000	52.332000	-47.600000
	157.600000	51.312000	-49.400000
	157.620000	50.256000	-51.200000
	157.640000	49.188000	-52.400000
	157.660000	48.060000	-54.200000
	157.680000	46.908000	-55.800000
	157.700000	45.708000	-58.000000
	157.720000	44.496000	-59.400000
	157.740000	43.260000	-60.800000
	157.760000	42.024000	-61.400000
	157.780000	40.728000	-62.800000
	157.800000	39.444000	-63.600000
	157.820000	38.100000	-65.400000
	157.840000	36.768000	-66.000000
	157.860000	35.400000	-67.400000
	157.880000	34.032000	-67.800000
	157.900000	32.676000	-68.200000
	157.920000	31.308000	-68.200000
	157.940000	29.928000	-68.400000
	157.960000	28.524000	-69.200000
	157.980000	27.096000	-70.200000
	158.000000	25.632000	-71.600000
	158.020000	24.168000	-72.600000
	158.040000	22.716000	-73.000000
	158.060000	21.288000	-72.400000
	158.080000	19.848000	-72.000000
	158.100000	18.384000	-72.200000
	158.120000	16.908000	-73.000000
	158.140000	15.432000	-73.600000
	158.160000	13.944000	-74.000000
	158.180000	12.468000	-74.000000
	158.200000	10.968000	-74.400000
	158.220000	9.492000	-74.200000
	158.240000	8.004000	-74.400000
	158.260000	6.540000	-73.800000
	158.280000	5.064000	-73.800000
	158.300000	3.624000	-73.000000
	158.320000	2.184000	-72.600000
	158.340000	0.720000	-72.400000
	158.360000	-0.744000	-72.800000
	158.380000	-2.208000	-73.200000
	158.400000	-3.636000	-72.600000
	158.420000	-5.052000	-71.800000
	158.440000	-6.444000	-70.600000
	158.460000	-7.824000	-69.800000
	158.480000	-9.192000	-69.000000
	158.500000	-10.560000	-68.600000
	158.520000	-11.904000	-68.000000
	158.540000	-13.260000	-67.800000
	158.560000	-14.592000	-67.200000
	158.580000	-15.876000	-66.200000
	158.600000	-17.112000	-64.200000
	158.620000	-18.324000	-62.200000
	158.640000	-19.524000	-60.800000
	158.660000	-20.688000	-59.600000
	158.680000	-21.816000	-58.200000
	158.700000	-22.932000	-56.800000
	158.720000	-24.024000	-55.600000
	158.740000	-25.080000	-54.400000
	158.760000	-26.100000	-52.800000
	158.780000	-27.084000	-51.000000
	158.800000	-28.032000	-49.200000
	158.820000	-28.932000	-47.200000
	158.840000	-29.796000	-45.200000
	158.860000	-30.636000	-43.400000
	158.880000	-31.428000	-41.600000
	158.900000	-32.184000	-39.800000
	158.920000	-32.880000	-37.400000
	158.940000	-33.552000	-35.400000
	158.960000	-34.176000	-33.200000
	158.980000	-34.764000	-31.400000
	159.000000	-35.304000	-29.200000
	159.020000	-35.796000	-27.000000
	159.040000	-36.252000	-24.800000
	159.060000	-36.648000	-22.400000
	159.080000	-37.008000	-20.200000
	159.100000	-37.308000	-17.600000
	159.120000	-37.572000	-15.400000
	159.140000	-37.800000	-13.200000
	159.160000	-37.992000	-11.400000
	159.180000	-38.136000	-9.400000
	159.200000	-38.220000	-7.000000
	159.220000	-38.268000	-4.600000
	159.240000	-38.280000	-2.400000
	159.260000	-38.268000	-0.800000
	159.280000	-38.208000	1.000000
	159.300000	-38.124000	2.600000
	159.320000	-38.004000	4.400000
	159.340000	-37.872000	5.600000
	159.360000	-37.716000	6.800000
	159.380000	-37.548000	7.600000
	159.400000	-37.356000	8.600000
	159.420000	-37.152000	9.400000
	159.440000	-36.936000	10.200000
	159.460000	-36.708000	10.800000
	159.480000	-36.480000	11.200000
	159.500000	-36.252000	11.400000
	159.520000	-36.024000	11.400000
	159.540000	-35.784000	11.600000
	159.560000	-35.544000	11.800000
	159.580000	-35.304000	12.000000
	159.600000	-35.076000	11.800000
	159.620000	-34.836000	11.800000
	159.640000	-34.620000	11.400000
	159.660000	-34.404000	11.200000
	159.680000	-34.200000	10.600000
	159.700000	-33.984000	10.600000
	159.720000	-33.780000	10.400000
	159.740000	-33.588000	10.200000
	159.760000	-33.420000	9.400000
	159.780000	-33.264000	8.600000
	159.800000	-33.132000	7.600000
	159.820000	-33.012000	6.800000
	159.840000	-32.916000	5.800000
	159.860000	-32.832000	5.000000
	159.880000	-32.784000	3.800000
	159.900000	-32.748000	2.800000
	159.920000	-32.748000	1.400000
	159.940000	-32.760000	0.400000
	159.960000	-32.808000	-1.000000
	159.980000	-32.868000	-2.000000
	160.000000	-32.952000	-3.200000
	160.020000	-33.060000	-4.200000
	160.040000	-33.192000	-5.400000
	160.060000	-33.348000	-6.600000
	160.080000	-33.516000	-7.600000
	160.100000	-33.708000	-8.600000
	160.120000	-33.924000	-9.600000
	160.140000	-34.164000	-10.800000
	160.160000	-34.416000	-11.800000
	160.180000	-34.692000	-12.800000
	160.200000	-34.992000	-13.800000
	160.220000	-35.328000	-15.200000
	160.240000	-35.688000	-16.600000
	160.260000	-36.060000	-17.800000
	160.280000	-36.456000	-18.800000
	160.300000	-36.876000	-19.800000
	160.320000	-37.332000	-21.200000
	160.340000	-37.812000	-22.600000
	160.360000	-38.316000	-24.000000
	160.380000	-38.844000	-25.200000
	160.400000	-39.396000	-26.400000
	160.420000	-39.960000	-27.400000
	160.440000	-40.548000	-28.400000
	160.460000	-41.148000	-29.200000
	160.480000	-41.760000	-30.000000
	160.500000	-42.408000	-31.000000
	160.520000	-43.056000	-31.800000
	160.540000	-43.728000	-32.800000
	160.560000	-44.388000	-33.000000
	160.580000	-45.072000	-33.600000
	160.600000	-45.756000	-33.800000
	160.620000	-46.452000	-34.400000
	160.640000	-47.160000	-34.800000
	160.660000	-47.880000	-35.400000
	160.680000	-48.588000	-35.600000
	160.700000	-49.296000	-35.600000
	160.720000	-50.004000	-35.400000
	160.740000	-50.724000	-35.600000
	160.760000	-51.444000	-35.800000
	160.780000	-52.140000	-35.600000
	160.800000	-52.824000	-35.000000
	160.820000	-53.496000	-34.200000
	160.840000	-54.168000	-33.800000
	160.860000	-54.816000	-33.200000
	160.880000	-55.440000	-32.400000
	160.900000	-56.040000	-31.200000
	160.920000	-56.616000	-30.000000
	160.940000	-57.156000	-28.600000
	160.960000	-57.672000	-27.200000
	160.980000	-58.164000	-25.800000
	161.000000	-58.620000	-24.400000
	161.020000	-59.040000	-22.800000
	161.040000	-59.412000	-20.800000
	161.060000	-59.760000	-19.000000
	161.080000	-60.048000	-16.800000
	161.100000	-60.300000	-14.800000
	161.120000	-60.492000	-12.200000
	161.140000	-60.648000	-10.000000
	161.160000	-60.744000	-7.400000
	161.180000	-60.792000	-5.000000
	161.200000	-60.792000	-2.400000
	161.220000	-60.744000	1.184608E-13
	161.240000	-60.636000	2.600000
	161.260000	-60.480000	5.200000
	161.280000	-60.276000	7.800000
	161.300000	-60.036000	10.000000
	161.320000	-59.736000	12.400000
	161.340000	-59.388000	14.800000
	161.360000	-58.992000	17.400000
	161.380000	-58.560000	19.600000
	161.400000	-58.080000	21.800000
	161.420000	-57.552000	24.000000
	161.440000	-56.964000	26.600000
	161.460000	-56.328000	29.200000
	161.480000	-55.644000	31.800000
	161.500000	-54.924000	34.000000
	161.520000	-54.168000	36.000000
	161.540000	-53.364000	38.000000
	161.560000	-52.512000	40.200000
	161.580000	-51.612000	42.600000
	161.600000	-50.676000	44.800000
	161.620000	-49.704000	46.800000
	161.640000	-48.672000	49.000000
	161.660000	-47.616000	51.000000
	161.680000	-46.512000	53.200000
	161.700000	-45.408000	54.400000
	161.720000	-44.256000	56.000000
	161.740000	-43.092000	57.000000
	161.760000	-41.880000	58.800000
	161.780000	-40.644000	60.200000
	161.800000	-39.384000	61.800000
	161.820000	-38.100000	63.000000
	161.840000	-36.816000	63.800000
	161.860000	-35.496000	64.800000
	161.880000	-34.152000	65.800000
	161.900000	-32.784000	67.200000
	161.920000	-31.404000	68.200000
	161.940000	-30.036000	68.600000
	161.960000	-28.608000	69.600000
	161.980000	-27.180000	70.400000
	162.000000	-25.752000	71.400000
	162.020000	-24.336000	71.200000
	162.040000	-22.908000	71.200000
	162.060000	-21.444000	71.800000
	162.080000	-19.968000	72.800000
	162.100000	-18.492000	73.600000
	162.120000	-16.980000	74.400000
	162.140000	-15.492000	74.600000
	162.160000	-13.992000	75.000000
	162.180000	-12.516000	74.400000
	162.200000	-11.028000	74.400000
	162.220000	-9.504000	74.800000
	162.240000	-8.016000	75.000000
	162.260000	-6.480000	75.800000
	162.280000	-4.980000	75.400000
	162.300000	-3.444000	76.200000
	162.320000	-1.956000	75.400000
	162.340000	-0.444000	75.600000
	162.360000	1.056000	75.000000
	162.380000	2.568000	75.400000
	162.400000	4.080000	75.400000
	162.420000	5.580000	75.400000
	162.440000	7.080000	75.200000
	162.460000	8.568000	74.800000
	162.480000	10.056000	74.600000
	162.500000	11.544000	74.400000
	162.520000	13.008000	74.000000
	162.540000	14.496000	74.000000
	162.560000	15.960000	73.600000
	162.580000	17.412000	73.400000
	162.600000	18.864000	72.800000
	162.620000	20.292000	72.200000
	162.640000	21.720000	71.800000
	162.660000	23.112000	70.800000
	162.680000	24.528000	70.600000
	162.700000	25.920000	70.000000
	162.720000	27.312000	70.000000
	162.740000	28.680000	69.200000
	162.760000	30.048000	68.800000
	162.780000	31.356000	67.400000
	162.800000	32.664000	66.400000
	162.820000	33.936000	64.800000
	162.840000	35.220000	64.400000
	162.860000	36.468000	63.400000
	162.880000	37.704000	62.800000
	162.900000	38.940000	62.000000
	162.920000	40.140000	61.200000
	162.940000	41.316000	60.200000
	162.960000	42.444000	58.400000
	162.980000	43.536000	56.600000
	163.000000	44.628000	55.200000
	163.020000	45.684000	54.000000
	163.040000	46.704000	52.800000
	163.060000	47.688000	51.000000
	163.080000	48.624000	49.000000
	163.100000	49.536000	47.200000
	163.120000	50.388000	45.000000
	163.140000	51.204000	43.000000
	163.160000	51.984000	40.800000
	163.180000	52.716000	38.800000
	163.200000	53.400000	36.600000
	163.220000	54.036000	34.200000
	163.240000	54.624000	31.800000
	163.260000	55.164000	29.400000
	163.280000	55.644000	26.800000
	163.300000	56.076000	24.200000
	163.320000	56.460000	21.600000
	163.340000	56.796000	19.200000
	163.360000	57.072000	16.600000
	163.380000	57.300000	14.000000
	163.400000	57.468000	11.200000
	163.420000	57.588000	8.600000
	163.440000	57.648000	5.800000
	163.460000	57.660000	3.200000
	163.480000	57.612000	0.400000
	163.500000	57.528000	-2.000000
	163.520000	57.396000	-4.400000
	163.540000	57.216000	-6.600000
	163.560000	56.988000	-9.000000
	163.580000	56.724000	-11.200000
	163.600000	56.436000	-13.000000
	163.620000	56.100000	-14.800000
	163.640000	55.728000	-16.600000
	163.660000	55.308000	-18.800000
	163.680000	54.864000	-20.600000
	163.700000	54.396000	-22.200000
	163.720000	53.904000	-23.400000
	163.740000	53.376000	-24.800000
	163.760000	52.812000	-26.400000
	163.780000	52.224000	-28.000000
	163.800000	51.612000	-29.400000
	163.820000	51.000000	-30.200000
	163.840000	50.364000	-31.000000
	163.860000	49.716000	-31.600000
	163.880000	49.032000	-32.800000
	163.900000	48.336000	-33.800000
	163.920000	47.640000	-34.600000
	163.940000	46.932000	-35.000000
	163.960000	46.224000	-35.200000
	163.980000	45.504000	-35.600000
	164.000000	44.784000	-35.800000
	164.020000	44.064000	-36.000000
	164.040000	43.332000	-36.200000
	164.060000	42.612000	-36.200000
	164.080000	41.892000	-36.200000
	164.100000	41.196000	-35.600000
	164.120000	40.500000	-35.200000
	164.140000	39.816000	-34.600000
	164.160000	39.132000	-34.400000
	164.180000	38.460000	-34.000000
	164.200000	37.812000	-33.400000
	164.220000	37.188000	-32.400000
	164.240000	36.588000	-31.200000
	164.260000	35.988000	-30.400000
	164.280000	35.412000	-29.600000
	164.300000	34.848000	-29.000000
	164.320000	34.320000	-27.800000
	164.340000	33.816000	-26.600000
	164.360000	33.348000	-25.000000
	164.380000	32.904000	-23.600000
	164.400000	32.484000	-22.200000
	164.420000	32.088000	-21.000000
	164.440000	31.728000	-19.600000
	164.460000	31.404000	-18.000000
	164.480000	31.104000	-16.400000
	164.500000	30.840000	-14.800000
	164.520000	30.612000	-13.200000
	164.540000	30.420000	-11.400000
	164.560000	30.264000	-9.600000
	164.580000	30.144000	-7.800000
	164.600000	30.060000	-6.000000
	164.620000	30.012000	-4.200000
	164.640000	30.000000	-2.400000
	164.660000	30.024000	-0.600000
	164.680000	30.084000	1.200000
	164.700000	30.180000	3.000000
	164.720000	30.312000	4.800000
	164.740000	30.468000	6.400000
	164.760000	30.660000	8.000000
	164.780000	30.888000	9.600000
	164.800000	31.152000	11.400000
	164.820000	31.440000	13.000000
	164.840000	31.752000	14.400000
	164.860000	32.088000	15.600000
	164.880000	32.460000	17.000000
	164.900000	32.868000	18.600000
	164.920000	33.312000	20.400000
	164.940000	33.768000	21.800000
	164.960000	34.260000	23.200000
	164.980000	34.788000	24.600000
	165.000000	35.352000	26.400000
	165.020000	35.928000	27.800000
	165.040000	36.528000	29.000000
	165.060000	37.164000	30.200000
	165.080000	37.824000	31.600000
	165.100000	38.508000	33.000000
	165.120000	39.204000	34.000000
	165.140000	39.936000	35.200000
	165.160000	40.680000	36.200000
	165.180000	41.436000	37.200000
	165.200000	42.216000	38.000000
	165.220000	43.020000	39.000000
	165.240000	43.848000	40.200000
	165.260000	44.664000	40.800000
	165.280000	45.492000	41.200000
	165.300000	46.332000	41.400000
	165.320000	47.172000	41.800000
	165.340000	48.012000	42.000000
	165.360000	48.864000	42.200000
	165.380000	49.740000	42.800000
	165.400000	50.604000	43.200000
	165.420000	51.456000	43.200000
	165.440000	52.284000	42.400000
	165.460000	53.112000	41.800000
	165.480000	53.928000	41.200000
	165.500000	54.744000	41.000000
	165.520000	55.536000	40.400000
	165.540000	56.316000	39.800000
	165.560000	57.072000	38.800000
	165.580000	57.804000	37.800000
	165.600000	58.500000	36.400000
	165.620000	59.172000	35.000000
	165.640000	59.808000	33.400000
	165.660000	60.396000	31.600000
	165.680000	60.948000	29.600000
	165.700000	61.464000	27.600000
	165.720000	61.944000	25.800000
	165.740000	62.376000	23.800000
	165.760000	62.772000	21.800000
	165.780000	63.120000	19.600000
	165.800000	63.408000	17.200000
	165.820000	63.648000	14.600000
	165.840000	63.828000	11.800000
	165.860000	63.960000	9.200000
	165.880000	64.032000	6.400000
	165.900000	64.056000	3.800000
	165.920000	64.020000	1.000000
	165.940000	63.924000	-1.800000
	165.960000	63.768000	-4.800000
	165.980000	63.564000	-7.600000
	166.000000	63.300000	-10.400000
	166.020000	63.000000	-12.800000
	166.040000	62.640000	-15.400000
	166.060000	62.244000	-17.600000
	166.080000	61.800000	-20.000000
	166.100000	61.308000	-22.200000
	166.120000	60.756000	-24.800000
	166.140000	60.156000	-27.400000
	166.160000	59.508000	-30.000000
	166.180000	58.824000	-32.200000
	166.200000	58.080000	-34.600000
	166.220000	57.300000	-36.800000
	166.240000	56.472000	-39.200000
	166.260000	55.608000	-41.200000
	166.280000	54.696000	-43.400000
	166.300000	53.760000	-45.200000
	166.320000	52.776000	-47.200000
	166.340000	51.768000	-48.800000
	166.360000	50.712000	-50.800000
	166.380000	49.620000	-52.600000
	166.400000	48.504000	-54.400000
	166.420000	47.340000	-56.200000
	166.440000	46.164000	-57.600000
	166.460000	44.940000	-59.400000
	166.480000	43.740000	-60.000000
	166.500000	42.504000	-61.000000
	166.520000	41.232000	-61.800000
	166.540000	39.912000	-63.800000
	166.560000	38.580000	-65.400000
	166.580000	37.260000	-66.200000
	166.600000	35.928000	-66.400000
	166.620000	34.560000	-67.000000
	166.640000	33.204000	-67.600000
	166.660000	31.812000	-68.600000
	166.680000	30.420000	-69.000000
	166.700000	28.992000	-70.200000
	166.720000	27.564000	-70.800000
	166.740000	26.124000	-71.600000
	166.760000	24.648000	-72.400000
	166.780000	23.136000	-73.800000
	166.800000	21.684000	-74.000000
	166.820000	20.232000	-73.600000
	166.840000	18.804000	-72.200000
	166.860000	17.304000	-73.000000
	166.880000	15.816000	-73.600000
	166.900000	14.316000	-74.800000
	166.920000	12.816000	-74.800000
	166.940000	11.304000	-75.200000
	166.960000	9.828000	-74.800000
	166.980000	8.352000	-74.400000
	167.000000	6.876000	-73.800000
	167.020000	5.352000	-74.600000
	167.040000	3.852000	-75.000000
	167.060000	2.364000	-75.200000
	167.080000	0.912000	-74.000000
	167.100000	-0.564000	-73.600000
	167.120000	-2.028000	-73.200000
	167.140000	-3.504000	-73.600000
	167.160000	-4.944000	-73.000000
	167.180000	-6.384000	-72.600000
	167.200000	-7.812000	-71.800000
	167.220000	-9.240000	-71.600000
	167.240000	-10.632000	-70.800000
	167.260000	-12.012000	-70.000000
	167.280000	-13.380000	-69.000000
	167.300000	-14.724000	-68.200000
	167.320000	-16.044000	-67.200000
	167.340000	-17.340000	-66.000000
	167.360000	-18.600000	-64.600000
	167.380000	-19.848000	-63.400000
	167.400000	-21.060000	-62.000000
	167.420000	-22.284000	-61.400000
	167.440000	-23.424000	-59.600000
	167.460000	-24.564000	-58.400000
	167.480000	-25.632000	-55.800000
	167.500000	-26.712000	-54.800000
	167.520000	-27.720000	-52.600000
	167.540000	-28.728000	-51.600000
	167.560000	-29.688000	-49.600000
	167.580000	-30.600000	-48.000000
	167.600000	-31.476000	-45.800000
	167.620000	-32.304000	-43.600000
	167.640000	-33.108000	-41.800000
	167.660000	-33.876000	-40.000000
	167.680000	-34.584000	-38.000000
	167.700000	-35.256000	-35.800000
	167.720000	-35.868000	-33.200000
	167.740000	-36.444000	-31.000000
	167.760000	-36.972000	-28.600000
	167.780000	-37.452000	-26.400000
	167.800000	-37.896000	-24.200000
	167.820000	-38.292000	-22.000000
	167.840000	-38.640000	-19.800000
	167.860000	-38.940000	-17.400000
	167.880000	-39.192000	-15.000000
	167.900000	-39.396000	-12.600000
	167.920000	-39.552000	-10.200000
	167.940000	-39.672000	-8.000000
	167.960000	-39.744000	-5.800000
	167.980000	-39.780000	-3.800000
	168.000000	-39.768000	-1.600000
	168.020000	-39.720000	0.400000
	168.040000	-39.636000	2.400000
	168.060000	-39.516000	4.200000
	168.080000	-39.384000	5.600000
	168.100000	-39.228000	6.800000
	168.120000	-39.048000	7.800000
	168.140000	-38.844000	9.000000
	168.160000	-38.616000	10.200000
	168.180000	-38.376000	11.200000
	168.200000	-38.124000	12.000000
	168.220000	-37.872000	12.400000
	168.240000	-37.608000	12.800000
	168.260000	-37.344000	13.000000
	168.280000	-37.068000	13.400000
	168.300000	-36.792000	13.600000
	168.320000	-36.504000	14.000000
	168.340000	-36.216000	14.200000
	168.360000	-35.928000	14.400000
	168.380000	-35.640000	14.400000
	168.400000	-35.364000	14.200000
	168.420000	-35.088000	14.000000
	168.440000	-34.824000	13.600000
	168.460000	-34.560000	13.400000
	168.480000	-34.308000	13.000000
	168.500000	-34.068000	12.600000
	168.520000	-33.840000	12.000000
	168.540000	-33.636000	11.200000
	168.560000	-33.444000	10.400000
	168.580000	-33.276000	9.400000
	168.600000	-33.120000	8.600000
	168.620000	-33.000000	7.400000
	168.640000	-32.904000	6.200000
	168.660000	-32.832000	4.800000
	168.680000	-32.784000	3.600000
	168.700000	-32.760000	2.400000
	168.720000	-32.772000	1.000000
	168.740000	-32.808000	-0.400000
	168.760000	-32.868000	-1.800000
	168.780000	-32.952000	-3.000000
	168.800000	-33.060000	-4.200000
	168.820000	-33.192000	-5.400000
	168.840000	-33.348000	-6.600000
	168.860000	-33.528000	-7.800000
	168.880000	-33.732000	-9.000000
	168.900000	-33.960000	-10.200000
	168.920000	-34.212000	-11.400000
	168.940000	-34.488000	-12.600000
	168.960000	-34.788000	-13.800000
	168.980000	-35.112000	-15.000000
	169.000000	-35.460000	-16.200000
	169.020000	-35.844000	-17.600000
	169.040000	-36.252000	-19.000000
	169.060000	-36.684000	-20.400000
	169.080000	-37.140000	-21.600000
	169.100000	-37.620000	-22.800000
	169.120000	-38.136000	-24.200000
	169.140000	-38.664000	-25.400000
	169.160000	-39.216000	-26.600000
	169.180000	-39.792000	-27.600000
	169.200000	-40.380000	-28.600000
	169.220000	-40.980000	-29.400000
	169.240000	-41.604000	-30.200000
	169.260000	-42.252000	-31.200000
	169.280000	-42.924000	-32.400000
	169.300000	-43.584000	-33.000000
	169.320000	-44.280000	-33.800000
	169.340000	-44.976000	-34.200000
	169.360000	-45.696000	-35.200000
	169.380000	-46.404000	-35.400000
	169.400000	-47.124000	-35.800000
	169.420000	-47.844000	-35.800000
	169.440000	-48.564000	-36.000000
	169.460000	-49.284000	-36.000000
	169.480000	-50.016000	-36.200000
	169.500000	-50.748000	-36.400000
	169.520000	-51.480000	-36.600000
	169.540000	-52.188000	-36.200000
	169.560000	-52.884000	-35.600000
	169.580000	-53.568000	-34.800000
	169.600000	-54.240000	-34.200000
	169.620000	-54.888000	-33.400000
	169.640000	-55.536000	-32.800000
	169.660000	-56.148000	-31.800000
	169.680000	-56.748000	-31.000000
	169.700000	-57.300000	-29.400000
	169.720000	-57.828000	-28.000000
	169.740000	-58.332000	-26.400000
	169.760000	-58.788000	-24.800000
	169.780000	-59.220000	-23.200000
	169.800000	-59.604000	-21.200000
	169.820000	-59.952000	-19.400000
	169.840000	-60.264000	-17.400000
	169.860000	-60.516000	-15.200000
	169.880000	-60.732000	-13.000000
	169.900000	-60.888000	-10.400000
	169.920000	-60.996000	-8.000000
	169.940000	-61.044000	-5.200000
	169.960000	-61.044000	-2.600000
	169.980000	-60.996000	0.000000
	170.000000	-60.900000	2.400000
	170.020000	-60.744000	5.000000
	170.040000	-60.540000	7.600000
	170.060000	-60.276000	10.400000
	170.080000	-59.976000	12.800000
	170.100000	-59.628000	15.200000
	170.120000	-59.244000	17.200000
	170.140000	-58.812000	19.400000
	170.160000	-58.332000	21.600000
	170.180000	-57.792000	24.200000
	170.200000	-57.204000	26.800000
	170.220000	-56.568000	29.400000
	170.240000	-55.896000	31.600000
	170.260000	-55.164000	34.000000
	170.280000	-54.372000	36.600000
	170.300000	-53.544000	39.200000
	170.320000	-52.680000	41.400000
	170.340000	-51.780000	43.200000
	170.360000	-50.844000	45.000000
	170.380000	-49.836000	47.400000
	170.400000	-48.816000	49.400000
	170.420000	-47.724000	52.000000
	170.440000	-46.632000	53.400000
	170.460000	-45.492000	55.400000
	170.480000	-44.328000	56.600000
	170.500000	-43.140000	58.200000
	170.520000	-41.940000	59.200000
	170.540000	-40.692000	60.600000
	170.560000	-39.420000	62.000000
	170.580000	-38.100000	64.000000
	170.600000	-36.804000	64.800000
	170.620000	-35.472000	65.800000
	170.640000	-34.140000	66.000000
	170.660000	-32.772000	67.200000
	170.680000	-31.380000	68.200000
	170.700000	-29.976000	69.400000
	170.720000	-28.572000	70.000000
	170.740000	-27.144000	70.600000
	170.760000	-25.692000	71.400000
	170.780000	-24.216000	72.600000
	170.800000	-22.764000	73.000000
	170.820000	-21.312000	73.000000
	170.840000	-19.848000	72.800000
	170.860000	-18.360000	73.400000
	170.880000	-16.836000	74.600000
	170.900000	-15.336000	75.200000
	170.920000	-13.824000	75.600000
	170.940000	-12.336000	75.000000
	170.960000	-10.812000	75.400000
	170.980000	-9.300000	75.400000
	171.000000	-7.764000	76.200000
	171.020000	-6.240000	76.200000
	171.040000	-4.728000	76.200000
	171.060000	-3.216000	75.800000
	171.080000	-1.692000	75.800000
	171.100000	-0.144000	76.400000
	171.120000	1.404000	77.000000
	171.140000	2.904000	76.600000
	171.160000	4.416000	76.000000
	171.180000	5.904000	75.000000
	171.200000	7.440000	75.600000
	171.220000	8.952000	75.600000
	171.240000	10.452000	75.800000
	171.260000	11.940000	75.000000
	171.280000	13.428000	74.600000
	171.300000	14.892000	74.000000
	171.320000	16.344000	73.400000
	171.340000	17.784000	72.600000
	171.360000	19.236000	72.400000
	171.380000	20.712000	72.800000
	171.400000	22.152000	72.800000
	171.420000	23.604000	72.800000
	171.440000	24.972000	71.000000
	171.460000	26.376000	70.400000
	171.480000	27.756000	69.200000
	171.500000	29.148000	69.600000
	171.520000	30.516000	69.000000
	171.540000	31.860000	68.400000
	171.560000	33.180000	67.200000
	171.580000	34.476000	66.000000
	171.600000	35.748000	64.800000
	171.620000	37.032000	64.200000
	171.640000	38.280000	63.400000
	171.660000	39.516000	62.800000
	171.680000	40.716000	61.400000
	171.700000	41.904000	60.400000
	171.720000	43.056000	59.000000
	171.740000	44.184000	57.800000
	171.760000	45.276000	56.200000
	171.780000	46.356000	55.000000
	171.800000	47.376000	53.200000
	171.820000	48.348000	51.200000
	171.840000	49.296000	49.000000
	171.860000	50.208000	47.200000
	171.880000	51.084000	45.600000
	171.900000	51.900000	43.400000
	171.920000	52.668000	41.000000
	171.940000	53.400000	38.600000
	171.960000	54.084000	36.400000
	171.980000	54.732000	34.400000
	172.000000	55.332000	32.200000
	172.020000	55.872000	29.800000
	172.040000	56.364000	27.200000
	172.060000	56.796000	24.400000
	172.080000	57.168000	21.600000
	172.100000	57.492000	18.800000
	172.120000	57.756000	16.000000
	172.140000	57.972000	13.400000
	172.160000	58.128000	10.600000
	172.180000	58.236000	8.000000
	172.200000	58.296000	5.400000
	172.220000	58.296000	2.800000
	172.240000	58.236000	0.000000
	172.260000	58.128000	-2.800000
	172.280000	57.984000	-5.200000
	172.300000	57.792000	-7.400000
	172.320000	57.552000	-9.600000
	172.340000	57.276000	-11.800000
	172.360000	56.964000	-13.800000
	172.380000	56.616000	-15.600000
	172.400000	56.220000	-17.600000
	172.420000	55.788000	-19.600000
	172.440000	55.320000	-21.600000
	172.460000	54.828000	-23.200000
	172.480000	54.312000	-24.600000
	172.500000	53.772000	-25.800000
	172.520000	53.184000	-27.400000
	172.540000	52.572000	-29.000000
	172.560000	51.948000	-30.400000
	172.580000	51.312000	-31.200000
	172.600000	50.652000	-32.000000
	172.620000	49.968000	-33.000000
	172.640000	49.272000	-34.000000
	172.660000	48.564000	-34.800000
	172.680000	47.832000	-35.600000
	172.700000	47.100000	-36.200000
	172.720000	46.344000	-37.000000
	172.740000	45.600000	-37.200000
	172.760000	44.844000	-37.600000
	172.780000	44.112000	-37.200000
	172.800000	43.368000	-37.200000
	172.820000	42.636000	-36.800000
	172.840000	41.892000	-37.000000
	172.860000	41.172000	-36.600000
	172.880000	40.440000	-36.600000
	172.900000	39.732000	-36.000000
	172.920000	39.024000	-35.800000
	172.940000	38.340000	-35.000000
	172.960000	37.668000	-34.400000
	172.980000	37.008000	-33.600000
	173.000000	36.360000	-33.000000
	173.020000	35.736000	-32.200000
	173.040000	35.136000	-31.200000
	173.060000	34.560000	-30.000000
	173.080000	34.008000	-28.800000
	173.100000	33.480000	-27.600000
	173.120000	32.976000	-26.400000
	173.140000	32.496000	-25.200000
	173.160000	32.052000	-23.800000
	173.180000	31.632000	-22.400000
	173.200000	31.248000	-20.800000
	173.220000	30.888000	-19.400000
	173.240000	30.576000	-17.600000
	173.260000	30.288000	-16.000000
	173.280000	30.036000	-14.200000
	173.300000	29.808000	-12.800000
	173.320000	29.616000	-11.200000
	173.340000	29.460000	-9.600000
	173.360000	29.352000	-7.600000
	173.380000	29.280000	-5.600000
	173.400000	29.244000	-3.600000
	173.420000	29.244000	-1.800000
	173.440000	29.280000	5.917489E-14
	173.460000	29.352000	1.800000
	173.480000	29.448000	3.400000
	173.500000	29.580000	5.000000
	173.520000	29.748000	6.600000
	173.540000	29.952000	8.400000
	173.560000	30.192000	10.200000
	173.580000	30.456000	11.800000
	173.600000	30.744000	13.200000
	173.620000	31.056000	14.400000
	173.640000	31.392000	15.600000
	173.660000	31.776000	17.200000
	173.680000	32.184000	18.800000
	173.700000	32.628000	20.600000
	173.720000	33.096000	22.000000
	173.740000	33.600000	23.600000
	173.760000	34.128000	25.000000
	173.780000	34.692000	26.600000
	173.800000	35.280000	28.000000
	173.820000	35.904000	29.600000
	173.840000	36.540000	30.800000
	173.860000	37.200000	32.000000
	173.880000	37.884000	33.000000
	173.900000	38.616000	34.600000
	173.920000	39.360000	36.000000
	173.940000	40.128000	37.400000
	173.960000	40.872000	37.600000
	173.980000	41.664000	38.400000
	174.000000	42.456000	38.800000
	174.020000	43.272000	40.000000
	174.040000	44.088000	40.400000
	174.060000	44.928000	41.200000
	174.080000	45.792000	42.000000
	174.100000	46.644000	42.600000
	174.120000	47.484000	42.600000
	174.140000	48.324000	42.200000
	174.160000	49.188000	42.400000
	174.180000	50.052000	42.800000
	174.200000	50.916000	43.200000
	174.220000	51.756000	42.800000
	174.240000	52.584000	42.200000
	174.260000	53.400000	41.400000
	174.280000	54.216000	41.000000
	174.300000	55.020000	40.600000
	174.320000	55.788000	39.800000
	174.340000	56.520000	38.400000
	174.360000	57.240000	37.000000
	174.380000	57.948000	36.000000
	174.400000	58.632000	35.200000
	174.420000	59.292000	34.200000
	174.440000	59.892000	32.400000
	174.460000	60.456000	30.400000
	174.480000	60.960000	27.800000
	174.500000	61.452000	26.000000
	174.520000	61.884000	23.800000
	174.540000	62.280000	22.000000
	174.560000	62.616000	19.400000
	174.580000	62.916000	17.200000
	174.600000	63.156000	14.600000
	174.620000	63.348000	12.200000
	174.640000	63.480000	9.400000
	174.660000	63.564000	6.800000
	174.680000	63.588000	4.000000
	174.700000	63.552000	1.200000
	174.720000	63.456000	-1.800000
	174.740000	63.312000	-4.600000
	174.760000	63.120000	-7.200000
	174.780000	62.880000	-9.600000
	174.800000	62.580000	-12.200000
	174.820000	62.232000	-14.800000
	174.840000	61.836000	-17.400000
	174.860000	61.392000	-19.800000
	174.880000	60.900000	-22.200000
	174.900000	60.360000	-24.600000
	174.920000	59.772000	-27.000000
	174.940000	59.124000	-29.600000
	174.960000	58.428000	-32.200000
	174.980000	57.696000	-34.600000
	175.000000	56.916000	-36.800000
	175.020000	56.100000	-38.800000
	175.040000	55.236000	-41.000000
	175.060000	54.348000	-42.800000
	175.080000	53.388000	-45.200000
	175.100000	52.404000	-47.200000
	175.120000	51.372000	-49.600000
	175.140000	50.340000	-50.800000
	175.160000	49.272000	-52.200000
	175.180000	48.180000	-53.200000
	175.200000	47.040000	-55.000000
	175.220000	45.852000	-57.000000
	175.240000	44.652000	-58.800000
	175.260000	43.452000	-59.800000
	175.280000	42.216000	-60.600000
	175.300000	40.956000	-61.600000
	175.320000	39.672000	-63.000000
	175.340000	38.364000	-64.200000
	175.360000	37.044000	-65.200000
	175.380000	35.688000	-66.400000
	175.400000	34.356000	-66.800000
	175.420000	33.000000	-67.400000
	175.440000	31.632000	-67.600000
	175.460000	30.240000	-68.600000
	175.480000	28.824000	-69.600000
	175.500000	27.408000	-70.400000
	175.520000	25.980000	-71.000000
	175.540000	24.552000	-71.200000
	175.560000	23.124000	-71.400000
	175.580000	21.684000	-71.600000
	175.600000	20.256000	-71.600000
	175.620000	18.792000	-72.200000
	175.640000	17.328000	-72.600000
	175.660000	15.840000	-73.600000
	175.680000	14.376000	-73.600000
	175.700000	12.936000	-73.200000
	175.720000	11.496000	-72.400000
	175.740000	10.056000	-72.000000
	175.760000	8.568000	-72.800000
	175.780000	7.128000	-72.800000
	175.800000	5.652000	-73.400000
	175.820000	4.224000	-72.400000
	175.840000	2.772000	-72.600000
	175.860000	1.356000	-71.600000
	175.880000	-0.060000	-71.400000
	175.900000	-1.500000	-71.200000
	175.920000	-2.916000	-71.200000
	175.940000	-4.320000	-71.000000
	175.960000	-5.700000	-70.000000
	175.980000	-7.056000	-69.000000
	176.000000	-8.448000	-68.800000
	176.020000	-9.792000	-68.200000
	176.040000	-11.124000	-67.800000
	176.060000	-12.420000	-66.200000
	176.080000	-13.704000	-65.200000
	176.100000	-14.964000	-64.000000
	176.120000	-16.176000	-62.600000
	176.140000	-17.532000	-63.800000
	176.160000	-18.732000	-62.800000
	176.180000	-19.896000	-62.000000
	176.200000	-20.880000	-55.800000
	176.220000	-21.972000	-54.000000
	176.240000	-23.040000	-52.400000
	176.260000	-24.072000	-53.200000
	176.280000	-25.092000	-52.000000
	176.300000	-26.076000	-50.600000
	176.320000	-27.012000	-49.000000
	176.340000	-27.888000	-46.600000
	176.360000	-28.740000	-44.400000
	176.380000	-29.556000	-42.400000
	176.400000	-30.348000	-41.000000
	176.420000	-31.080000	-39.000000
	176.440000	-31.776000	-37.000000
	176.460000	-32.424000	-34.600000
	176.480000	-33.036000	-32.600000
	176.500000	-33.612000	-30.600000
	176.520000	-34.140000	-28.600000
	176.540000	-34.632000	-26.600000
	176.560000	-35.076000	-24.400000
	176.580000	-35.484000	-22.400000
	176.600000	-35.844000	-20.200000
	176.620000	-36.156000	-18.000000
	176.640000	-36.420000	-15.600000
	176.660000	-36.636000	-13.200000
	176.680000	-36.816000	-11.000000
	176.700000	-36.960000	-9.000000
	176.720000	-37.068000	-7.200000
	176.740000	-37.128000	-5.200000
	176.760000	-37.152000	-3.200000
	176.780000	-37.128000	-1.000000
	176.800000	-37.080000	0.800000
	176.820000	-36.996000	2.600000
	176.840000	-36.900000	3.800000
	176.860000	-36.780000	5.000000
	176.880000	-36.648000	5.800000
	176.900000	-36.492000	6.800000
	176.920000	-36.312000	7.800000
	176.940000	-36.108000	9.000000
	176.960000	-35.904000	9.800000
	176.980000	-35.700000	10.200000
	177.000000	-35.496000	10.200000
	177.020000	-35.268000	10.600000
	177.040000	-35.040000	11.000000
	177.060000	-34.812000	11.400000
	177.080000	-34.596000	11.200000
	177.100000	-34.380000	11.000000
	177.120000	-34.176000	10.600000
	177.140000	-33.972000	10.400000
	177.160000	-33.768000	10.200000
	177.180000	-33.564000	10.200000
	177.200000	-33.372000	10.000000
	177.220000	-33.192000	9.600000
	177.240000	-33.024000	9.000000
	177.260000	-32.868000	8.400000
	177.280000	-32.736000	7.600000
	177.300000	-32.604000	7.000000
	177.320000	-32.496000	6.200000
	177.340000	-32.400000	5.600000
	177.360000	-32.340000	4.400000
	177.380000	-32.292000	3.400000
	177.400000	-32.268000	2.200000
	177.420000	-32.268000	1.200000
	177.440000	-32.292000	0.000000
	177.460000	-32.340000	-1.200000
	177.480000	-32.400000	-2.200000
	177.500000	-32.484000	-3.200000
	177.520000	-32.592000	-4.200000
	177.540000	-32.724000	-5.400000
	177.560000	-32.868000	-6.400000
	177.580000	-33.024000	-7.200000
	177.600000	-33.204000	-8.000000
	177.620000	-33.408000	-9.000000
	177.640000	-33.636000	-10.200000
	177.660000	-33.888000	-11.400000
	177.680000	-34.164000	-12.600000
	177.700000	-34.464000	-13.800000
	177.720000	-34.776000	-14.800000
	177.740000	-35.112000	-15.800000
	177.760000	-35.472000	-16.800000
	177.780000	-35.868000	-18.200000
	177.800000	-36.300000	-19.800000
	177.820000	-36.744000	-21.200000
	177.840000	-37.212000	-22.400000
	177.860000	-37.692000	-23.200000
	177.880000	-38.208000	-24.400000
	177.900000	-38.748000	-25.600000
	177.920000	-39.300000	-26.800000
	177.940000	-39.864000	-27.600000
	177.960000	-40.452000	-28.400000
	177.980000	-41.052000	-29.200000
	178.000000	-41.676000	-30.200000
	178.020000	-42.312000	-31.000000
	178.040000	-42.984000	-32.200000
	178.060000	-43.668000	-33.200000
	178.080000	-44.340000	-33.800000
	178.100000	-45.012000	-33.800000
	178.120000	-45.708000	-34.000000
	178.140000	-46.416000	-34.600000
	178.160000	-47.136000	-35.400000
	178.180000	-47.844000	-35.600000
	178.200000	-48.564000	-35.800000
	178.220000	-49.284000	-35.800000
	178.240000	-50.004000	-36.000000
	178.260000	-50.724000	-36.000000
	178.280000	-51.432000	-35.800000
	178.300000	-52.128000	-35.400000
	178.320000	-52.812000	-34.800000
	178.340000	-53.484000	-34.200000
	178.360000	-54.144000	-33.600000
	178.380000	-54.780000	-32.800000
	178.400000	-55.404000	-32.000000
	178.420000	-56.004000	-31.000000
	178.440000	-56.580000	-30.000000
	178.460000	-57.120000	-28.600000
	178.480000	-57.636000	-27.200000
	178.500000	-58.140000	-26.000000
	178.520000	-58.596000	-24.600000
	178.540000	-59.016000	-23.000000
	178.560000	-59.376000	-20.600000
	178.580000	-59.712000	-18.600000
	178.600000	-60.000000	-16.400000
	178.620000	-60.240000	-14.400000
	178.640000	-60.444000	-12.200000
	178.660000	-60.588000	-9.800000
	178.680000	-60.684000	-7.400000
	178.700000	-60.720000	-4.600000
	178.720000	-60.720000	-2.200000
	178.740000	-60.660000	0.400000
	178.760000	-60.552000	2.800000
	178.780000	-60.384000	5.600000
	178.800000	-60.180000	8.000000
	178.820000	-59.928000	10.400000
	178.840000	-59.628000	12.600000
	178.860000	-59.292000	14.800000
	178.880000	-58.896000	17.200000
	178.900000	-58.464000	19.400000
	178.920000	-57.972000	22.000000
	178.940000	-57.444000	24.200000
	178.960000	-56.856000	26.800000
	178.980000	-56.232000	29.000000
	179.000000	-55.560000	31.400000
	179.020000	-54.852000	33.400000
	179.040000	-54.072000	36.000000
	179.060000	-53.244000	38.600000
	179.080000	-52.380000	41.200000
	179.100000	-51.480000	43.200000
	179.120000	-50.544000	45.000000
	179.140000	-49.572000	46.800000
	179.160000	-48.564000	48.600000
	179.180000	-47.496000	50.800000
	179.200000	-46.404000	52.800000
	179.220000	-45.288000	54.600000
	179.240000	-44.148000	55.800000
	179.260000	-42.972000	57.200000
	179.280000	-41.760000	58.800000
	179.300000	-40.524000	60.400000
	179.320000	-39.264000	61.800000
	179.340000	-37.980000	63.000000
	179.360000	-36.684000	64.000000
	179.380000	-35.340000	65.400000
	179.400000	-34.020000	66.000000
	179.420000	-32.676000	66.800000
	179.440000	-31.320000	67.000000
	179.460000	-29.904000	68.600000
	179.480000	-28.500000	69.600000
	179.500000	-27.096000	70.400000
	179.520000	-25.692000	70.200000
	179.540000	-24.252000	70.800000
	179.560000	-22.776000	72.000000
	179.580000	-21.312000	73.000000
	179.600000	-19.836000	73.600000
	179.620000	-18.384000	73.200000
	179.640000	-16.896000	73.600000
	179.660000	-15.408000	73.800000
	179.680000	-13.908000	74.600000
	179.700000	-12.432000	74.400000
	179.720000	-10.932000	74.600000
	179.740000	-9.432000	74.600000
	179.760000	-7.920000	75.200000
	179.780000	-6.408000	75.400000
	179.800000	-4.872000	76.000000
	179.820000	-3.360000	76.000000
