	120.000000	-60.108000	4.600000
	120.020000	-59.868000	8.400000
	120.040000	-59.568000	11.800000
	120.060000	-59.196000	15.200000
	120.080000	-58.764000	18.400000
	120.100000	-58.260000	21.800000
	120.120000	-57.684000	25.200000
	120.140000	-57.036000	28.800000
	120.160000	-56.328000	32.200000
	120.180000	-55.572000	35.200000
	120.200000	-54.768000	37.800000
	120.220000	-53.892000	40.600000
	120.240000	-52.956000	43.600000
	120.260000	-51.972000	46.600000
	120.280000	-50.940000	49.200000
	120.300000	-49.872000	51.400000
	120.320000	-48.744000	53.800000
	120.340000	-47.604000	55.600000
	120.360000	-46.404000	57.800000
	120.380000	-45.180000	59.400000
	120.400000	-43.920000	61.400000
	120.420000	-42.636000	62.800000
	120.440000	-41.316000	64.400000
	120.460000	-39.960000	66.000000
	120.480000	-38.604000	67.200000
	120.500000	-37.260000	67.600000
	120.520000	-35.904000	67.600000
	120.540000	-34.524000	68.000000
	120.560000	-33.108000	69.200000
	120.580000	-31.704000	70.000000
	120.600000	-30.312000	70.200000
	120.620000	-28.920000	69.800000
	120.640000	-27.504000	70.000000
	120.660000	-26.076000	70.600000
	120.680000	-24.648000	71.200000
	120.700000	-23.244000	71.000000
	120.720000	-21.864000	70.200000
	120.740000	-20.496000	69.200000
	120.760000	-19.128000	68.600000
	120.780000	-17.748000	68.600000
	120.800000	-16.404000	68.200000
	120.820000	-15.060000	67.800000
	120.840000	-13.752000	66.600000
	120.860000	-12.444000	66.000000
	120.880000	-11.160000	65.000000
	120.900000	-9.900000	64.200000
	120.920000	-8.652000	63.200000
	120.940000	-7.428000	62.200000
	120.960000	-6.216000	61.400000
	120.980000	-5.052000	60.000000
	121.000000	-3.912000	58.600000
	121.020000	-2.784000	57.200000
	121.040000	-1.668000	56.400000
	121.060000	-0.588000	55.400000
	121.080000	0.456000	54.000000
	121.100000	1.488000	52.600000
	121.120000	2.484000	51.200000
	121.140000	3.444000	49.800000
	121.160000	4.356000	47.800000
	121.180000	5.256000	46.200000
	121.200000	6.132000	44.800000
	121.220000	6.960000	43.400000
	121.240000	7.752000	41.600000
	121.260000	8.496000	39.400000
	121.280000	9.216000	37.600000
	121.300000	9.888000	35.600000
	121.320000	10.536000	34.000000
	121.340000	11.148000	32.200000
	121.360000	11.712000	30.400000
	121.380000	12.240000	28.400000
	121.400000	12.732000	26.400000
	121.420000	13.188000	24.600000
	121.440000	13.596000	22.600000
	121.460000	13.956000	20.400000
	121.480000	14.280000	18.200000
	121.500000	14.568000	16.200000
	121.520000	14.820000	14.400000
	121.540000	15.024000	12.400000
	121.560000	15.180000	10.200000
	121.580000	15.288000	7.800000
	121.600000	15.372000	5.800000
	121.620000	15.420000	4.000000
	121.640000	15.420000	2.200000
	121.660000	15.372000	0.000000
	121.680000	15.288000	-2.200000
	121.700000	15.180000	-4.000000
	121.720000	15.036000	-5.600000
	121.740000	14.844000	-7.400000
	121.760000	14.616000	-9.400000
	121.780000	14.352000	-11.400000
	121.800000	14.076000	-12.800000
	121.820000	13.764000	-14.200000
	121.840000	13.428000	-15.400000
	121.860000	13.044000	-17.200000
	121.880000	12.636000	-18.800000
	121.900000	12.204000	-20.400000
	121.920000	11.748000	-21.600000
	121.940000	11.256000	-23.000000
	121.960000	10.716000	-24.800000
	121.980000	10.140000	-26.800000
	122.000000	9.528000	-28.800000
	122.020000	8.916000	-30.000000
	122.040000	8.268000	-31.200000
	122.060000	7.608000	-32.000000
	122.080000	6.888000	-33.800000
	122.100000	6.156000	-35.200000
	122.120000	5.412000	-36.600000
	122.140000	4.644000	-37.400000
	122.160000	3.852000	-38.400000
	122.180000	3.036000	-39.600000
	122.200000	2.196000	-40.800000
	122.220000	1.344000	-41.800000
	122.240000	0.456000	-43.000000
	122.260000	-0.444000	-44.000000
	122.280000	-1.356000	-45.000000
	122.300000	-2.304000	-46.000000
	122.320000	-3.240000	-46.600000
	122.340000	-4.200000	-47.400000
	122.360000	-5.160000	-47.600000
	122.380000	-6.168000	-48.800000
	122.400000	-7.164000	-49.400000
	122.420000	-8.160000	-50.000000
	122.440000	-9.132000	-49.400000
	122.460000	-10.128000	-49.400000
	122.480000	-11.112000	-49.200000
	122.500000	-12.120000	-49.800000
	122.520000	-13.128000	-50.000000
	122.540000	-14.136000	-50.400000
	122.560000	-15.132000	-50.200000
	122.580000	-16.128000	-50.000000
	122.600000	-17.124000	-49.800000
	122.620000	-18.096000	-49.400000
	122.640000	-19.032000	-48.400000
	122.660000	-19.980000	-47.600000
	122.680000	-20.916000	-47.000000
	122.700000	-21.840000	-46.800000
	122.720000	-22.716000	-45.600000
	122.740000	-23.580000	-44.400000
	122.760000	-24.420000	-43.000000
	122.780000	-25.236000	-42.000000
	122.800000	-26.028000	-40.800000
	122.820000	-26.808000	-39.800000
	122.840000	-27.540000	-38.400000
	122.860000	-28.248000	-37.000000
	122.880000	-28.932000	-35.400000
	122.900000	-29.580000	-34.000000
	122.920000	-30.192000	-32.400000
	122.940000	-30.756000	-30.400000
	122.960000	-31.308000	-28.800000
	122.980000	-31.812000	-27.000000
	123.000000	-32.280000	-25.400000
	123.020000	-32.712000	-23.400000
	123.040000	-33.108000	-21.600000
	123.060000	-33.456000	-19.600000
	123.080000	-33.768000	-17.600000
	123.100000	-34.032000	-15.400000
	123.120000	-34.260000	-13.400000
	123.140000	-34.440000	-11.200000
	123.160000	-34.584000	-9.200000
	123.180000	-34.692000	-7.200000
	123.200000	-34.764000	-5.400000
	123.220000	-34.800000	-3.600000
	123.240000	-34.800000	-1.800000
	123.260000	-34.764000	0.000000
	123.280000	-34.692000	1.800000
	123.300000	-34.584000	3.600000
	123.320000	-34.440000	5.400000
	123.340000	-34.272000	7.000000
	123.360000	-34.080000	8.400000
	123.380000	-33.864000	9.600000
	123.400000	-33.624000	10.800000
	123.420000	-33.372000	11.800000
	123.440000	-33.108000	12.600000
	123.460000	-32.820000	13.400000
	123.480000	-32.520000	14.200000
	123.500000	-32.208000	15.000000
	123.520000	-31.884000	15.600000
	123.540000	-31.548000	16.200000
	123.560000	-31.200000	16.800000
	123.580000	-30.852000	17.200000
	123.600000	-30.480000	17.800000
	123.620000	-30.108000	18.200000
	123.640000	-29.724000	18.800000
	123.660000	-29.352000	18.800000
	123.680000	-28.968000	19.000000
	123.700000	-28.608000	18.600000
	123.720000	-28.236000	18.600000
	123.740000	-27.876000	18.200000
	123.760000	-27.504000	18.400000
	123.780000	-27.156000	18.000000
	123.800000	-26.820000	17.600000
	123.820000	-26.496000	16.800000
	123.840000	-26.184000	16.200000
	123.860000	-25.884000	15.600000
	123.880000	-25.608000	14.800000
	123.900000	-25.344000	14.000000
	123.920000	-25.104000	13.000000
	123.940000	-24.888000	12.000000
	123.960000	-24.696000	10.800000
	123.980000	-24.528000	9.600000
	124.000000	-24.396000	8.200000
	124.020000	-24.288000	6.800000
	124.040000	-24.216000	5.200000
	124.060000	-24.168000	3.800000
	124.080000	-24.156000	2.200000
	124.100000	-24.180000	0.600000
	124.120000	-24.228000	-1.000000
	124.140000	-24.312000	-2.600000
	124.160000	-24.420000	-4.000000
	124.180000	-24.564000	-5.600000
	124.200000	-24.744000	-7.200000
	124.220000	-24.948000	-8.800000
	124.240000	-25.200000	-10.600000
	124.260000	-25.476000	-12.200000
	124.280000	-25.788000	-14.000000
	124.300000	-26.112000	-15.200000
	124.320000	-26.484000	-16.800000
	124.340000	-26.892000	-18.400000
	124.360000	-27.336000	-20.400000
	124.380000	-27.804000	-22.000000
	124.400000	-28.308000	-23.600000
	124.420000	-28.848000	-25.200000
	124.440000	-29.424000	-27.000000
	124.460000	-30.036000	-28.800000
	124.480000	-30.696000	-30.800000
	124.500000	-31.392000	-32.800000
	124.520000	-32.100000	-34.400000
	124.540000	-32.832000	-35.600000
	124.560000	-33.588000	-36.600000
	124.580000	-34.404000	-38.400000
	124.600000	-35.232000	-40.000000
	124.620000	-36.096000	-41.800000
	124.640000	-36.960000	-42.600000
	124.660000	-37.872000	-44.000000
	124.680000	-38.796000	-45.000000
	124.700000	-39.756000	-46.600000
	124.720000	-40.716000	-47.400000
	124.740000	-41.688000	-48.200000
	124.760000	-42.672000	-48.600000
	124.780000	-43.680000	-49.400000
	124.800000	-44.700000	-50.200000
	124.820000	-45.744000	-51.200000
	124.840000	-46.788000	-51.800000
	124.860000	-47.832000	-52.200000
	124.880000	-48.864000	-52.000000
	124.900000	-49.896000	-51.800000
	124.920000	-50.928000	-51.600000
	124.940000	-51.960000	-51.600000
	124.960000	-52.980000	-51.400000
	124.980000	-54.000000	-51.200000
	125.000000	-55.008000	-50.800000
	125.020000	-55.992000	-50.200000
	125.040000	-56.952000	-49.200000
	125.060000	-57.876000	-47.800000
	125.080000	-58.776000	-46.400000
	125.100000	-59.652000	-45.000000
	125.120000	-60.492000	-43.600000
	125.140000	-61.296000	-42.000000
	125.160000	-62.052000	-40.000000
	125.180000	-62.760000	-37.800000
	125.200000	-63.432000	-35.600000
	125.220000	-64.044000	-33.200000
	125.240000	-64.620000	-31.000000
	125.260000	-65.112000	-28.000000
	125.280000	-65.568000	-25.400000
	125.300000	-65.940000	-22.000000
	125.320000	-66.264000	-19.200000
	125.340000	-66.504000	-15.600000
	125.360000	-66.684000	-12.400000
	125.380000	-66.792000	-8.800000
	125.400000	-66.828000	-5.400000
	125.420000	-66.792000	-1.800000
	125.440000	-66.684000	1.800000
	125.460000	-66.504000	5.400000
	125.480000	-66.252000	9.000000
	125.500000	-65.940000	12.400000
	125.520000	-65.556000	15.800000
	125.540000	-65.100000	19.200000
	125.560000	-64.584000	22.600000
	125.580000	-64.008000	25.800000
	125.600000	-63.384000	28.600000
	125.620000	-62.676000	31.800000
	125.640000	-61.908000	35.000000
	125.660000	-61.068000	38.600000
	125.680000	-60.168000	41.800000
	125.700000	-59.220000	44.800000
	125.720000	-58.224000	47.400000
	125.740000	-57.168000	50.000000
	125.760000	-56.028000	53.200000
	125.780000	-54.864000	56.000000
	125.800000	-53.652000	58.600000
	125.820000	-52.416000	60.200000
	125.840000	-51.108000	62.600000
	125.860000	-49.764000	64.800000
	125.880000	-48.396000	67.000000
	125.900000	-46.956000	69.200000
	125.920000	-45.504000	71.000000
	125.940000	-44.016000	73.000000
	125.960000	-42.504000	74.200000
	125.980000	-40.968000	75.600000
	126.000000	-39.408000	76.800000
	126.020000	-37.824000	78.000000
	126.040000	-36.216000	79.200000
	126.060000	-34.596000	80.200000
	126.080000	-32.976000	80.800000
	126.100000	-31.344000	81.200000
	126.120000	-29.664000	82.200000
	126.140000	-27.972000	83.400000
	126.160000	-26.268000	84.600000
	126.180000	-24.552000	85.200000
	126.200000	-22.836000	85.600000
	126.220000	-21.108000	86.000000
	126.240000	-19.344000	86.800000
	126.260000	-17.616000	87.000000
	126.280000	-15.828000	88.000000
	126.300000	-14.124000	87.000000
	126.320000	-12.360000	87.600000
	126.340000	-10.620000	86.800000
	126.360000	-8.820000	88.400000
	126.380000	-7.020000	89.000000
	126.400000	-5.268000	89.200000
	126.420000	-3.516000	88.400000
	126.440000	-1.728000	88.200000
	126.460000	0.060000	88.800000
	126.480000	1.884000	90.000000
	126.500000	3.648000	89.600000
	126.520000	5.436000	89.600000
	126.540000	7.224000	89.000000
	126.560000	8.988000	89.000000
	126.580000	10.800000	89.400000
	126.600000	12.552000	88.800000
	126.620000	14.328000	89.000000
	126.640000	16.092000	88.200000
	126.660000	17.880000	88.800000
	126.680000	19.692000	89.400000
	126.700000	21.456000	89.400000
	126.720000	23.220000	89.000000
	126.740000	24.984000	88.200000
	126.760000	26.748000	88.200000
	126.780000	28.500000	88.000000
	126.800000	30.216000	87.200000
	126.820000	31.932000	86.400000
	126.840000	33.648000	85.800000
	126.860000	35.400000	86.400000
	126.880000	37.116000	86.400000
	126.900000	38.808000	86.000000
	126.920000	40.464000	84.400000
	126.940000	42.156000	84.000000
	126.960000	43.812000	83.400000
	126.980000	45.432000	82.800000
	127.000000	47.040000	81.400000
	127.020000	48.624000	80.200000
	127.040000	50.172000	79.000000
	127.060000	51.696000	77.600000
	127.080000	53.184000	76.000000
	127.100000	54.660000	74.800000
	127.120000	56.052000	72.600000
	127.140000	57.408000	70.400000
	127.160000	58.728000	67.800000
	127.180000	60.000000	65.800000
	127.200000	61.224000	63.600000
	127.220000	62.376000	60.800000
	127.240000	63.516000	58.600000
	127.260000	64.572000	55.800000
	127.280000	65.556000	53.000000
	127.300000	66.432000	48.600000
	127.320000	67.272000	45.000000
	127.340000	68.040000	41.400000
	127.360000	68.736000	38.400000
	127.380000	69.348000	34.600000
	127.400000	69.888000	30.800000
	127.420000	70.344000	26.800000
	127.440000	70.716000	22.800000
	127.460000	70.992000	18.400000
	127.480000	71.196000	14.200000
	127.500000	71.304000	9.800000
	127.520000	71.340000	5.800000
	127.540000	71.280000	1.400000
	127.560000	71.160000	-2.400000
	127.580000	70.956000	-6.400000
	127.600000	70.668000	-10.200000
	127.620000	70.296000	-14.400000
	127.640000	69.864000	-18.200000
	127.660000	69.372000	-21.600000
	127.680000	68.808000	-24.800000
	127.700000	68.172000	-28.200000
	127.720000	67.476000	-31.600000
	127.740000	66.720000	-34.800000
	127.760000	65.904000	-37.800000
	127.780000	65.040000	-40.600000
	127.800000	64.116000	-43.400000
	127.820000	63.156000	-45.800000
	127.840000	62.136000	-48.400000
	127.860000	61.068000	-50.800000
	127.880000	59.940000	-53.600000
	127.900000	58.776000	-56.000000
	127.920000	57.624000	-57.400000
	127.940000	56.424000	-58.600000
	127.960000	55.212000	-59.400000
	127.980000	53.952000	-61.200000
	128.000000	52.668000	-62.600000
	128.020000	51.372000	-64.000000
	128.040000	50.064000	-64.800000
	128.060000	48.756000	-65.200000
	128.080000	47.412000	-66.000000
	128.100000	46.068000	-66.600000
	128.120000	44.724000	-67.200000
	128.140000	43.392000	-67.000000
	128.160000	42.036000	-67.200000
	128.180000	40.680000	-67.400000
	128.200000	39.324000	-67.800000
	128.220000	37.956000	-68.000000
	128.240000	36.612000	-67.800000
	128.260000	35.292000	-67.200000
	128.280000	33.996000	-66.000000
	128.300000	32.688000	-65.400000
	128.320000	31.368000	-65.400000
	128.340000	30.108000	-64.800000
	128.360000	28.848000	-64.000000
	128.380000	27.624000	-62.400000
	128.400000	26.376000	-62.200000
	128.420000	25.176000	-61.200000
	128.440000	23.988000	-60.600000
	128.460000	22.836000	-59.000000
	128.480000	21.708000	-57.800000
	128.500000	20.604000	-56.400000
	128.520000	19.512000	-55.400000
	128.540000	18.432000	-54.600000
	128.560000	17.364000	-54.000000
	128.580000	16.320000	-53.200000
	128.600000	15.336000	-51.600000
	128.620000	14.364000	-50.000000
	128.640000	13.440000	-48.000000
	128.660000	12.516000	-47.000000
	128.680000	11.640000	-45.400000
	128.700000	10.776000	-44.400000
	128.720000	9.948000	-42.800000
	128.740000	9.156000	-41.400000
	128.760000	8.400000	-39.600000
	128.780000	7.656000	-38.200000
	128.800000	6.948000	-36.800000
	128.820000	6.264000	-35.600000
	128.840000	5.628000	-33.800000
	128.860000	5.016000	-32.200000
	128.880000	4.428000	-30.600000
	128.900000	3.876000	-29.200000
	128.920000	3.360000	-27.600000
	128.940000	2.880000	-25.800000
	128.960000	2.424000	-24.200000
	128.980000	1.992000	-22.800000
	129.000000	1.596000	-21.400000
	129.020000	1.224000	-20.000000
	129.040000	0.888000	-18.400000
	129.060000	0.576000	-17.000000
	129.080000	0.300000	-15.400000
	129.100000	0.048000	-14.000000
	129.120000	-0.168000	-12.400000
	129.140000	-0.360000	-11.000000
	129.160000	-0.528000	-9.600000
	129.180000	-0.672000	-8.400000
	129.200000	-0.780000	-7.000000
	129.220000	-0.864000	-5.600000
	129.240000	-0.924000	-4.200000
	129.260000	-0.960000	-3.000000
	129.280000	-0.972000	-1.800000
	129.300000	-0.972000	-0.800000
	129.320000	-0.960000	0.000000
	129.340000	-0.924000	0.800000
	129.360000	-0.876000	1.600000
	129.380000	-0.816000	2.400000
	129.400000	-0.744000	3.000000
	129.420000	-0.660000	3.600000
	129.440000	-0.564000	4.200000
	129.460000	-0.480000	4.400000
	129.480000	-0.384000	4.600000
	129.500000	-0.288000	4.600000
	129.520000	-0.192000	4.800000
	129.540000	-0.096000	4.800000
	129.560000	-0.012000	4.600000
	129.580000	0.072000	4.400000
	129.600000	0.144000	4.000000
	129.620000	0.216000	3.800000
	129.640000	0.276000	3.400000
	129.660000	0.312000	2.800000
	129.680000	0.336000	2.000000
	129.700000	0.336000	1.000000
	129.720000	0.336000	0.400000
	129.740000	0.300000	-0.600000
	129.760000	0.264000	-1.200000
	129.780000	0.204000	-2.200000
	129.800000	0.132000	-2.800000
	129.820000	0.036000	-3.800000
	129.840000	-0.072000	-4.600000
	129.860000	-0.204000	-5.600000
	129.880000	-0.348000	-6.400000
	129.900000	-0.516000	-7.400000
	129.920000	-0.696000	-8.200000
	129.940000	-0.900000	-9.200000
	129.960000	-1.116000	-10.000000
	129.980000	-1.356000	-11.000000
	130.000000	-1.620000	-12.000000
	130.020000	-1.908000	-13.200000
	130.040000	-2.220000	-14.400000
	130.060000	-2.556000	-15.600000
	130.080000	-2.928000	-17.000000
	130.100000	-3.324000	-18.400000
	130.120000	-3.756000	-20.000000
	130.140000	-4.212000	-21.400000
	130.160000	-4.704000	-23.000000
	130.180000	-5.208000	-24.200000
	130.200000	-5.772000	-26.000000
	130.220000	-6.348000	-27.400000
	130.240000	-6.972000	-29.400000
	130.260000	-7.608000	-30.600000
	130.280000	-8.304000	-32.600000
	130.300000	-9.024000	-34.200000
	130.320000	-9.792000	-36.400000
	130.340000	-10.584000	-38.000000
	130.360000	-11.436000	-40.200000
	130.380000	-12.288000	-41.600000
	130.400000	-13.188000	-43.400000
	130.420000	-14.100000	-44.400000
	130.440000	-15.096000	-46.800000
	130.460000	-16.104000	-48.600000
	130.480000	-17.172000	-51.200000
	130.500000	-18.240000	-52.400000
	130.520000	-19.356000	-54.200000
	130.540000	-20.496000	-55.400000
	130.560000	-21.696000	-57.600000
	130.580000	-22.908000	-59.200000
	130.600000	-24.144000	-60.800000
	130.620000	-25.392000	-61.600000
	130.640000	-26.700000	-63.200000
	130.660000	-28.044000	-65.000000
	130.680000	-29.400000	-66.800000
	130.700000	-30.756000	-67.600000
	130.720000	-32.136000	-68.200000
	130.740000	-33.528000	-68.800000
	130.760000	-34.980000	-70.400000
	130.780000	-36.396000	-71.000000
	130.800000	-37.860000	-72.200000
	130.820000	-39.312000	-72.200000
	130.840000	-40.812000	-73.600000
	130.860000	-42.288000	-73.800000
	130.880000	-43.788000	-74.600000
	130.900000	-45.276000	-74.400000
	130.920000	-46.776000	-74.800000
	130.940000	-48.216000	-73.800000
	130.960000	-49.644000	-72.800000
	130.980000	-51.060000	-71.400000
	131.000000	-52.452000	-70.600000
	131.020000	-53.844000	-70.000000
	131.040000	-55.224000	-69.400000
	131.060000	-56.556000	-68.400000
	131.080000	-57.852000	-66.800000
	131.100000	-59.064000	-64.000000
	131.120000	-60.276000	-62.000000
	131.140000	-61.428000	-59.600000
	131.160000	-62.544000	-58.000000
	131.180000	-63.600000	-55.400000
	131.200000	-64.584000	-52.600000
	131.220000	-65.496000	-49.200000
	131.240000	-66.324000	-45.400000
	131.260000	-67.092000	-41.800000
	131.280000	-67.788000	-38.200000
	131.300000	-68.400000	-34.600000
	131.320000	-68.904000	-30.200000
	131.340000	-69.324000	-25.600000
	131.360000	-69.660000	-21.000000
	131.380000	-69.912000	-16.800000
	131.400000	-70.056000	-12.200000
	131.420000	-70.104000	-7.400000
	131.440000	-70.056000	-2.400000
	131.460000	-69.924000	2.200000
	131.480000	-69.696000	6.800000
	131.500000	-69.384000	11.200000
	131.520000	-68.976000	15.800000
	131.540000	-68.484000	20.200000
	131.560000	-67.908000	24.600000
	131.580000	-67.248000	28.800000
	131.600000	-66.492000	33.200000
	131.620000	-65.664000	37.400000
	131.640000	-64.752000	41.600000
	131.660000	-63.768000	45.400000
	131.680000	-62.724000	49.000000
	131.700000	-61.584000	52.800000
	131.720000	-60.396000	56.200000
	131.740000	-59.124000	60.000000
	131.760000	-57.792000	63.200000
	131.780000	-56.376000	67.000000
	131.800000	-54.912000	70.200000
	131.820000	-53.412000	73.000000
	131.840000	-51.888000	74.800000
	131.860000	-50.316000	76.600000
	131.880000	-48.720000	78.200000
	131.900000	-47.088000	80.000000
	131.920000	-45.396000	82.000000
	131.940000	-43.692000	83.800000
	131.960000	-41.904000	86.400000
	131.980000	-40.152000	87.400000
	132.000000	-38.340000	89.200000
	132.020000	-36.540000	89.400000
	132.040000	-34.668000	91.400000
	132.060000	-32.784000	92.600000
	132.080000	-30.912000	93.800000
	132.100000	-29.028000	94.000000
	132.120000	-27.168000	93.600000
	132.140000	-25.272000	94.000000
	132.160000	-23.364000	94.400000
	132.180000	-21.444000	95.400000
	132.200000	-19.524000	95.800000
	132.220000	-17.604000	96.000000
	132.240000	-15.684000	96.000000
	132.260000	-13.788000	95.600000
	132.280000	-11.868000	95.600000
	132.300000	-9.948000	95.600000
	132.320000	-8.004000	96.400000
	132.340000	-6.084000	96.400000
	132.360000	-4.176000	96.200000
	132.380000	-2.292000	95.200000
	132.400000	-0.384000	95.000000
	132.420000	1.500000	94.600000
	132.440000	3.396000	94.800000
	132.460000	5.256000	94.000000
	132.480000	7.164000	94.400000
	132.500000	9.036000	94.000000
	132.520000	10.872000	93.600000
	132.540000	12.696000	92.200000
	132.560000	14.544000	91.800000
	132.580000	16.392000	92.000000
	132.600000	18.228000	92.200000
	132.620000	20.052000	91.800000
	132.640000	21.888000	91.600000
	132.660000	23.688000	91.000000
	132.680000	25.488000	90.600000
	132.700000	27.252000	89.400000
	132.720000	29.028000	89.000000
	132.740000	30.780000	88.200000
	132.760000	32.532000	88.000000
	132.780000	34.260000	87.200000
	132.800000	35.964000	86.400000
	132.820000	37.644000	85.200000
	132.840000	39.288000	83.800000
	132.860000	40.944000	83.000000
	132.880000	42.576000	82.200000
	132.900000	44.208000	82.000000
	132.920000	45.768000	80.400000
	132.940000	47.316000	79.000000
	132.960000	48.816000	76.800000
	132.980000	50.304000	75.600000
	133.000000	51.756000	74.000000
	133.020000	53.172000	72.600000
	133.040000	54.552000	70.800000
	133.060000	55.884000	68.800000
	133.080000	57.168000	66.600000
	133.100000	58.392000	64.000000
	133.120000	59.568000	61.400000
	133.140000	60.696000	58.800000
	133.160000	61.776000	56.400000
	133.180000	62.772000	53.400000
	133.200000	63.720000	50.400000
	133.220000	64.584000	46.800000
	133.240000	65.400000	43.800000
	133.260000	66.144000	40.400000
	133.280000	66.816000	37.200000
	133.300000	67.416000	33.600000
	133.320000	67.932000	29.800000
	133.340000	68.388000	26.200000
	133.360000	68.748000	22.200000
	133.380000	69.036000	18.400000
	133.400000	69.240000	14.200000
	133.420000	69.372000	10.400000
	133.440000	69.432000	6.600000
	133.460000	69.408000	2.800000
	133.480000	69.312000	-1.000000
	133.500000	69.132000	-5.000000
	133.520000	68.892000	-8.600000
	133.540000	68.580000	-12.200000
	133.560000	68.208000	-15.400000
	133.580000	67.764000	-18.800000
	133.600000	67.272000	-21.800000
	133.620000	66.708000	-25.000000
	133.640000	66.096000	-27.800000
	133.660000	65.412000	-31.000000
	133.680000	64.704000	-33.400000
	133.700000	63.924000	-36.200000
	133.720000	63.120000	-38.200000
	133.740000	62.256000	-40.800000
	133.760000	61.356000	-42.800000
	133.780000	60.420000	-45.000000
	133.800000	59.436000	-47.000000
	133.820000	58.440000	-48.600000
	133.840000	57.384000	-50.600000
	133.860000	56.328000	-51.800000
	133.880000	55.236000	-53.400000
	133.900000	54.144000	-54.000000
	133.920000	53.016000	-55.200000
	133.940000	51.876000	-56.000000
	133.960000	50.736000	-56.800000
	133.980000	49.584000	-57.200000
	134.000000	48.420000	-57.600000
	134.020000	47.268000	-57.800000
	134.040000	46.116000	-57.800000
	134.060000	44.964000	-57.600000
	134.080000	43.788000	-58.000000
	134.100000	42.636000	-58.000000
	134.120000	41.484000	-58.000000
	134.140000	40.356000	-57.200000
	134.160000	39.216000	-57.000000
	134.180000	38.100000	-56.400000
	134.200000	36.984000	-56.200000
	134.220000	35.892000	-55.400000
	134.240000	34.836000	-54.400000
	134.260000	33.792000	-53.200000
	134.280000	32.784000	-51.800000
	134.300000	31.800000	-50.600000
	134.320000	30.840000	-49.200000
	134.340000	29.892000	-48.200000
	134.360000	28.956000	-47.400000
	134.380000	28.056000	-46.400000
	134.400000	27.180000	-45.200000
	134.420000	26.340000	-43.600000
	134.440000	25.536000	-42.000000
	134.460000	24.768000	-40.200000
	134.480000	24.024000	-38.600000
	134.500000	23.304000	-37.200000
	134.520000	22.620000	-35.800000
	134.540000	21.960000	-34.400000
	134.560000	21.336000	-32.800000
	134.580000	20.736000	-31.400000
	134.600000	20.184000	-29.600000
	134.620000	19.668000	-27.800000
	134.640000	19.200000	-25.600000
	134.660000	18.756000	-23.800000
	134.680000	18.348000	-22.000000
	134.700000	17.976000	-20.400000
	134.720000	17.640000	-18.600000
	134.740000	17.340000	-16.800000
	134.760000	17.064000	-15.200000
	134.780000	16.836000	-13.400000
	134.800000	16.632000	-11.800000
	134.820000	16.476000	-9.800000
	134.840000	16.344000	-8.200000
	134.860000	16.260000	-6.200000
	134.880000	16.200000	-4.600000
	134.900000	16.188000	-2.600000
	134.920000	16.200000	-1.000000
	134.940000	16.248000	0.800000
	134.960000	16.320000	2.200000
	134.980000	16.416000	3.600000
	135.000000	16.536000	4.800000
	135.020000	16.680000	6.000000
	135.040000	16.860000	7.400000
	135.060000	17.064000	8.800000
	135.080000	17.292000	10.200000
	135.100000	17.532000	11.200000
	135.120000	17.784000	12.000000
	135.140000	18.048000	12.600000
	135.160000	18.336000	13.400000
	135.180000	18.636000	14.200000
	135.200000	18.960000	15.200000
	135.220000	19.284000	15.800000
	135.240000	19.632000	16.600000
	135.260000	19.992000	17.200000
	135.280000	20.364000	18.000000
	135.300000	20.736000	18.400000
	135.320000	21.120000	18.800000
	135.340000	21.516000	19.200000
	135.360000	21.936000	20.000000
	135.380000	22.344000	20.400000
	135.400000	22.764000	20.800000
	135.420000	23.184000	20.800000
	135.440000	23.616000	21.200000
	135.460000	24.048000	21.400000
	135.480000	24.480000	21.600000
	135.500000	24.912000	21.600000
	135.520000	25.332000	21.400000
	135.540000	25.752000	21.200000
	135.560000	26.160000	20.800000
	135.580000	26.580000	20.800000
	135.600000	26.988000	20.600000
	135.620000	27.396000	20.600000
	135.640000	27.780000	20.000000
	135.660000	28.164000	19.600000
	135.680000	28.524000	18.800000
	135.700000	28.884000	18.400000
	135.720000	29.220000	17.600000
	135.740000	29.556000	17.200000
	135.760000	29.856000	16.200000
	135.780000	30.144000	15.400000
	135.800000	30.408000	14.200000
	135.820000	30.672000	13.600000
	135.840000	30.900000	12.600000
	135.860000	31.116000	11.800000
	135.880000	31.296000	10.400000
	135.900000	31.464000	9.400000
	135.920000	31.596000	8.000000
	135.940000	31.704000	6.800000
	135.960000	31.788000	5.400000
	135.980000	31.848000	4.200000
	136.000000	31.884000	3.000000
	136.020000	31.884000	1.600000
	136.040000	31.848000	0.000000
	136.060000	31.788000	-1.600000
	136.080000	31.704000	-3.000000
	136.100000	31.596000	-4.200000
	136.120000	31.464000	-5.400000
	136.140000	31.308000	-6.600000
	136.160000	31.128000	-7.800000
	136.180000	30.912000	-9.200000
	136.200000	30.672000	-10.600000
	136.220000	30.408000	-12.000000
	136.240000	30.132000	-13.000000
	136.260000	29.820000	-14.200000
	136.280000	29.484000	-15.400000
	136.300000	29.124000	-16.800000
	136.320000	28.740000	-18.000000
	136.340000	28.344000	-19.000000
	136.360000	27.912000	-20.200000
	136.380000	27.468000	-21.200000
	136.400000	27.000000	-22.400000
	136.420000	26.496000	-23.600000
	136.440000	25.968000	-25.000000
	136.460000	25.404000	-26.600000
	136.480000	24.840000	-27.600000
	136.500000	24.252000	-28.600000
	136.520000	23.640000	-29.400000
	136.540000	22.992000	-30.800000
	136.560000	22.308000	-32.400000
	136.580000	21.612000	-33.800000
	136.600000	20.892000	-35.000000
	136.620000	20.172000	-35.600000
	136.640000	19.416000	-36.600000
	136.660000	18.660000	-37.200000
	136.680000	17.856000	-38.600000
	136.700000	17.064000	-39.200000
	136.720000	16.236000	-40.400000
	136.740000	15.408000	-40.800000
	136.760000	14.544000	-42.000000
	136.780000	13.680000	-42.600000
	136.800000	12.804000	-43.400000
	136.820000	11.916000	-43.800000
	136.840000	11.016000	-44.400000
	136.860000	10.104000	-45.000000
	136.880000	9.180000	-45.600000
	136.900000	8.244000	-46.200000
	136.920000	7.308000	-46.600000
	136.940000	6.360000	-47.000000
	136.960000	5.424000	-47.000000
	136.980000	4.488000	-47.000000
	137.000000	3.552000	-46.800000
	137.020000	2.604000	-47.000000
	137.040000	1.644000	-47.400000
	137.060000	0.696000	-47.600000
	137.080000	-0.264000	-47.800000
	137.100000	-1.200000	-47.400000
	137.120000	-2.136000	-47.200000
	137.140000	-3.072000	-46.800000
	137.160000	-4.008000	-46.800000
	137.180000	-4.920000	-46.400000
	137.200000	-5.808000	-45.600000
	137.220000	-6.696000	-44.800000
	137.240000	-7.596000	-44.600000
	137.260000	-8.472000	-44.400000
	137.280000	-9.324000	-43.800000
	137.300000	-10.152000	-42.600000
	137.320000	-10.968000	-41.600000
	137.340000	-11.784000	-41.000000
	137.360000	-12.564000	-40.200000
	137.380000	-13.332000	-39.400000
	137.400000	-14.052000	-37.800000
	137.420000	-14.784000	-37.000000
	137.440000	-15.468000	-35.600000
	137.460000	-16.152000	-35.000000
	137.480000	-16.776000	-33.200000
	137.500000	-17.388000	-32.000000
	137.520000	-17.964000	-30.200000
	137.540000	-18.528000	-29.200000
	137.560000	-19.056000	-27.800000
	137.580000	-19.560000	-26.600000
	137.600000	-20.028000	-25.000000
	137.620000	-20.460000	-23.400000
	137.640000	-20.856000	-21.600000
	137.660000	-21.216000	-19.800000
	137.680000	-21.552000	-18.200000
	137.700000	-21.852000	-16.600000
	137.720000	-22.128000	-15.200000
	137.740000	-22.368000	-13.600000
	137.760000	-22.572000	-12.000000
	137.780000	-22.740000	-10.200000
	137.800000	-22.884000	-8.600000
	137.820000	-22.992000	-7.000000
	137.840000	-23.064000	-5.400000
	137.860000	-23.100000	-3.600000
	137.880000	-23.100000	-1.800000
	137.900000	-23.076000	-0.200000
	137.920000	-23.028000	1.200000
	137.940000	-22.968000	2.200000
	137.960000	-22.884000	3.200000
	137.980000	-22.776000	4.200000
	138.000000	-22.644000	5.400000
	138.020000	-22.500000	6.400000
	138.040000	-22.344000	7.200000
	138.060000	-22.176000	7.800000
	138.080000	-21.996000	8.400000
	138.100000	-21.804000	9.000000
	138.120000	-21.612000	9.400000
	138.140000	-21.420000	9.600000
	138.160000	-21.240000	9.400000
	138.180000	-21.048000	9.400000
	138.200000	-20.856000	9.400000
	138.220000	-20.664000	9.600000
	138.240000	-20.484000	9.400000
	138.260000	-20.304000	9.200000
	138.280000	-20.124000	9.000000
	138.300000	-19.956000	8.800000
	138.320000	-19.800000	8.400000
	138.340000	-19.656000	7.800000
	138.360000	-19.512000	7.400000
	138.380000	-19.368000	7.200000
	138.400000	-19.248000	6.800000
	138.420000	-19.140000	6.200000
	138.440000	-19.056000	5.200000
	138.460000	-18.972000	4.600000
	138.480000	-18.912000	3.800000
	138.500000	-18.876000	3.000000
	138.520000	-18.864000	1.800000
	138.540000	-18.876000	0.600000
	138.560000	-18.900000	-0.400000
	138.580000	-18.948000	-1.400000
	138.600000	-19.008000	-2.200000
	138.620000	-19.092000	-3.200000
	138.640000	-19.200000	-4.200000
	138.660000	-19.332000	-5.400000
	138.680000	-19.488000	-6.600000
	138.700000	-19.656000	-7.600000
	138.720000	-19.848000	-8.600000
	138.740000	-20.052000	-9.400000
	138.760000	-20.292000	-10.600000
	138.780000	-20.556000	-11.800000
	138.800000	-20.856000	-13.400000
	138.820000	-21.180000	-14.800000
	138.840000	-21.528000	-16.200000
	138.860000	-21.912000	-17.600000
	138.880000	-22.356000	-19.600000
	138.900000	-22.812000	-21.400000
	138.920000	-23.280000	-22.800000
	138.940000	-23.748000	-23.200000
	138.960000	-24.276000	-24.400000
	138.980000	-24.840000	-26.000000
	139.000000	-25.428000	-28.000000
	139.020000	-26.052000	-29.600000
	139.040000	-26.688000	-30.800000
	139.060000	-27.360000	-32.200000
	139.080000	-28.056000	-33.400000
	139.100000	-28.812000	-35.400000
	139.120000	-29.604000	-37.400000
	139.140000	-30.408000	-39.200000
	139.160000	-31.224000	-40.200000
	139.180000	-32.064000	-41.000000
	139.200000	-32.928000	-42.000000
	139.220000	-33.852000	-43.800000
	139.240000	-34.788000	-45.400000
	139.260000	-35.760000	-47.200000
	139.280000	-36.720000	-47.800000
	139.300000	-37.728000	-49.000000
	139.320000	-38.736000	-49.600000
	139.340000	-39.792000	-51.200000
	139.360000	-40.836000	-51.800000
	139.380000	-41.916000	-53.000000
	139.400000	-42.984000	-53.200000
	139.420000	-44.064000	-53.800000
	139.440000	-45.156000	-54.000000
	139.460000	-46.260000	-54.600000
	139.480000	-47.376000	-55.200000
	139.500000	-48.480000	-55.400000
	139.520000	-49.572000	-55.200000
	139.540000	-50.664000	-54.800000
	139.560000	-51.768000	-54.800000
	139.580000	-52.872000	-55.000000
	139.600000	-53.952000	-54.800000
	139.620000	-54.996000	-53.800000
	139.640000	-56.016000	-52.400000
	139.660000	-57.024000	-51.200000
	139.680000	-58.008000	-50.200000
	139.700000	-58.968000	-49.200000
	139.720000	-59.892000	-47.800000
	139.740000	-60.768000	-46.000000
	139.760000	-61.608000	-44.000000
	139.780000	-62.400000	-41.800000
	139.800000	-63.168000	-40.000000
	139.820000	-63.864000	-37.600000
	139.840000	-64.500000	-35.000000
	139.860000	-65.076000	-31.800000
	139.880000	-65.592000	-28.800000
	139.900000	-66.048000	-25.800000
	139.920000	-66.432000	-22.600000
	139.940000	-66.756000	-19.400000
	139.960000	-67.008000	-16.000000
	139.980000	-67.188000	-12.600000
	140.000000	-67.296000	-9.000000
	140.020000	-67.332000	-5.400000
	140.040000	-67.284000	-1.600000
	140.060000	-67.164000	2.200000
	140.080000	-66.972000	6.000000
	140.100000	-66.708000	9.600000
	140.120000	-66.372000	13.200000
	140.140000	-65.964000	16.800000
	140.160000	-65.496000	20.200000
	140.180000	-64.956000	23.600000
	140.200000	-64.356000	26.800000
	140.220000	-63.684000	30.200000
	140.240000	-62.952000	33.400000
	140.260000	-62.148000	36.800000
	140.280000	-61.272000	40.200000
	140.300000	-60.336000	43.600000
	140.320000	-59.352000	46.600000
	140.340000	-58.320000	49.200000
	140.360000	-57.216000	52.000000
	140.380000	-56.040000	55.200000
	140.400000	-54.828000	58.200000
	140.420000	-53.568000	60.800000
	140.440000	-52.284000	62.600000
	140.460000	-50.952000	64.600000
	140.480000	-49.572000	66.600000
	140.500000	-48.132000	69.200000
	140.520000	-46.656000	71.600000
	140.540000	-45.156000	73.600000
	140.560000	-43.656000	74.600000
	140.580000	-42.132000	75.400000
	140.600000	-40.560000	76.600000
	140.620000	-38.952000	78.400000
	140.640000	-37.308000	80.400000
	140.660000	-35.640000	82.000000
	140.680000	-33.996000	82.600000
	140.700000	-32.316000	83.200000
	140.720000	-30.684000	82.600000
	140.740000	-28.956000	84.000000
	140.760000	-27.252000	84.400000
	140.780000	-25.500000	86.400000
	140.800000	-23.772000	86.400000
	140.820000	-22.008000	87.400000
	140.840000	-20.268000	87.200000
	140.860000	-18.504000	87.800000
	140.880000	-16.728000	88.000000
	140.900000	-14.940000	88.800000
	140.920000	-13.116000	89.800000
	140.940000	-11.328000	90.000000
	140.960000	-9.528000	90.200000
	140.980000	-7.752000	89.400000
	141.000000	-5.964000	89.400000
	141.020000	-4.152000	89.600000
	141.040000	-2.364000	89.800000
	141.060000	-0.528000	90.600000
	141.080000	1.260000	90.200000
	141.100000	3.096000	91.000000
	141.120000	4.884000	90.200000
	141.140000	6.720000	91.000000
	141.160000	8.508000	90.200000
	141.180000	10.320000	90.600000
	141.200000	12.132000	90.200000
	141.220000	13.944000	90.600000
	141.240000	15.744000	90.400000
	141.260000	17.520000	89.800000
	141.280000	19.320000	89.600000
	141.300000	21.120000	89.600000
	141.320000	22.920000	90.000000
	141.340000	24.708000	89.800000
	141.360000	26.496000	89.600000
	141.380000	28.296000	89.600000
	141.400000	30.036000	88.800000
	141.420000	31.776000	88.000000
	141.440000	33.516000	87.000000
	141.460000	35.304000	87.800000
	141.480000	37.068000	88.200000
	141.500000	38.772000	87.600000
	141.520000	40.464000	86.000000
	141.540000	42.144000	84.600000
	141.560000	43.824000	84.200000
	141.580000	45.480000	83.600000
	141.600000	47.148000	83.400000
	141.620000	48.780000	82.600000
	141.640000	50.376000	81.600000
	141.660000	51.900000	79.200000
	141.680000	53.424000	77.400000
	141.700000	54.900000	75.400000
	141.720000	56.328000	73.800000
	141.740000	57.720000	71.600000
	141.760000	59.064000	69.400000
	141.780000	60.396000	67.800000
	141.800000	61.644000	65.400000
	141.820000	62.856000	63.200000
	141.840000	63.972000	59.600000
	141.860000	65.052000	56.800000
	141.880000	66.060000	53.400000
	141.900000	67.008000	50.600000
	141.920000	67.884000	47.200000
	141.940000	68.676000	43.600000
	141.960000	69.396000	39.800000
	141.980000	70.032000	35.800000
	142.000000	70.596000	32.000000
	142.020000	71.076000	28.000000
	142.040000	71.460000	23.800000
	142.060000	71.760000	19.400000
	142.080000	71.976000	15.000000
	142.100000	72.108000	10.800000
	142.120000	72.156000	6.600000
	142.140000	72.120000	2.400000
	142.160000	72.000000	-1.800000
	142.180000	71.796000	-6.000000
	142.200000	71.508000	-10.200000
	142.220000	71.136000	-14.400000
	142.240000	70.704000	-18.200000
	142.260000	70.200000	-21.800000
	142.280000	69.636000	-25.000000
	142.300000	68.988000	-28.600000
	142.320000	68.268000	-32.200000
	142.340000	67.500000	-35.600000
	142.360000	66.660000	-38.800000
	142.380000	65.772000	-41.600000
	142.400000	64.812000	-44.800000
	142.420000	63.828000	-47.200000
	142.440000	62.784000	-49.800000
	142.460000	61.704000	-51.800000
	142.480000	60.564000	-54.400000
	142.500000	59.388000	-56.600000
	142.520000	58.176000	-58.800000
	142.540000	56.940000	-60.400000
	142.560000	55.668000	-62.000000
	142.580000	54.360000	-63.600000
	142.600000	53.040000	-65.000000
	142.620000	51.732000	-65.600000
	142.640000	50.400000	-66.000000
	142.660000	49.044000	-66.600000
	142.680000	47.652000	-68.000000
	142.700000	46.272000	-68.800000
	142.720000	44.880000	-69.400000
	142.740000	43.500000	-69.200000
	142.760000	42.108000	-69.400000
	142.780000	40.740000	-69.000000
	142.800000	39.348000	-69.200000
	142.820000	37.968000	-69.000000
	142.840000	36.588000	-69.200000
	142.860000	35.232000	-68.600000
	142.880000	33.888000	-68.000000
	142.900000	32.544000	-67.400000
	142.920000	31.212000	-67.000000
	142.940000	29.892000	-66.600000
	142.960000	28.584000	-66.000000
	142.980000	27.312000	-65.000000
	143.000000	26.052000	-64.000000
	143.020000	24.828000	-62.600000
	143.040000	23.580000	-62.200000
	143.060000	22.368000	-61.400000
	143.080000	21.156000	-61.200000
	143.100000	20.016000	-59.400000
	143.120000	18.900000	-57.800000
	143.140000	17.808000	-55.800000
	143.160000	16.716000	-55.000000
	143.180000	15.648000	-54.200000
	143.200000	14.604000	-53.400000
	143.220000	13.572000	-52.400000
	143.240000	12.576000	-51.200000
	143.260000	11.616000	-49.800000
	143.280000	10.704000	-47.800000
	143.300000	9.804000	-46.200000
	143.320000	8.928000	-44.800000
	143.340000	8.076000	-43.800000
	143.360000	7.260000	-42.400000
	143.380000	6.480000	-40.800000
	143.400000	5.724000	-39.200000
	143.420000	4.992000	-37.800000
	143.440000	4.308000	-36.200000
	143.460000	3.660000	-34.400000
	143.480000	3.036000	-32.600000
	143.500000	2.424000	-31.400000
	143.520000	1.848000	-30.200000
	143.540000	1.308000	-28.800000
	143.560000	0.792000	-27.200000
	143.580000	0.312000	-25.600000
	143.600000	-0.144000	-24.200000
	143.620000	-0.552000	-22.400000
	143.640000	-0.936000	-20.800000
	143.660000	-1.296000	-19.200000
	143.680000	-1.632000	-18.000000
	143.700000	-1.932000	-16.600000
	143.720000	-2.196000	-15.000000
	143.740000	-2.436000	-13.400000
	143.760000	-2.664000	-12.200000
	143.780000	-2.856000	-11.000000
	143.800000	-3.024000	-9.800000
	143.820000	-3.156000	-8.200000
	143.840000	-3.264000	-6.800000
	143.860000	-3.348000	-5.400000
	143.880000	-3.408000	-4.200000
	143.900000	-3.456000	-3.200000
	143.920000	-3.480000	-2.200000
	143.940000	-3.480000	-1.200000
	143.960000	-3.456000	0.000000
	143.980000	-3.420000	1.000000
	144.000000	-3.384000	1.600000
	144.020000	-3.336000	2.000000
	144.040000	-3.276000	2.400000
	144.060000	-3.204000	3.000000
	144.080000	-3.132000	3.400000
	144.100000	-3.060000	3.600000
	144.120000	-2.988000	3.600000
	144.140000	-2.916000	3.600000
	144.160000	-2.844000	3.600000
	144.180000	-2.784000	3.400000
	144.200000	-2.724000	3.200000
	144.220000	-2.676000	2.800000
	144.240000	-2.628000	2.600000
	144.260000	-2.592000	2.200000
	144.280000	-2.568000	1.800000
	144.300000	-2.556000	1.200000
	144.320000	-2.556000	0.600000
	144.340000	-2.568000	0.000000
	144.360000	-2.592000	-0.600000
	144.380000	-2.640000	-1.400000
	144.400000	-2.700000	-2.200000
	144.420000	-2.784000	-3.200000
	144.440000	-2.880000	-4.000000
	144.460000	-2.988000	-4.800000
	144.480000	-3.108000	-5.400000
	144.500000	-3.252000	-6.200000
	144.520000	-3.420000	-7.200000
	144.540000	-3.612000	-8.400000
	144.560000	-3.816000	-9.400000
	144.580000	-4.044000	-10.400000
	144.600000	-4.284000	-11.200000
	144.620000	-4.548000	-12.200000
	144.640000	-4.836000	-13.200000
	144.660000	-5.160000	-14.600000
	144.680000	-5.520000	-16.200000
	144.700000	-5.892000	-17.600000
	144.720000	-6.288000	-18.800000
	144.740000	-6.720000	-20.000000
	144.760000	-7.188000	-21.600000
	144.780000	-7.692000	-23.400000
	144.800000	-8.220000	-25.000000
	144.820000	-8.796000	-26.800000
	144.840000	-9.408000	-28.600000
	144.860000	-10.056000	-30.600000
	144.880000	-10.728000	-32.200000
	144.900000	-11.436000	-33.800000
	144.920000	-12.168000	-35.200000
	144.940000	-12.948000	-37.000000
	144.960000	-13.764000	-38.800000
	144.980000	-14.616000	-40.800000
	145.000000	-15.504000	-42.600000
	145.020000	-16.428000	-44.400000
	145.040000	-17.388000	-46.200000
	145.060000	-18.384000	-48.000000
	145.080000	-19.404000	-49.600000
	145.100000	-20.472000	-51.400000
	145.120000	-21.576000	-53.200000
	145.140000	-22.704000	-55.000000
	145.160000	-23.868000	-56.600000
	145.180000	-25.056000	-58.000000
	145.200000	-26.280000	-59.600000
	145.220000	-27.528000	-61.000000
	145.240000	-28.812000	-62.600000
	145.260000	-30.096000	-63.600000
	145.280000	-31.416000	-64.800000
	145.300000	-32.736000	-65.400000
	145.320000	-34.116000	-67.000000
	145.340000	-35.496000	-68.000000
	145.360000	-36.888000	-69.200000
	145.380000	-38.280000	-69.400000
	145.400000	-39.708000	-70.200000
	145.420000	-41.136000	-70.800000
	145.440000	-42.564000	-71.400000
	145.460000	-43.992000	-71.400000
	145.480000	-45.408000	-71.200000
	145.500000	-46.836000	-71.200000
	145.520000	-48.240000	-70.800000
	145.540000	-49.644000	-70.600000
	145.560000	-51.036000	-70.000000
	145.580000	-52.392000	-69.200000
	145.600000	-53.760000	-68.600000
	145.620000	-55.080000	-67.400000
	145.640000	-56.388000	-66.600000
	145.660000	-57.636000	-64.600000
	145.680000	-58.860000	-63.000000
	145.700000	-60.012000	-60.400000
	145.720000	-61.140000	-58.400000
	145.740000	-62.208000	-55.800000
	145.760000	-63.228000	-53.600000
	145.780000	-64.176000	-50.600000
	145.800000	-65.064000	-47.600000
	145.820000	-65.892000	-44.400000
	145.840000	-66.648000	-41.200000
	145.860000	-67.320000	-37.600000
	145.880000	-67.908000	-33.600000
	145.900000	-68.412000	-29.400000
	145.920000	-68.844000	-25.400000
	145.940000	-69.180000	-21.200000
	145.960000	-69.432000	-17.000000
	145.980000	-69.576000	-12.200000
	146.000000	-69.636000	-7.600000
	146.020000	-69.600000	-2.800000
	146.040000	-69.480000	1.600000
	146.060000	-69.276000	6.000000
	146.080000	-68.976000	10.400000
	146.100000	-68.592000	14.800000
	146.120000	-68.112000	19.400000
	146.140000	-67.548000	23.800000
	146.160000	-66.900000	28.200000
	146.180000	-66.192000	32.000000
	146.200000	-65.400000	35.800000
	146.220000	-64.524000	39.600000
	146.240000	-63.564000	43.800000
	146.260000	-62.532000	47.800000
	146.280000	-61.428000	51.600000
	146.300000	-60.264000	55.000000
	146.320000	-59.028000	58.400000
	146.340000	-57.756000	61.200000
	146.360000	-56.400000	64.400000
	146.380000	-55.020000	66.800000
	146.400000	-53.532000	70.400000
	146.420000	-52.044000	72.600000
	146.440000	-50.460000	76.000000
	146.460000	-48.888000	77.400000
	146.480000	-47.256000	79.800000
	146.500000	-45.588000	81.200000
	146.520000	-43.896000	83.200000
	146.540000	-42.144000	85.200000
	146.560000	-40.428000	86.000000
	146.580000	-38.652000	87.400000
	146.600000	-36.864000	88.000000
	146.620000	-35.040000	89.800000
	146.640000	-33.228000	90.400000
	146.660000	-31.380000	91.400000
	146.680000	-29.520000	92.000000
	146.700000	-27.624000	93.400000
	146.720000	-25.740000	94.000000
	146.740000	-23.856000	94.400000
	146.760000	-21.996000	93.800000
	146.780000	-20.124000	93.600000
	146.800000	-18.228000	93.800000
	146.820000	-16.320000	94.600000
	146.840000	-14.448000	94.600000
	146.860000	-12.564000	94.400000
	146.880000	-10.668000	94.200000
	146.900000	-8.760000	94.800000
	146.920000	-6.864000	95.000000
	146.940000	-4.956000	95.200000
	146.960000	-3.036000	95.400000
	146.980000	-1.140000	95.400000
	147.000000	0.756000	95.200000
	147.020000	2.616000	94.200000
	147.040000	4.500000	94.000000
	147.060000	6.348000	93.200000
	147.080000	8.220000	93.400000
	147.100000	10.056000	92.600000
	147.120000	11.928000	93.000000
	147.140000	13.776000	92.600000
	147.160000	15.648000	93.200000
	147.180000	17.460000	92.200000
	147.200000	19.284000	91.800000
	147.220000	21.096000	90.800000
	147.240000	22.932000	91.200000
	147.260000	24.708000	90.400000
	147.280000	26.496000	90.000000
	147.300000	28.236000	88.400000
	147.320000	30.012000	88.400000
	147.340000	31.740000	87.400000
	147.360000	33.480000	87.400000
	147.380000	35.184000	86.200000
	147.400000	36.888000	85.800000
	147.420000	38.580000	85.000000
	147.440000	40.260000	84.600000
	147.460000	41.916000	83.800000
	147.480000	43.548000	82.800000
	147.500000	45.144000	81.400000
	147.520000	46.716000	80.000000
	147.540000	48.264000	78.600000
	147.560000	49.788000	77.400000
	147.580000	51.252000	75.600000
	147.600000	52.668000	73.400000
	147.620000	54.072000	71.400000
	147.640000	55.428000	69.600000
	147.660000	56.748000	68.000000
	147.680000	58.008000	65.600000
	147.700000	59.232000	63.400000
	147.720000	60.384000	60.600000
	147.740000	61.488000	58.000000
	147.760000	62.544000	55.200000
	147.780000	63.552000	52.800000
	147.800000	64.476000	49.800000
	147.820000	65.328000	46.400000
	147.840000	66.108000	42.600000
	147.860000	66.828000	39.200000
	147.880000	67.476000	35.800000
	147.900000	68.040000	32.200000
	147.920000	68.532000	28.400000
	147.940000	68.940000	24.400000
	147.960000	69.276000	20.600000
	147.980000	69.528000	16.600000
	148.000000	69.708000	12.800000
	148.020000	69.804000	8.800000
	148.040000	69.816000	4.800000
	148.060000	69.756000	0.800000
	148.080000	69.624000	-3.000000
	148.100000	69.420000	-6.600000
	148.120000	69.132000	-10.400000
	148.140000	68.784000	-14.000000
	148.160000	68.376000	-17.400000
	148.180000	67.908000	-20.400000
	148.200000	67.368000	-23.600000
	148.220000	66.768000	-26.800000
	148.240000	66.108000	-30.000000
	148.260000	65.400000	-32.800000
	148.280000	64.644000	-35.400000
	148.300000	63.840000	-37.800000
	148.320000	62.988000	-40.200000
	148.340000	62.088000	-42.600000
	148.360000	61.152000	-44.800000
	148.380000	60.168000	-47.000000
	148.400000	59.148000	-49.000000
	148.420000	58.104000	-50.800000
	148.440000	57.036000	-52.200000
	148.460000	55.944000	-53.400000
	148.480000	54.828000	-54.600000
	148.500000	53.688000	-55.800000
	148.520000	52.524000	-57.000000
	148.540000	51.348000	-58.000000
	148.560000	50.148000	-59.000000
	148.580000	48.960000	-59.400000
	148.600000	47.748000	-60.000000
	148.620000	46.572000	-59.600000
	148.640000	45.396000	-59.400000
	148.660000	44.220000	-58.800000
	148.680000	43.044000	-58.800000
	148.700000	41.832000	-59.400000
	148.720000	40.668000	-59.200000
	148.740000	39.504000	-59.000000
	148.760000	38.376000	-57.600000
	148.780000	37.236000	-57.200000
	148.800000	36.108000	-56.600000
	148.820000	35.004000	-56.200000
	148.840000	33.912000	-55.400000
	148.860000	32.820000	-54.800000
	148.880000	31.776000	-53.800000
	148.900000	30.756000	-52.600000
	148.920000	29.772000	-50.800000
	148.940000	28.776000	-50.000000
	148.960000	27.816000	-49.000000
	148.980000	26.904000	-47.800000
	149.000000	26.028000	-45.800000
	149.020000	25.164000	-44.200000
	149.040000	24.312000	-43.200000
	149.060000	23.484000	-42.400000
	149.080000	22.704000	-41.000000
	149.100000	21.960000	-39.200000
	149.120000	21.264000	-37.000000
	149.140000	20.580000	-35.400000
	149.160000	19.944000	-33.600000
	149.180000	19.320000	-32.400000
	149.200000	18.744000	-30.600000
	149.220000	18.180000	-29.400000
	149.240000	17.676000	-27.400000
	149.260000	17.196000	-25.800000
	149.280000	16.764000	-23.600000
	149.300000	16.356000	-22.000000
	149.320000	15.984000	-20.200000
	149.340000	15.648000	-18.600000
	149.360000	15.336000	-17.000000
	149.380000	15.072000	-15.200000
	149.400000	14.844000	-13.400000
	149.420000	14.652000	-11.400000
	149.440000	14.484000	-9.800000
	149.460000	14.352000	-8.200000
	149.480000	14.256000	-6.600000
	149.500000	14.196000	-4.800000
	149.520000	14.160000	-3.200000
	149.540000	14.160000	-1.600000
	149.560000	14.196000	0.000000
	149.580000	14.256000	1.600000
	149.600000	14.340000	3.000000
	149.620000	14.448000	4.200000
	149.640000	14.592000	5.600000
	149.660000	14.760000	7.000000
	149.680000	14.940000	8.200000
	149.700000	15.132000	9.000000
	149.720000	15.348000	9.800000
	149.740000	15.576000	10.600000
	149.760000	15.828000	11.600000
	149.780000	16.080000	12.200000
	149.800000	16.356000	13.000000
	149.820000	16.632000	13.400000
	149.840000	16.920000	14.000000
	149.860000	17.220000	14.400000
	149.880000	17.544000	15.200000
	149.900000	17.880000	16.000000
	149.920000	18.216000	16.600000
	149.940000	18.552000	16.800000
	149.960000	18.900000	17.000000
	149.980000	19.260000	17.400000
	150.000000	19.608000	17.600000
	150.020000	19.956000	17.600000
	150.040000	20.316000	17.600000
	150.060000	20.688000	18.000000
	150.080000	21.048000	18.200000
	150.100000	21.396000	18.000000
	150.120000	21.744000	17.600000
	150.140000	22.092000	17.400000
	150.160000	22.428000	17.200000
	150.180000	22.752000	16.800000
	150.200000	23.076000	16.400000
	150.220000	23.388000	16.000000
	150.240000	23.700000	15.800000
	150.260000	23.988000	15.200000
	150.280000	24.276000	14.800000
	150.300000	24.528000	13.800000
	150.320000	24.780000	13.200000
	150.340000	25.008000	12.200000
	150.360000	25.224000	11.600000
	150.380000	25.416000	10.600000
	150.400000	25.584000	9.600000
	150.420000	25.728000	8.400000
	150.440000	25.848000	7.200000
	150.460000	25.944000	6.000000
	150.480000	26.028000	5.000000
	150.500000	26.076000	3.800000
	150.520000	26.100000	2.600000
	150.540000	26.100000	1.200000
	150.560000	26.076000	0.000000
	150.580000	26.028000	-1.200000
	150.600000	25.944000	-2.600000
	150.620000	25.848000	-3.800000
	150.640000	25.728000	-5.000000
	150.660000	25.584000	-6.000000
	150.680000	25.404000	-7.400000
	150.700000	25.200000	-8.800000
	150.720000	24.972000	-10.200000
	150.740000	24.720000	-11.400000
	150.760000	24.444000	-12.600000
	150.780000	24.144000	-13.800000
	150.800000	23.820000	-15.000000
	150.820000	23.460000	-16.400000
	150.840000	23.076000	-17.800000
	150.860000	22.668000	-19.200000
	150.880000	22.236000	-20.400000
	150.900000	21.768000	-21.800000
	150.920000	21.264000	-23.400000
	150.940000	20.736000	-25.000000
	150.960000	20.184000	-26.400000
	150.980000	19.608000	-27.600000
	151.000000	18.996000	-29.000000
	151.020000	18.360000	-30.400000
	151.040000	17.700000	-31.800000
	151.060000	17.004000	-33.200000
	151.080000	16.284000	-34.600000
	151.100000	15.528000	-36.200000
	151.120000	14.748000	-37.600000
	151.140000	13.944000	-39.000000
	151.160000	13.104000	-40.400000
	151.180000	12.264000	-41.400000
	151.200000	11.388000	-42.600000
	151.220000	10.500000	-43.400000
	151.240000	9.576000	-44.800000
	151.260000	8.628000	-46.000000
	151.280000	7.656000	-47.400000
	151.300000	6.660000	-48.600000
	151.320000	5.640000	-49.800000
	151.340000	4.620000	-50.600000
	151.360000	3.576000	-51.400000
	151.380000	2.508000	-52.200000
	151.400000	1.404000	-53.600000
	151.420000	0.288000	-54.800000
	151.440000	-0.840000	-55.800000
	151.460000	-1.968000	-56.200000
	151.480000	-3.108000	-56.600000
	151.500000	-4.260000	-57.000000
	151.520000	-5.436000	-57.800000
	151.540000	-6.612000	-58.400000
	151.560000	-7.788000	-58.800000
	151.580000	-8.952000	-58.600000
	151.600000	-10.140000	-58.800000
	151.620000	-11.316000	-58.800000
	151.640000	-12.516000	-59.400000
	151.660000	-13.704000	-59.400000
	151.680000	-14.892000	-59.600000
	151.700000	-16.068000	-59.200000
	151.720000	-17.232000	-58.800000
	151.740000	-18.420000	-58.800000
	151.760000	-19.584000	-58.600000
	151.780000	-20.748000	-58.600000
	151.800000	-21.864000	-57.400000
	151.820000	-22.968000	-56.400000
	151.840000	-24.048000	-55.000000
	151.860000	-25.116000	-54.200000
	151.880000	-26.172000	-53.400000
	151.900000	-27.216000	-52.800000
	151.920000	-28.248000	-52.200000
	151.940000	-29.256000	-51.400000
	151.960000	-30.192000	-49.600000
	151.980000	-31.104000	-47.600000
	152.000000	-31.980000	-45.400000
	152.020000	-32.856000	-44.400000
	152.040000	-33.684000	-43.000000
	152.060000	-34.476000	-41.600000
	152.080000	-35.220000	-39.400000
	152.100000	-35.928000	-37.400000
	152.120000	-36.600000	-35.400000
	152.140000	-37.236000	-33.600000
	152.160000	-37.812000	-31.400000
	152.180000	-38.352000	-29.200000
	152.200000	-38.844000	-26.800000
	152.220000	-39.300000	-24.800000
	152.240000	-39.696000	-22.400000
	152.260000	-40.056000	-20.200000
	152.280000	-40.368000	-17.800000
	152.300000	-40.632000	-15.600000
	152.320000	-40.836000	-13.000000
	152.340000	-40.992000	-10.400000
	152.360000	-41.100000	-7.800000
	152.380000	-41.160000	-5.400000
	152.400000	-41.172000	-3.000000
	152.420000	-41.136000	-0.600000
	152.440000	-41.064000	1.600000
	152.460000	-40.956000	3.600000
	152.480000	-40.800000	5.600000
	152.500000	-40.608000	7.600000
	152.520000	-40.380000	9.600000
	152.540000	-40.128000	11.200000
	152.560000	-39.840000	12.800000
	152.580000	-39.528000	14.200000
	152.600000	-39.192000	15.600000
	152.620000	-38.844000	16.600000
	152.640000	-38.460000	17.800000
	152.660000	-38.064000	18.800000
	152.680000	-37.632000	20.200000
	152.700000	-37.188000	21.200000
	152.720000	-36.720000	22.400000
	152.740000	-36.240000	23.200000
	152.760000	-35.748000	24.000000
	152.780000	-35.244000	24.600000
	152.800000	-34.728000	25.200000
	152.820000	-34.212000	25.600000
	152.840000	-33.684000	26.000000
	152.860000	-33.156000	26.200000
	152.880000	-32.616000	26.600000
	152.900000	-32.088000	26.600000
	152.920000	-31.560000	26.600000
	152.940000	-31.032000	26.400000
	152.960000	-30.504000	26.400000
	152.980000	-30.000000	26.000000
	153.000000	-29.508000	25.400000
	153.020000	-29.028000	24.600000
	153.040000	-28.548000	24.200000
	153.060000	-28.104000	23.400000
	153.080000	-27.672000	22.600000
	153.100000	-27.264000	21.400000
	153.120000	-26.868000	20.600000
	153.140000	-26.496000	19.600000
	153.160000	-26.148000	18.600000
	153.180000	-25.824000	17.400000
	153.200000	-25.548000	15.800000
	153.220000	-25.308000	14.000000
	153.240000	-25.092000	12.200000
	153.260000	-24.900000	10.800000
	153.280000	-24.744000	9.400000
	153.300000	-24.636000	7.600000
	153.320000	-24.564000	5.600000
	153.340000	-24.528000	3.600000
	153.360000	-24.528000	1.800000
	153.380000	-24.564000	-5.917489E-14
	153.400000	-24.636000	-1.800000
	153.420000	-24.744000	-3.600000
	153.440000	-24.888000	-5.400000
	153.460000	-25.080000	-7.400000
	153.480000	-25.308000	-9.400000
	153.500000	-25.572000	-11.400000
	153.520000	-25.860000	-13.000000
	153.540000	-26.184000	-14.600000
	153.560000	-26.544000	-16.200000
	153.580000	-26.952000	-18.200000
	153.600000	-27.384000	-20.000000
	153.620000	-27.864000	-22.000000
	153.640000	-28.368000	-23.600000
	153.660000	-28.920000	-25.600000
	153.680000	-29.508000	-27.400000
	153.700000	-30.144000	-29.600000
	153.720000	-30.816000	-31.600000
	153.740000	-31.512000	-33.400000
	153.760000	-32.232000	-34.800000
	153.780000	-32.988000	-36.200000
	153.800000	-33.780000	-37.800000
	153.820000	-34.608000	-39.600000
	153.840000	-35.472000	-41.400000
	153.860000	-36.372000	-43.200000
	153.880000	-37.284000	-44.600000
	153.900000	-38.232000	-46.000000
	153.920000	-39.180000	-46.800000
	153.940000	-40.164000	-48.000000
	153.960000	-41.148000	-48.600000
	153.980000	-42.168000	-49.800000
	154.000000	-43.188000	-50.400000
	154.020000	-44.220000	-51.200000
	154.040000	-45.264000	-51.600000
	154.060000	-46.332000	-52.400000
	154.080000	-47.388000	-52.800000
	154.100000	-48.444000	-53.000000
	154.120000	-49.476000	-52.400000
	154.140000	-50.532000	-52.400000
	154.160000	-51.564000	-52.000000
	154.180000	-52.596000	-52.000000
	154.200000	-53.616000	-51.400000
	154.220000	-54.612000	-50.800000
	154.240000	-55.596000	-50.000000
	154.260000	-56.556000	-49.000000
	154.280000	-57.516000	-48.400000
	154.300000	-58.428000	-47.200000
	154.320000	-59.292000	-45.600000
	154.340000	-60.108000	-43.200000
	154.360000	-60.900000	-41.200000
	154.380000	-61.644000	-39.200000
	154.400000	-62.352000	-37.400000
	154.420000	-63.000000	-35.000000
	154.440000	-63.612000	-32.800000
	154.460000	-64.164000	-30.200000
	154.480000	-64.668000	-27.800000
	154.500000	-65.100000	-24.800000
	154.520000	-65.460000	-21.600000
	154.540000	-65.760000	-18.200000
	154.560000	-65.988000	-14.800000
	154.580000	-66.156000	-11.600000
	154.600000	-66.240000	-8.000000
	154.620000	-66.264000	-4.600000
	154.640000	-66.204000	-0.800000
	154.660000	-66.084000	2.600000
	154.680000	-65.880000	6.400000
	154.700000	-65.628000	9.600000
	154.720000	-65.304000	13.000000
	154.740000	-64.908000	16.200000
	154.760000	-64.440000	19.800000
	154.780000	-63.912000	23.200000
	154.800000	-63.324000	26.400000
	154.820000	-62.676000	29.400000
	154.840000	-61.968000	32.400000
	154.860000	-61.200000	35.400000
	154.880000	-60.360000	38.600000
	154.900000	-59.448000	42.000000
	154.920000	-58.488000	45.200000
	154.940000	-57.480000	48.000000
	154.960000	-56.400000	50.800000
	154.980000	-55.272000	53.600000
	155.000000	-54.096000	56.400000
	155.020000	-52.896000	58.400000
	155.040000	-51.636000	60.600000
	155.060000	-50.316000	63.000000
	155.080000	-48.948000	65.800000
	155.100000	-47.580000	67.600000
	155.120000	-46.176000	69.000000
	155.140000	-44.748000	70.000000
	155.160000	-43.272000	71.800000
	155.180000	-41.772000	73.400000
	155.200000	-40.248000	75.000000
	155.220000	-38.664000	76.800000
	155.240000	-37.080000	78.200000
	155.260000	-35.460000	79.800000
	155.280000	-33.840000	80.400000
	155.300000	-32.196000	81.400000
	155.320000	-30.564000	81.600000
	155.340000	-28.920000	82.000000
	155.360000	-27.264000	82.200000
	155.380000	-25.572000	83.200000
	155.400000	-23.868000	84.200000
	155.420000	-22.128000	85.600000
	155.440000	-20.388000	86.400000
	155.460000	-18.684000	86.400000
	155.480000	-16.980000	85.800000
	155.500000	-15.264000	85.400000
	155.520000	-13.488000	86.600000
	155.540000	-11.736000	87.400000
	155.560000	-9.984000	88.000000
	155.580000	-8.256000	87.200000
	155.600000	-6.492000	87.400000
	155.620000	-4.716000	87.800000
	155.640000	-2.952000	88.400000
	155.660000	-1.188000	88.400000
	155.680000	0.552000	87.800000
	155.700000	2.328000	88.000000
	155.720000	4.104000	88.200000
	155.740000	5.868000	88.600000
	155.760000	7.632000	88.400000
	155.780000	9.372000	87.800000
	155.800000	11.136000	87.800000
	155.820000	12.888000	87.600000
	155.840000	14.664000	88.200000
	155.860000	16.416000	88.000000
	155.880000	18.144000	87.600000
	155.900000	19.860000	86.600000
	155.920000	21.600000	86.400000
	155.940000	23.340000	86.600000
	155.960000	25.080000	87.000000
	155.980000	26.808000	86.800000
	156.000000	28.548000	86.800000
	156.020000	30.252000	86.200000
	156.040000	31.956000	85.800000
	156.060000	33.624000	84.600000
