	120.000000	-110.184000	85.400000
	120.020000	-107.316000	114.800000
	120.040000	-103.836000	144.600000
	120.060000	-99.720000	174.400000
	120.080000	-95.148000	202.800000
	120.100000	-90.132000	228.400000
	120.120000	-84.612000	251.800000
	120.140000	-78.480000	277.800000
	120.160000	-71.928000	303.400000
	120.180000	-65.160000	324.200000
	120.200000	-57.936000	342.400000
	120.220000	-50.412000	358.600000
	120.240000	-42.504000	377.600000
	120.260000	-34.584000	389.200000
	120.280000	-26.484000	398.800000
	120.300000	-18.240000	404.400000
	120.320000	-9.780000	413.400000
	120.340000	-1.272000	420.200000
	120.360000	7.248000	424.800000
	120.380000	15.720000	425.000000
	120.400000	24.120000	423.200000
	120.420000	32.364000	418.600000
	120.440000	40.332000	410.200000
	120.460000	48.204000	401.400000
	120.480000	55.824000	391.000000
	120.500000	63.168000	380.600000
	120.520000	70.164000	366.000000
	120.540000	76.788000	349.400000
	120.560000	83.004000	330.600000
	120.580000	88.692000	308.800000
	120.600000	93.912000	285.400000
	120.620000	98.712000	261.800000
	120.640000	103.056000	239.400000
	120.660000	106.776000	214.400000
	120.680000	109.908000	186.600000
	120.700000	112.404000	155.800000
	120.720000	114.348000	126.200000
	120.740000	115.644000	95.600000
	120.760000	116.328000	65.400000
	120.780000	116.364000	33.600000
	120.800000	115.776000	2.200000
	120.820000	114.588000	-29.000000
	120.840000	112.776000	-59.800000
	120.860000	110.352000	-90.400000
	120.880000	107.352000	-120.600000
	120.900000	103.776000	-150.000000
	120.920000	99.648000	-178.400000
	120.940000	95.028000	-205.400000
	120.960000	89.988000	-229.800000
	120.980000	84.492000	-252.600000
	121.000000	78.576000	-274.200000
	121.020000	72.180000	-296.800000
	121.040000	65.424000	-317.800000
	121.060000	58.248000	-338.800000
	121.080000	50.784000	-356.600000
	121.100000	43.164000	-371.000000
	121.120000	35.340000	-381.800000
	121.140000	27.468000	-388.600000
	121.160000	19.248000	-398.600000
	121.180000	11.172000	-402.800000
	121.200000	2.952000	-408.600000
	121.220000	-5.148000	-406.600000
	121.240000	-13.296000	-407.800000
	121.260000	-21.240000	-403.200000
	121.280000	-29.016000	-397.800000
	121.300000	-36.720000	-390.400000
	121.320000	-44.184000	-382.400000
	121.340000	-51.456000	-374.000000
	121.360000	-58.308000	-359.800000
	121.380000	-64.908000	-345.400000
	121.400000	-70.944000	-324.800000
	121.420000	-76.572000	-304.400000
	121.440000	-81.756000	-280.800000
	121.460000	-86.544000	-260.000000
	121.480000	-90.864000	-238.200000
	121.500000	-94.656000	-215.000000
	121.520000	-97.944000	-190.000000
	121.540000	-100.656000	-163.200000
	121.560000	-102.792000	-135.600000
	121.580000	-104.304000	-106.000000
	121.600000	-105.300000	-77.400000
	121.620000	-105.720000	-48.800000
	121.640000	-105.564000	-21.000000
	121.660000	-104.820000	8.000000
	121.680000	-103.512000	36.800000
	121.700000	-101.628000	65.600000
	121.720000	-99.192000	93.800000
	121.740000	-96.180000	122.200000
	121.760000	-92.640000	149.800000
	121.780000	-88.704000	174.800000
	121.800000	-84.204000	199.600000
	121.820000	-79.320000	222.000000
	121.840000	-73.956000	245.800000
	121.860000	-68.256000	265.800000
	121.880000	-62.112000	286.800000
	121.900000	-55.632000	305.400000
	121.920000	-48.864000	323.200000
	121.940000	-41.808000	338.400000
	121.960000	-34.440000	353.200000
	121.980000	-26.976000	364.800000
	122.000000	-19.368000	374.000000
	122.020000	-11.760000	378.000000
	122.040000	-3.984000	383.200000
	122.060000	3.696000	384.400000
	122.080000	11.472000	387.200000
	122.100000	19.080000	384.400000
	122.120000	26.796000	385.000000
	122.140000	34.260000	379.800000
	122.160000	41.640000	376.000000
	122.180000	48.612000	363.600000
	122.200000	55.428000	352.800000
	122.220000	61.872000	337.200000
	122.240000	68.148000	325.600000
	122.260000	73.908000	308.000000
	122.280000	79.356000	291.400000
	122.300000	84.312000	269.400000
	122.320000	88.956000	250.800000
	122.340000	93.072000	228.600000
	122.360000	96.672000	206.000000
	122.380000	99.720000	179.400000
	122.400000	102.276000	153.400000
	122.420000	104.280000	126.800000
	122.440000	105.732000	100.200000
	122.460000	106.608000	72.200000
	122.480000	106.896000	43.600000
	122.500000	106.632000	15.000000
	122.520000	105.792000	-13.600000
	122.540000	104.412000	-41.400000
	122.560000	102.468000	-69.400000
	122.580000	99.972000	-97.000000
	122.600000	96.972000	-124.000000
	122.620000	93.456000	-150.200000
	122.640000	89.448000	-175.400000
	122.660000	84.984000	-199.800000
	122.680000	80.088000	-222.800000
	122.700000	74.856000	-243.200000
	122.720000	69.192000	-263.200000
	122.740000	63.264000	-280.400000
	122.760000	56.856000	-300.000000
	122.780000	50.244000	-315.800000
	122.800000	43.308000	-332.600000
	122.820000	36.348000	-341.800000
	122.840000	29.124000	-352.000000
	122.860000	21.864000	-357.400000
	122.880000	14.412000	-365.600000
	122.900000	6.912000	-370.200000
	122.920000	-0.612000	-374.600000
	122.940000	-8.100000	-375.200000
	122.960000	-15.420000	-372.200000
	122.980000	-22.716000	-368.400000
	123.000000	-29.748000	-360.800000
	123.020000	-36.672000	-354.200000
	123.040000	-43.368000	-344.200000
	123.060000	-49.800000	-334.200000
	123.080000	-56.004000	-322.200000
	123.100000	-61.692000	-305.400000
	123.120000	-67.104000	-288.400000
	123.140000	-72.024000	-267.000000
	123.160000	-76.680000	-249.800000
	123.180000	-80.832000	-228.800000
	123.200000	-84.516000	-208.200000
	123.220000	-87.708000	-183.800000
	123.240000	-90.384000	-159.200000
	123.260000	-92.568000	-134.200000
	123.280000	-94.224000	-108.600000
	123.300000	-95.388000	-83.400000
	123.320000	-95.988000	-57.000000
	123.340000	-96.036000	-30.200000
	123.360000	-95.568000	-3.000000
	123.380000	-94.584000	23.400000
	123.400000	-93.084000	49.200000
	123.420000	-91.056000	75.200000
	123.440000	-88.500000	101.400000
	123.460000	-85.500000	126.400000
	123.480000	-82.080000	149.600000
	123.500000	-78.276000	170.400000
	123.520000	-73.920000	193.000000
	123.540000	-69.096000	216.400000
	123.560000	-63.900000	239.600000
	123.580000	-58.512000	256.800000
	123.600000	-52.800000	271.600000
	123.620000	-46.812000	284.800000
	123.640000	-40.488000	300.400000
	123.660000	-34.044000	312.600000
	123.680000	-27.324000	324.800000
	123.700000	-20.436000	334.200000
	123.720000	-13.344000	345.000000
	123.740000	-6.276000	350.800000
	123.760000	0.816000	354.200000
	123.780000	7.908000	354.200000
	123.800000	14.952000	353.800000
	123.820000	21.924000	351.800000
	123.840000	28.680000	346.200000
	123.860000	35.472000	342.000000
	123.880000	41.976000	334.200000
	123.900000	48.276000	326.600000
	123.920000	54.240000	312.800000
	123.940000	59.928000	299.200000
	123.960000	65.376000	285.000000
	123.980000	70.404000	269.400000
	124.000000	75.144000	253.600000
	124.020000	79.536000	236.000000
	124.040000	83.460000	217.600000
	124.060000	86.928000	196.400000
	124.080000	89.880000	172.400000
	124.100000	92.424000	149.400000
	124.120000	94.488000	126.000000
	124.140000	96.012000	102.200000
	124.160000	97.032000	76.800000
	124.180000	97.512000	50.400000
	124.200000	97.488000	24.600000
	124.220000	96.972000	-1.000000
	124.240000	95.952000	-26.000000
	124.260000	94.392000	-51.600000
	124.280000	92.352000	-77.000000
	124.300000	89.856000	-101.600000
	124.320000	86.928000	-124.400000
	124.340000	83.508000	-147.400000
	124.360000	79.668000	-169.800000
	124.380000	75.420000	-191.800000
	124.400000	70.860000	-210.800000
	124.420000	65.808000	-231.000000
	124.440000	60.504000	-248.600000
	124.460000	54.828000	-267.200000
	124.480000	48.948000	-281.000000
	124.500000	42.744000	-296.000000
	124.520000	36.420000	-306.800000
	124.540000	30.024000	-315.400000
	124.560000	23.484000	-321.000000
	124.580000	16.848000	-326.200000
	124.600000	10.044000	-333.000000
	124.620000	3.312000	-336.200000
	124.640000	-3.612000	-341.000000
	124.660000	-10.392000	-340.600000
	124.680000	-17.184000	-341.600000
	124.700000	-23.652000	-334.000000
	124.720000	-29.952000	-326.000000
	124.740000	-36.060000	-314.600000
	124.760000	-42.096000	-307.400000
	124.780000	-47.880000	-298.800000
	124.800000	-53.340000	-288.000000
	124.820000	-58.272000	-269.600000
	124.840000	-62.976000	-251.600000
	124.860000	-67.320000	-233.000000
	124.880000	-71.328000	-217.600000
	124.900000	-74.856000	-198.000000
	124.920000	-77.904000	-176.400000
	124.940000	-80.520000	-153.200000
	124.960000	-82.680000	-130.400000
	124.980000	-84.384000	-108.000000
	125.000000	-85.632000	-85.200000
	125.020000	-86.388000	-61.800000
	125.040000	-86.664000	-38.000000
	125.060000	-86.460000	-13.800000
	125.080000	-85.752000	10.600000
	125.100000	-84.588000	34.600000
	125.120000	-82.944000	58.600000
	125.140000	-80.880000	81.200000
	125.160000	-78.300000	104.800000
	125.180000	-75.324000	127.000000
	125.200000	-71.940000	149.000000
	125.220000	-68.196000	168.400000
	125.240000	-64.020000	188.400000
	125.260000	-59.520000	207.000000
	125.280000	-54.684000	225.200000
	125.300000	-49.632000	239.800000
	125.320000	-44.232000	254.800000
	125.340000	-38.592000	268.200000
	125.360000	-32.652000	283.000000
	125.380000	-26.616000	293.600000
	125.400000	-20.436000	302.600000
	125.420000	-14.244000	306.800000
	125.440000	-7.884000	312.200000
	125.460000	-1.560000	314.600000
	125.480000	4.860000	318.400000
	125.500000	11.172000	317.600000
	125.520000	17.508000	317.800000
	125.540000	23.748000	314.800000
	125.560000	29.940000	312.800000
	125.580000	35.880000	306.200000
	125.600000	41.568000	297.000000
	125.620000	47.040000	285.000000
	125.640000	52.356000	274.600000
	125.660000	57.468000	265.000000
	125.680000	62.208000	252.800000
	125.700000	66.612000	237.600000
	125.720000	70.608000	219.000000
	125.740000	74.292000	201.400000
	125.760000	77.580000	182.800000
	125.780000	80.472000	164.400000
	125.800000	82.932000	144.000000
	125.820000	84.924000	122.400000
	125.840000	86.496000	100.400000
	125.860000	87.600000	77.800000
	125.880000	88.260000	55.600000
	125.900000	88.440000	32.400000
	125.920000	88.152000	9.200000
	125.940000	87.396000	-14.400000
	125.960000	86.220000	-37.000000
	125.980000	84.600000	-59.200000
	126.000000	82.548000	-80.800000
	126.020000	80.064000	-102.600000
	126.040000	77.160000	-124.000000
	126.060000	73.860000	-144.800000
	126.080000	70.140000	-165.400000
	126.100000	66.060000	-185.000000
	126.120000	61.704000	-202.600000
	126.140000	57.048000	-218.200000
	126.160000	52.176000	-231.400000
	126.180000	47.064000	-244.000000
	126.200000	41.640000	-256.800000
	126.220000	36.108000	-267.800000
	126.240000	30.324000	-279.000000
	126.260000	24.480000	-286.000000
	126.280000	18.372000	-295.600000
	126.300000	12.180000	-302.400000
	126.320000	6.024000	-307.600000
	126.340000	-0.060000	-307.200000
	126.360000	-6.120000	-305.000000
	126.380000	-12.192000	-303.600000
	126.400000	-18.168000	-301.800000
	126.420000	-24.012000	-298.200000
	126.440000	-29.688000	-291.600000
	126.460000	-35.244000	-284.600000
	126.480000	-40.488000	-274.600000
	126.500000	-45.480000	-263.200000
	126.520000	-50.124000	-248.000000
	126.540000	-54.576000	-234.800000
	126.560000	-58.596000	-218.600000
	126.580000	-62.316000	-203.200000
	126.600000	-65.616000	-184.000000
	126.620000	-68.580000	-166.400000
	126.640000	-71.148000	-147.200000
	126.660000	-73.284000	-127.800000
	126.680000	-75.012000	-107.200000
	126.700000	-76.284000	-85.600000
	126.720000	-77.124000	-64.000000
	126.740000	-77.532000	-42.000000
	126.760000	-77.520000	-20.600000
	126.780000	-77.052000	1.200000
	126.800000	-76.152000	23.000000
	126.820000	-74.832000	44.800000
	126.840000	-73.092000	66.000000
	126.860000	-70.932000	87.000000
	126.880000	-68.352000	108.000000
	126.900000	-65.436000	127.600000
	126.920000	-62.148000	146.400000
	126.940000	-58.500000	164.200000
	126.960000	-54.600000	180.600000
	126.980000	-50.352000	196.600000
	127.000000	-45.828000	211.200000
	127.020000	-41.064000	225.600000
	127.040000	-36.132000	237.000000
	127.060000	-31.080000	245.800000
	127.080000	-25.728000	255.600000
	127.100000	-20.148000	266.400000
	127.120000	-14.376000	278.400000
	127.140000	-8.592000	285.600000
	127.160000	-2.928000	287.000000
	127.180000	2.760000	285.600000
	127.200000	8.424000	283.600000
	127.220000	14.136000	284.400000
	127.240000	19.764000	283.400000
	127.260000	25.284000	281.000000
	127.280000	30.600000	274.400000
	127.300000	35.808000	267.400000
	127.320000	40.848000	259.400000
	127.340000	45.684000	251.400000
	127.360000	50.280000	241.200000
	127.380000	54.624000	229.600000
	127.400000	58.680000	216.600000
	127.420000	62.364000	201.400000
	127.440000	65.736000	185.200000
	127.460000	68.808000	168.800000
	127.480000	71.496000	152.200000
	127.500000	73.836000	135.000000
	127.520000	75.792000	116.400000
	127.540000	77.352000	97.600000
	127.560000	78.492000	77.600000
	127.580000	79.212000	57.000000
	127.600000	79.524000	36.200000
	127.620000	79.428000	15.600000
	127.640000	78.924000	-4.800000
	127.660000	78.012000	-25.200000
	127.680000	76.692000	-45.600000
	127.700000	74.988000	-65.600000
	127.720000	72.888000	-85.400000
	127.740000	70.452000	-104.000000
	127.760000	67.584000	-123.400000
	127.780000	64.428000	-141.000000
	127.800000	60.960000	-158.200000
	127.820000	57.240000	-172.400000
	127.840000	53.184000	-187.400000
	127.860000	48.876000	-201.400000
	127.880000	44.316000	-215.400000
	127.900000	39.612000	-226.200000
	127.920000	34.572000	-238.400000
	127.940000	29.448000	-247.800000
	127.960000	24.120000	-258.200000
	127.980000	18.840000	-262.200000
	128.000000	13.392000	-267.600000
	128.020000	7.968000	-269.200000
	128.040000	2.364000	-274.600000
	128.060000	-3.060000	-274.200000
	128.080000	-8.604000	-276.200000
	128.100000	-13.908000	-271.200000
	128.120000	-19.200000	-269.000000
	128.140000	-24.264000	-261.000000
	128.160000	-29.244000	-255.600000
	128.180000	-34.020000	-247.000000
	128.200000	-38.580000	-238.600000
	128.220000	-42.888000	-227.400000
	128.240000	-46.944000	-215.400000
	128.260000	-50.700000	-202.000000
	128.280000	-54.144000	-187.600000
	128.300000	-57.300000	-172.600000
	128.320000	-60.072000	-156.200000
	128.340000	-62.472000	-138.800000
	128.360000	-64.464000	-119.400000
	128.380000	-66.108000	-100.600000
	128.400000	-67.368000	-81.600000
	128.420000	-68.268000	-63.400000
	128.440000	-68.772000	-44.400000
	128.460000	-68.868000	-25.000000
	128.480000	-68.556000	-4.800000
	128.500000	-67.860000	15.200000
	128.520000	-66.780000	34.800000
	128.540000	-65.328000	53.800000
	128.560000	-63.516000	72.400000
	128.580000	-61.332000	90.800000
	128.600000	-58.836000	108.200000
	128.620000	-55.980000	125.600000
	128.640000	-52.872000	141.000000
	128.660000	-49.368000	157.800000
	128.680000	-45.636000	172.400000
	128.700000	-41.664000	186.800000
	128.720000	-37.512000	197.600000
	128.740000	-33.168000	207.800000
	128.760000	-28.572000	218.200000
	128.780000	-23.832000	228.000000
	128.800000	-18.960000	236.800000
	128.820000	-13.980000	243.200000
	128.840000	-8.988000	247.400000
	128.860000	-3.804000	252.600000
	128.880000	1.332000	255.200000
	128.900000	6.528000	258.600000
	128.920000	11.616000	257.000000
	128.940000	16.716000	256.400000
	128.960000	21.660000	252.200000
	128.980000	26.424000	246.800000
	129.000000	31.044000	238.800000
	129.020000	35.568000	231.800000
	129.040000	39.912000	224.800000
	129.060000	43.992000	215.800000
	129.080000	47.904000	205.600000
	129.100000	51.528000	193.600000
	129.120000	54.936000	182.400000
	129.140000	58.008000	168.400000
	129.160000	60.864000	155.600000
	129.180000	63.360000	140.400000
	129.200000	65.544000	125.600000
	129.220000	67.344000	108.000000
	129.240000	68.820000	91.000000
	129.260000	69.888000	72.400000
	129.280000	70.632000	54.800000
	129.300000	71.004000	36.400000
	129.320000	71.016000	18.800000
	129.340000	70.644000	0.200000
	129.360000	69.912000	-18.200000
	129.380000	68.820000	-36.600000
	129.400000	67.404000	-54.000000
	129.420000	65.640000	-71.200000
	129.440000	63.576000	-87.400000
	129.460000	61.164000	-104.000000
	129.480000	58.488000	-119.200000
	129.500000	55.428000	-135.800000
	129.520000	52.200000	-149.400000
	129.540000	48.612000	-164.600000
	129.560000	44.832000	-176.600000
	129.580000	40.776000	-190.400000
	129.600000	36.576000	-200.600000
	129.620000	32.268000	-209.400000
	129.640000	27.828000	-215.800000
	129.660000	23.256000	-222.000000
	129.680000	18.588000	-228.000000
	129.700000	13.764000	-234.400000
	129.720000	8.892000	-239.400000
	129.740000	3.984000	-243.400000
	129.760000	-0.984000	-245.800000
	129.780000	-5.856000	-245.800000
	129.800000	-10.668000	-244.200000
	129.820000	-15.324000	-239.000000
	129.840000	-19.872000	-233.600000
	129.860000	-24.348000	-228.000000
	129.880000	-28.716000	-223.200000
	129.900000	-32.892000	-217.000000
	129.920000	-36.792000	-207.400000
	129.940000	-40.392000	-194.600000
	129.960000	-43.752000	-181.000000
	129.980000	-46.896000	-168.400000
	130.000000	-49.752000	-156.000000
	130.020000	-52.308000	-142.600000
	130.040000	-54.528000	-127.200000
	130.060000	-56.412000	-111.000000
	130.080000	-57.972000	-94.400000
	130.100000	-59.196000	-77.800000
	130.120000	-60.048000	-60.600000
	130.140000	-60.564000	-43.200000
	130.160000	-60.708000	-25.200000
	130.180000	-60.516000	-7.800000
	130.200000	-59.964000	10.000000
	130.220000	-59.064000	27.400000
	130.240000	-57.828000	44.800000
	130.260000	-56.256000	61.800000
	130.280000	-54.396000	77.800000
	130.300000	-52.212000	93.600000
	130.320000	-49.728000	108.800000
	130.340000	-46.968000	123.800000
	130.360000	-43.992000	137.000000
	130.380000	-40.716000	150.200000
	130.400000	-37.224000	162.400000
	130.420000	-33.528000	174.400000
	130.440000	-29.700000	183.600000
	130.460000	-25.656000	192.800000
	130.480000	-21.408000	202.000000
	130.500000	-17.100000	210.000000
	130.520000	-12.756000	215.000000
	130.540000	-8.280000	218.800000
	130.560000	-3.828000	221.200000
	130.580000	0.708000	224.400000
	130.600000	5.172000	224.200000
	130.620000	9.684000	225.200000
	130.640000	14.148000	224.000000
	130.660000	18.600000	223.800000
	130.680000	22.956000	221.200000
	130.700000	27.120000	216.200000
	130.720000	31.080000	208.000000
	130.740000	34.884000	198.800000
	130.760000	38.580000	191.000000
	130.780000	42.072000	183.200000
	130.800000	45.348000	174.400000
	130.820000	48.348000	162.800000
	130.840000	51.096000	150.400000
	130.860000	53.628000	138.000000
	130.880000	55.908000	126.000000
	130.900000	57.888000	113.200000
	130.920000	59.556000	98.800000
	130.940000	60.888000	83.000000
	130.960000	61.908000	67.000000
	130.980000	62.592000	50.600000
	131.000000	62.976000	34.800000
	131.020000	63.024000	18.600000
	131.040000	62.760000	2.800000
	131.060000	62.172000	-13.400000
	131.080000	61.260000	-29.400000
	131.100000	60.072000	-44.800000
	131.120000	58.548000	-60.400000
	131.140000	56.760000	-75.000000
	131.160000	54.648000	-90.400000
	131.180000	52.320000	-103.800000
	131.200000	49.752000	-116.800000
	131.220000	46.932000	-128.600000
	131.240000	43.860000	-141.000000
	131.260000	40.572000	-153.000000
	131.280000	37.044000	-164.800000
	131.300000	33.372000	-174.800000
	131.320000	29.556000	-183.600000
	131.340000	25.644000	-190.000000
	131.360000	21.576000	-196.600000
	131.380000	17.412000	-202.400000
	131.400000	13.176000	-207.800000
	131.420000	8.940000	-210.600000
	131.440000	4.620000	-213.200000
	131.460000	0.348000	-213.800000
	131.480000	-3.960000	-215.000000
	131.500000	-8.220000	-214.000000
	131.520000	-12.468000	-213.600000
	131.540000	-16.560000	-210.000000
	131.560000	-20.484000	-204.400000
	131.580000	-24.300000	-197.200000
	131.600000	-27.960000	-190.000000
	131.620000	-31.476000	-183.200000
	131.640000	-34.704000	-173.400000
	131.660000	-37.752000	-163.200000
	131.680000	-40.560000	-151.400000
	131.700000	-43.116000	-140.200000
	131.720000	-45.396000	-127.400000
	131.740000	-47.376000	-113.600000
	131.760000	-49.104000	-99.800000
	131.780000	-50.508000	-85.200000
	131.800000	-51.612000	-70.600000
	131.820000	-52.392000	-54.800000
	131.840000	-52.872000	-39.400000
	131.860000	-53.040000	-23.800000
	131.880000	-52.884000	-8.200000
	131.900000	-52.428000	7.400000
	131.920000	-51.660000	23.000000
	131.940000	-50.604000	38.000000
	131.960000	-49.224000	53.400000
	131.980000	-47.580000	68.000000
	132.000000	-45.648000	82.600000
	132.020000	-43.464000	96.000000
	132.040000	-41.076000	108.400000
	132.060000	-38.448000	120.000000
	132.080000	-35.616000	130.800000
	132.100000	-32.556000	142.000000
	132.120000	-29.316000	152.200000
	132.140000	-25.956000	161.000000
	132.160000	-22.404000	169.200000
	132.180000	-18.720000	176.600000
	132.200000	-14.940000	183.600000
	132.220000	-11.076000	188.800000
	132.240000	-7.152000	192.800000
	132.260000	-3.180000	196.000000
	132.280000	0.804000	198.000000
	132.300000	4.728000	198.000000
	132.320000	8.736000	198.600000
	132.340000	12.600000	196.600000
	132.360000	16.512000	196.400000
	132.380000	20.220000	191.400000
	132.400000	23.928000	188.800000
	132.420000	27.456000	182.400000
	132.440000	30.852000	177.200000
	132.460000	34.080000	169.200000
	132.480000	37.128000	161.200000
	132.500000	39.996000	152.400000
	132.520000	42.624000	142.400000
	132.540000	45.036000	131.800000
	132.560000	47.244000	120.800000
	132.580000	49.224000	110.000000
	132.600000	50.940000	98.400000
	132.620000	52.380000	85.600000
	132.640000	53.568000	72.400000
	132.660000	54.468000	58.800000
	132.680000	55.092000	45.200000
	132.700000	55.428000	31.000000
	132.720000	55.488000	17.000000
	132.740000	55.260000	2.800000
	132.760000	54.756000	-11.200000
	132.780000	53.976000	-25.200000
	132.800000	52.932000	-38.800000
	132.820000	51.636000	-52.000000
	132.840000	50.076000	-65.000000
	132.860000	48.264000	-77.800000
	132.880000	46.188000	-90.800000
	132.900000	43.920000	-102.600000
	132.920000	41.436000	-113.800000
	132.940000	38.736000	-124.200000
	132.960000	35.856000	-134.400000
	132.980000	32.844000	-143.200000
	133.000000	29.640000	-151.600000
	133.020000	26.304000	-159.200000
	133.040000	22.848000	-166.600000
	133.060000	19.284000	-172.600000
	133.080000	15.684000	-177.000000
	133.100000	11.976000	-181.200000
	133.120000	8.268000	-183.600000
	133.140000	4.488000	-186.600000
	133.160000	0.696000	-188.000000
	133.180000	-3.072000	-189.000000
	133.200000	-6.804000	-188.200000
	133.220000	-10.464000	-186.000000
	133.240000	-14.040000	-182.800000
	133.260000	-17.520000	-178.600000
	133.280000	-20.880000	-173.600000
	133.300000	-24.048000	-166.800000
	133.320000	-27.096000	-159.600000
	133.340000	-29.952000	-151.200000
	133.360000	-32.652000	-143.400000
	133.380000	-35.112000	-133.600000
	133.400000	-37.320000	-122.800000
	133.420000	-39.312000	-111.000000
	133.440000	-41.040000	-98.800000
	133.460000	-42.552000	-87.200000
	133.480000	-43.764000	-74.200000
	133.500000	-44.736000	-61.600000
	133.520000	-45.408000	-47.600000
	133.540000	-45.816000	-34.200000
	133.560000	-45.948000	-20.200000
	133.580000	-45.804000	-6.600000
	133.600000	-45.384000	7.200000
	133.620000	-44.700000	20.800000
	133.640000	-43.752000	34.200000
	133.660000	-42.564000	47.000000
	133.680000	-41.112000	59.800000
	133.700000	-39.420000	72.200000
	133.720000	-37.464000	85.000000
	133.740000	-35.328000	96.400000
	133.760000	-33.024000	106.600000
	133.780000	-30.492000	116.200000
	133.800000	-27.792000	125.600000
	133.820000	-24.900000	135.400000
	133.840000	-21.948000	142.400000
	133.860000	-18.792000	150.000000
	133.880000	-15.564000	155.600000
	133.900000	-12.216000	162.200000
	133.920000	-8.880000	165.200000
	133.940000	-5.508000	167.600000
	133.960000	-2.148000	167.800000
	133.980000	1.272000	169.200000
	134.000000	4.752000	171.000000
	134.020000	8.208000	172.600000
	134.040000	11.616000	172.400000
	134.060000	15.000000	170.800000
	134.080000	18.312000	168.400000
	134.100000	21.480000	164.400000
	134.120000	24.492000	158.200000
	134.140000	27.384000	151.200000
	134.160000	30.180000	145.000000
	134.180000	32.784000	138.200000
	134.200000	35.256000	131.200000
	134.220000	37.548000	122.800000
	134.240000	39.672000	114.800000
	134.260000	41.568000	105.200000
	134.280000	43.224000	94.600000
	134.300000	44.676000	83.400000
	134.320000	45.900000	72.200000
	134.340000	46.908000	61.400000
	134.360000	47.652000	49.600000
	134.380000	48.156000	37.600000
	134.400000	48.408000	25.000000
	134.420000	48.420000	12.800000
	134.440000	48.204000	0.800000
	134.460000	47.748000	-11.000000
	134.480000	47.028000	-23.200000
	134.500000	46.092000	-35.200000
	134.520000	44.928000	-47.000000
	134.540000	43.560000	-57.800000
	134.560000	41.940000	-69.200000
	134.580000	40.140000	-79.800000
	134.600000	38.136000	-90.400000
	134.620000	35.952000	-99.800000
	134.640000	33.600000	-109.000000
	134.660000	31.080000	-117.600000
	134.680000	28.404000	-125.800000
	134.700000	25.608000	-133.200000
	134.720000	22.704000	-139.600000
	134.740000	19.740000	-144.400000
	134.760000	16.680000	-148.800000
	134.780000	13.548000	-152.600000
	134.800000	10.320000	-157.000000
	134.820000	7.056000	-160.400000
	134.840000	3.780000	-162.800000
	134.860000	0.492000	-163.800000
	134.880000	-2.772000	-163.800000
	134.900000	-6.048000	-163.800000
	134.920000	-9.216000	-161.800000
	134.940000	-12.312000	-159.000000
	134.960000	-15.276000	-153.800000
	134.980000	-18.120000	-148.400000
	135.000000	-20.880000	-142.800000
	135.020000	-23.496000	-137.000000
	135.040000	-25.968000	-130.800000
	135.060000	-28.260000	-123.000000
	135.080000	-30.324000	-113.800000
	135.100000	-32.220000	-104.200000
	135.120000	-33.900000	-94.000000
	135.140000	-35.388000	-84.400000
	135.160000	-36.648000	-73.800000
	135.180000	-37.680000	-63.000000
	135.200000	-38.472000	-51.400000
	135.220000	-39.012000	-39.400000
	135.240000	-39.312000	-27.200000
	135.260000	-39.372000	-15.000000
	135.280000	-39.192000	-3.000000
	135.300000	-38.784000	8.800000
	135.320000	-38.136000	20.600000
	135.340000	-37.260000	32.200000
	135.360000	-36.156000	43.800000
	135.380000	-34.848000	54.800000
	135.400000	-33.324000	65.600000
	135.420000	-31.620000	75.600000
	135.440000	-29.748000	85.000000
	135.460000	-27.720000	93.400000
	135.480000	-25.500000	102.000000
	135.500000	-23.136000	110.200000
	135.520000	-20.628000	118.200000
	135.540000	-18.012000	124.800000
	135.560000	-15.300000	130.600000
	135.580000	-12.504000	135.400000
	135.600000	-9.660000	139.200000
	135.620000	-6.732000	142.800000
	135.640000	-3.756000	145.800000
	135.660000	-0.720000	149.000000
	135.680000	2.292000	150.400000
	135.700000	5.280000	150.600000
	135.720000	8.232000	149.200000
	135.740000	11.148000	147.600000
	135.760000	13.968000	144.800000
	135.780000	16.764000	142.200000
	135.800000	19.464000	138.600000
	135.820000	22.080000	135.200000
	135.840000	24.540000	129.600000
	135.860000	26.916000	124.200000
	135.880000	29.148000	117.800000
	135.900000	31.224000	111.400000
	135.920000	33.132000	103.600000
	135.940000	34.884000	95.600000
	135.960000	36.456000	87.200000
	135.980000	37.824000	78.200000
	136.000000	39.012000	68.800000
	136.020000	39.996000	59.000000
	136.040000	40.788000	49.400000
	136.060000	41.364000	39.200000
	136.080000	41.736000	29.000000
	136.100000	41.892000	18.400000
	136.120000	41.844000	8.000000
	136.140000	41.568000	-2.800000
	136.160000	41.100000	-13.200000
	136.180000	40.440000	-23.400000
	136.200000	39.564000	-33.400000
	136.220000	38.520000	-43.000000
	136.240000	37.272000	-52.800000
	136.260000	35.868000	-61.600000
	136.280000	34.272000	-70.800000
	136.300000	32.484000	-79.800000
	136.320000	30.564000	-88.400000
	136.340000	28.476000	-96.600000
	136.360000	26.340000	-102.400000
	136.380000	24.024000	-109.000000
	136.400000	21.636000	-114.000000
	136.420000	19.128000	-120.200000
	136.440000	16.524000	-125.000000
	136.460000	13.848000	-129.800000
	136.480000	11.076000	-134.200000
	136.500000	8.340000	-136.400000
	136.520000	5.532000	-138.600000
	136.540000	2.712000	-139.400000
	136.560000	-0.096000	-140.600000
	136.580000	-2.880000	-140.200000
	136.600000	-5.592000	-138.400000
	136.620000	-8.328000	-137.200000
	136.640000	-10.920000	-134.000000
	136.660000	-13.464000	-131.200000
	136.680000	-15.840000	-125.200000
	136.700000	-18.204000	-121.400000
	136.720000	-20.412000	-115.800000
	136.740000	-22.512000	-111.200000
	136.760000	-24.396000	-103.200000
	136.780000	-26.136000	-95.400000
	136.800000	-27.708000	-86.600000
	136.820000	-29.100000	-78.400000
	136.840000	-30.300000	-69.400000
	136.860000	-31.284000	-59.600000
	136.880000	-32.088000	-49.800000
	136.900000	-32.688000	-39.800000
	136.920000	-33.084000	-30.000000
	136.940000	-33.264000	-19.600000
	136.960000	-33.240000	-9.200000
	136.980000	-33.012000	1.200000
	137.000000	-32.580000	11.400000
	137.020000	-31.956000	21.400000
	137.040000	-31.116000	31.600000
	137.060000	-30.108000	41.200000
	137.080000	-28.920000	50.600000
	137.100000	-27.600000	58.600000
	137.120000	-26.100000	66.800000
	137.140000	-24.396000	75.400000
	137.160000	-22.548000	84.200000
	137.180000	-20.592000	91.800000
	137.200000	-18.552000	97.400000
	137.220000	-16.368000	103.000000
	137.240000	-14.100000	108.200000
	137.260000	-11.772000	113.000000
	137.280000	-9.384000	116.400000
	137.300000	-6.900000	120.000000
	137.320000	-4.380000	123.200000
	137.340000	-1.800000	126.400000
	137.360000	0.720000	127.000000
	137.380000	3.312000	128.200000
	137.400000	5.820000	127.000000
	137.420000	8.376000	127.600000
	137.440000	10.812000	125.000000
	137.460000	13.224000	123.400000
	137.480000	15.528000	119.200000
	137.500000	17.796000	116.400000
	137.520000	19.944000	112.000000
	137.540000	22.020000	108.200000
	137.560000	23.976000	103.000000
	137.580000	25.836000	98.200000
	137.600000	27.552000	92.200000
	137.620000	29.124000	85.800000
	137.640000	30.540000	78.400000
	137.660000	31.800000	70.800000
	137.680000	32.892000	62.800000
	137.700000	33.816000	54.600000
	137.720000	34.572000	46.200000
	137.740000	35.160000	37.800000
	137.760000	35.568000	29.200000
	137.780000	35.796000	20.400000
	137.800000	35.832000	11.200000
	137.820000	35.700000	2.200000
	137.840000	35.388000	-6.800000
	137.860000	34.908000	-15.400000
	137.880000	34.248000	-24.200000
	137.900000	33.432000	-32.600000
	137.920000	32.460000	-40.800000
	137.940000	31.356000	-48.200000
	137.960000	30.084000	-55.800000
	137.980000	28.668000	-63.200000
	138.000000	27.108000	-70.800000
	138.020000	25.428000	-77.600000
	138.040000	23.616000	-84.200000
	138.060000	21.684000	-90.400000
	138.080000	19.644000	-96.400000
	138.100000	17.580000	-100.600000
	138.120000	15.432000	-104.200000
	138.140000	13.224000	-107.000000
	138.160000	10.872000	-111.800000
	138.180000	8.544000	-114.800000
	138.200000	6.192000	-117.200000
	138.220000	3.840000	-117.200000
	138.240000	1.452000	-118.200000
	138.260000	-0.924000	-118.600000
	138.280000	-3.228000	-117.800000
	138.300000	-5.532000	-116.400000
	138.320000	-7.752000	-113.800000
	138.340000	-9.948000	-112.000000
	138.360000	-12.060000	-108.800000
	138.380000	-14.088000	-105.600000
	138.400000	-16.008000	-101.000000
	138.420000	-17.796000	-95.600000
	138.440000	-19.476000	-89.800000
	138.460000	-21.024000	-83.600000
	138.480000	-22.428000	-77.200000
	138.500000	-23.700000	-70.400000
	138.520000	-24.780000	-62.600000
	138.540000	-25.704000	-54.600000
	138.560000	-26.448000	-45.800000
	138.580000	-27.036000	-37.600000
	138.600000	-27.456000	-29.200000
	138.620000	-27.684000	-20.600000
	138.640000	-27.744000	-11.800000
	138.660000	-27.624000	-2.800000
	138.680000	-27.324000	6.000000
	138.700000	-26.844000	15.000000
	138.720000	-26.208000	23.600000
	138.740000	-25.440000	31.400000
	138.760000	-24.516000	38.800000
	138.780000	-23.448000	46.000000
	138.800000	-22.212000	53.800000
	138.820000	-20.844000	61.200000
	138.840000	-19.332000	68.600000
	138.860000	-17.724000	74.800000
	138.880000	-16.008000	80.600000
	138.900000	-14.220000	85.200000
	138.920000	-12.336000	89.800000
	138.940000	-10.368000	94.000000
	138.960000	-8.316000	98.400000
	138.980000	-6.228000	101.800000
	139.000000	-4.140000	103.800000
	139.020000	-2.016000	105.000000
	139.040000	0.144000	106.200000
	139.060000	2.304000	107.400000
	139.080000	4.452000	107.800000
	139.100000	6.552000	106.800000
	139.120000	8.676000	106.200000
	139.140000	10.728000	104.600000
	139.160000	12.732000	103.000000
	139.180000	14.640000	99.400000
	139.200000	16.476000	95.800000
	139.220000	18.276000	92.400000
	139.240000	19.968000	88.800000
	139.260000	21.576000	85.000000
	139.280000	23.040000	79.400000
	139.300000	24.372000	73.400000
	139.320000	25.584000	66.800000
	139.340000	26.676000	60.600000
	139.360000	27.660000	54.800000
	139.380000	28.488000	48.400000
	139.400000	29.160000	41.400000
	139.420000	29.688000	33.800000
	139.440000	30.072000	26.400000
	139.460000	30.300000	19.000000
	139.480000	30.372000	11.400000
	139.500000	30.300000	3.800000
	139.520000	30.072000	-3.800000
	139.540000	29.700000	-11.200000
	139.560000	29.184000	-18.600000
	139.580000	28.524000	-25.800000
	139.600000	27.732000	-32.800000
	139.620000	26.820000	-39.400000
	139.640000	25.800000	-45.400000
	139.660000	24.636000	-51.600000
	139.680000	23.364000	-57.600000
	139.700000	21.948000	-64.200000
	139.720000	20.460000	-69.600000
	139.740000	18.852000	-75.200000
	139.760000	17.208000	-79.000000
	139.780000	15.468000	-83.200000
	139.800000	13.656000	-86.600000
	139.820000	11.820000	-89.800000
	139.840000	9.912000	-92.600000
	139.860000	7.992000	-94.400000
	139.880000	6.024000	-96.600000
	139.900000	4.068000	-97.400000
	139.920000	2.088000	-98.400000
	139.940000	0.072000	-99.200000
	139.960000	-1.896000	-99.400000
	139.980000	-3.840000	-98.800000
	140.000000	-5.736000	-96.800000
	140.020000	-7.584000	-94.800000
	140.040000	-9.336000	-91.600000
	140.060000	-11.016000	-88.000000
	140.080000	-12.636000	-84.200000
	140.100000	-14.184000	-80.800000
	140.120000	-15.624000	-76.800000
	140.140000	-16.920000	-71.400000
	140.160000	-18.108000	-65.400000
	140.180000	-19.164000	-59.000000
	140.200000	-20.124000	-53.400000
	140.220000	-20.928000	-47.000000
	140.240000	-21.588000	-40.400000
	140.260000	-22.104000	-33.000000
	140.280000	-22.464000	-25.600000
	140.300000	-22.680000	-18.200000
	140.320000	-22.740000	-10.600000
	140.340000	-22.668000	-3.400000
	140.360000	-22.452000	3.800000
	140.380000	-22.092000	10.800000
	140.400000	-21.600000	17.800000
	140.420000	-20.964000	24.800000
	140.440000	-20.208000	31.400000
	140.460000	-19.308000	38.200000
	140.480000	-18.312000	44.200000
	140.500000	-17.184000	50.400000
	140.520000	-15.960000	55.800000
	140.540000	-14.640000	61.200000
	140.560000	-13.224000	66.000000
	140.580000	-11.724000	70.600000
	140.600000	-10.152000	74.800000
	140.620000	-8.520000	78.400000
	140.640000	-6.852000	81.200000
	140.660000	-5.148000	83.400000
	140.680000	-3.408000	85.200000
	140.700000	-1.620000	87.200000
	140.720000	0.216000	89.400000
	140.740000	2.028000	90.600000
	140.760000	3.804000	90.400000
	140.780000	5.556000	89.000000
	140.800000	7.332000	88.400000
	140.820000	9.072000	87.800000
	140.840000	10.752000	86.600000
	140.860000	12.348000	83.600000
	140.880000	13.908000	80.600000
	140.900000	15.396000	77.400000
	140.920000	16.812000	74.400000
	140.940000	18.132000	70.400000
	140.960000	19.356000	66.000000
	140.980000	20.484000	61.200000
	141.000000	21.504000	56.200000
	141.020000	22.428000	51.200000
	141.040000	23.232000	45.800000
	141.060000	23.928000	40.400000
	141.080000	24.504000	34.600000
	141.100000	24.948000	28.600000
	141.120000	25.260000	22.200000
	141.140000	25.452000	15.800000
	141.160000	25.512000	9.400000
	141.180000	25.452000	3.200000
	141.200000	25.260000	-3.200000
	141.220000	24.948000	-9.400000
	141.240000	24.528000	-15.400000
	141.260000	24.000000	-21.000000
	141.280000	23.364000	-26.400000
	141.300000	22.596000	-32.200000
	141.320000	21.732000	-37.800000
	141.340000	20.772000	-43.200000
	141.360000	19.728000	-47.800000
	141.380000	18.576000	-52.600000
	141.400000	17.340000	-57.200000
	141.420000	16.008000	-62.000000
	141.440000	14.616000	-66.000000
	141.460000	13.176000	-69.400000
	141.480000	11.688000	-72.000000
	141.500000	10.164000	-74.200000
	141.520000	8.580000	-76.600000
	141.540000	6.960000	-78.800000
	141.560000	5.304000	-81.000000
	141.580000	3.648000	-82.200000
	141.600000	2.028000	-82.200000
	141.620000	0.408000	-81.600000
	141.640000	-1.212000	-81.000000
	141.660000	-2.832000	-81.000000
	141.680000	-4.392000	-80.000000
	141.700000	-5.892000	-78.000000
	141.720000	-7.344000	-75.200000
	141.740000	-8.760000	-72.800000
	141.760000	-10.104000	-70.200000
	141.780000	-11.376000	-67.200000
	141.800000	-12.528000	-62.800000
	141.820000	-13.608000	-58.400000
	141.840000	-14.580000	-53.400000
	141.860000	-15.492000	-49.400000
	141.880000	-16.272000	-44.400000
	141.900000	-16.932000	-39.200000
	141.920000	-17.460000	-32.800000
	141.940000	-17.880000	-26.800000
	141.960000	-18.180000	-20.800000
	141.980000	-18.348000	-14.800000
	142.000000	-18.396000	-8.600000
	142.020000	-18.324000	-2.400000
	142.040000	-18.132000	3.600000
	142.060000	-17.820000	9.600000
	142.080000	-17.400000	15.400000
	142.100000	-16.872000	21.000000
	142.120000	-16.248000	26.200000
	142.140000	-15.504000	31.600000
	142.160000	-14.664000	36.800000
	142.180000	-13.740000	41.800000
	142.200000	-12.708000	46.600000
	142.220000	-11.616000	50.800000
	142.240000	-10.428000	55.200000
	142.260000	-9.216000	58.200000
	142.280000	-7.932000	61.400000
	142.300000	-6.600000	63.800000
	142.320000	-5.208000	66.800000
	142.340000	-3.756000	69.600000
	142.360000	-2.292000	71.800000
	142.380000	-0.804000	73.400000
	142.400000	0.660000	73.600000
	142.420000	2.148000	74.000000
	142.440000	3.612000	73.600000
	142.460000	5.088000	73.800000
	142.480000	6.516000	72.800000
	142.500000	7.956000	72.400000
	142.520000	9.336000	70.800000
	142.540000	10.692000	69.600000
	142.560000	11.952000	66.600000
	142.580000	13.176000	64.000000
	142.600000	14.316000	60.400000
	142.620000	15.396000	57.400000
	142.640000	16.380000	53.400000
	142.660000	17.316000	50.000000
	142.680000	18.156000	46.000000
	142.700000	18.900000	42.000000
	142.720000	19.536000	37.000000
	142.740000	20.076000	32.000000
	142.760000	20.520000	27.000000
	142.780000	20.856000	22.000000
	142.800000	21.096000	17.000000
	142.820000	21.240000	12.000000
	142.840000	21.276000	7.000000
	142.860000	21.192000	1.600000
	142.880000	21.012000	-3.800000
	142.900000	20.724000	-9.200000
	142.920000	20.364000	-13.800000
	142.940000	19.896000	-18.600000
	142.960000	19.344000	-23.000000
	142.980000	18.684000	-28.000000
	143.000000	17.952000	-32.400000
	143.020000	17.148000	-36.600000
	143.040000	16.272000	-40.200000
	143.060000	15.312000	-44.000000
	143.080000	14.268000	-48.000000
	143.100000	13.176000	-51.600000
	143.120000	12.024000	-54.800000
	143.140000	10.848000	-57.000000
	143.160000	9.612000	-59.400000
	143.180000	8.340000	-61.400000
	143.200000	7.032000	-63.600000
	143.220000	5.712000	-65.000000
	143.240000	4.380000	-66.000000
	143.260000	3.024000	-66.800000
	143.280000	1.680000	-67.200000
	143.300000	0.360000	-67.000000
	143.320000	-0.948000	-66.200000
	143.340000	-2.232000	-65.200000
	143.360000	-3.504000	-64.400000
	143.380000	-4.728000	-63.000000
	143.400000	-5.928000	-61.600000
	143.420000	-7.056000	-59.200000
	143.440000	-8.124000	-56.600000
	143.460000	-9.120000	-53.200000
	143.480000	-10.056000	-50.000000
	143.500000	-10.920000	-46.600000
	143.520000	-11.700000	-43.000000
	143.540000	-12.384000	-38.800000
	143.560000	-12.972000	-34.200000
	143.580000	-13.476000	-29.600000
	143.600000	-13.896000	-25.200000
	143.620000	-14.208000	-20.600000
	143.640000	-14.424000	-15.800000
	143.660000	-14.532000	-10.600000
	143.680000	-14.544000	-5.600000
	143.700000	-14.448000	-0.400000
	143.720000	-14.256000	4.600000
	143.740000	-13.980000	9.400000
	143.760000	-13.608000	14.000000
	143.780000	-13.152000	18.400000
	143.800000	-12.612000	22.800000
	143.820000	-12.000000	26.800000
	143.840000	-11.292000	31.000000
	143.860000	-10.524000	34.800000
	143.880000	-9.684000	38.600000
	143.900000	-8.796000	41.600000
	143.920000	-7.848000	44.600000
	143.940000	-6.840000	47.400000
	143.960000	-5.784000	50.200000
	143.980000	-4.692000	52.600000
	144.000000	-3.564000	54.600000
	144.020000	-2.424000	56.000000
	144.040000	-1.212000	58.000000
	144.060000	-0.012000	59.200000
	144.080000	1.200000	60.400000
	144.100000	2.388000	60.000000
	144.120000	3.588000	60.000000
	144.140000	4.776000	59.600000
	144.160000	5.940000	59.200000
	144.180000	7.080000	58.200000
	144.200000	8.184000	56.800000
	144.220000	9.240000	55.000000
	144.240000	10.248000	52.800000
	144.260000	11.220000	50.600000
	144.280000	12.144000	48.400000
	144.300000	12.996000	45.800000
	144.320000	13.776000	42.600000
	144.340000	14.496000	39.200000
	144.360000	15.144000	35.800000
	144.380000	15.720000	32.400000
	144.400000	16.212000	28.600000
	144.420000	16.620000	24.600000
	144.440000	16.944000	20.400000
	144.460000	17.172000	16.000000
	144.480000	17.328000	11.800000
	144.500000	17.400000	7.600000
	144.520000	17.388000	3.600000
	144.540000	17.292000	-0.600000
	144.560000	17.112000	-4.800000
	144.580000	16.860000	-8.800000
	144.600000	16.512000	-13.000000
	144.620000	16.092000	-17.000000
	144.640000	15.612000	-20.800000
	144.660000	15.072000	-24.000000
	144.680000	14.460000	-27.200000
	144.700000	13.776000	-30.600000
	144.720000	13.044000	-33.800000
	144.740000	12.264000	-36.600000
	144.760000	11.424000	-39.200000
	144.780000	10.536000	-41.800000
	144.800000	9.588000	-44.600000
	144.820000	8.604000	-47.000000
	144.840000	7.596000	-49.000000
	144.860000	6.588000	-50.000000
	144.880000	5.556000	-50.800000
	144.900000	4.500000	-51.600000
	144.920000	3.432000	-52.600000
	144.940000	2.376000	-53.000000
	144.960000	1.308000	-53.200000
	144.980000	0.252000	-53.000000
	145.000000	-0.804000	-53.000000
	145.020000	-1.824000	-52.200000
	145.040000	-2.832000	-51.400000
	145.060000	-3.792000	-49.800000
	145.080000	-4.704000	-48.000000
	145.100000	-5.568000	-45.600000
	145.120000	-6.372000	-43.000000
	145.140000	-7.128000	-40.400000
	145.160000	-7.824000	-37.600000
	145.180000	-8.484000	-35.200000
	145.200000	-9.072000	-32.400000
	145.220000	-9.588000	-29.400000
	145.240000	-10.020000	-25.600000
	145.260000	-10.368000	-21.600000
	145.280000	-10.644000	-17.600000
	145.300000	-10.836000	-13.600000
	145.320000	-10.956000	-9.800000
	145.340000	-10.992000	-5.800000
	145.360000	-10.956000	-2.000000
	145.380000	-10.836000	2.000000
	145.400000	-10.644000	5.800000
	145.420000	-10.380000	9.600000
	145.440000	-10.056000	13.000000
	145.460000	-9.672000	16.200000
	145.480000	-9.216000	19.400000
	145.500000	-8.688000	22.800000
	145.520000	-8.112000	26.000000
	145.540000	-7.488000	28.800000
	145.560000	-6.828000	31.000000
	145.580000	-6.108000	33.400000
	145.600000	-5.340000	35.800000
	145.620000	-4.536000	38.200000
	145.640000	-3.684000	40.400000
	145.660000	-2.808000	42.200000
	145.680000	-1.896000	44.000000
	145.700000	-0.984000	45.000000
	145.720000	-0.060000	45.800000
	145.740000	0.876000	46.200000
	145.760000	1.812000	46.600000
	145.780000	2.760000	47.000000
	145.800000	3.696000	47.000000
	145.820000	4.620000	46.800000
	145.840000	5.520000	46.000000
	145.860000	6.396000	45.000000
	145.880000	7.260000	44.000000
	145.900000	8.064000	42.400000
	145.920000	8.820000	40.400000
	145.940000	9.540000	38.000000
	145.960000	10.224000	36.000000
	145.980000	10.860000	34.000000
	146.000000	11.424000	31.400000
	146.020000	11.952000	28.800000
	146.040000	12.420000	26.000000
	146.060000	12.828000	23.400000
	146.080000	13.164000	20.200000
	146.100000	13.428000	16.800000
	146.120000	13.632000	13.400000
	146.140000	13.764000	10.000000
	146.160000	13.836000	6.800000
	146.180000	13.836000	3.400000
	146.200000	13.764000	-2.975398E-14
	146.220000	13.632000	-3.400000
	146.240000	13.440000	-6.600000
	146.260000	13.188000	-9.600000
	146.280000	12.876000	-12.600000
	146.300000	12.516000	-15.400000
	146.320000	12.108000	-18.000000
	146.340000	11.652000	-20.400000
	146.360000	11.136000	-23.000000
	146.380000	10.584000	-25.400000
	146.400000	9.972000	-28.000000
	146.420000	9.336000	-30.000000
	146.440000	8.652000	-32.200000
	146.460000	7.944000	-33.800000
	146.480000	7.212000	-35.400000
	146.500000	6.456000	-36.600000
	146.520000	5.688000	-37.600000
	146.540000	4.884000	-38.800000
	146.560000	4.080000	-39.600000
	146.580000	3.252000	-40.600000
	146.600000	2.436000	-40.800000
	146.620000	1.620000	-41.000000
	146.640000	0.828000	-40.400000
	146.660000	0.036000	-40.000000
	146.680000	-0.744000	-39.400000
	146.700000	-1.512000	-39.000000
	146.720000	-2.244000	-38.000000
	146.740000	-2.928000	-36.400000
	146.760000	-3.588000	-34.600000
	146.780000	-4.200000	-32.600000
	146.800000	-4.788000	-31.000000
	146.820000	-5.316000	-28.800000
	146.840000	-5.808000	-26.800000
	146.860000	-6.240000	-24.200000
	146.880000	-6.612000	-21.600000
	146.900000	-6.924000	-18.600000
	146.920000	-7.188000	-15.800000
	146.940000	-7.392000	-13.000000
	146.960000	-7.548000	-10.400000
	146.980000	-7.632000	-7.400000
	147.000000	-7.656000	-4.400000
	147.020000	-7.620000	-1.200000
	147.040000	-7.536000	1.600000
	147.060000	-7.392000	4.400000
	147.080000	-7.188000	7.200000
	147.100000	-6.936000	10.000000
	147.120000	-6.636000	12.600000
	147.140000	-6.300000	14.800000
	147.160000	-5.916000	17.000000
	147.180000	-5.484000	19.200000
	147.200000	-5.016000	21.400000
	147.220000	-4.500000	23.600000
	147.240000	-3.984000	25.000000
	147.260000	-3.420000	26.600000
	147.280000	-2.832000	27.800000
	147.300000	-2.196000	29.800000
	147.320000	-1.536000	31.400000
	147.340000	-0.876000	32.600000
	147.360000	-0.204000	33.200000
	147.380000	0.468000	33.400000
	147.400000	1.164000	34.000000
	147.420000	1.860000	34.400000
	147.440000	2.568000	35.000000
	147.460000	3.252000	34.800000
	147.480000	3.924000	34.400000
	147.500000	4.572000	33.400000
	147.520000	5.208000	32.600000
	147.540000	5.820000	31.600000
	147.560000	6.408000	30.600000
	147.580000	6.960000	29.200000
	147.600000	7.488000	27.800000
	147.620000	7.980000	26.200000
	147.640000	8.448000	24.800000
	147.660000	8.868000	23.000000
	147.680000	9.240000	21.000000
	147.700000	9.564000	18.600000
	147.720000	9.852000	16.400000
	147.740000	10.092000	14.200000
	147.760000	10.284000	12.000000
	147.780000	10.416000	9.400000
	147.800000	10.500000	6.800000
	147.820000	10.524000	4.000000
	147.840000	10.500000	1.400000
	147.860000	10.428000	-1.200000
	147.880000	10.320000	-3.400000
	147.900000	10.164000	-5.600000
	147.920000	9.960000	-7.800000
	147.940000	9.708000	-10.200000
	147.960000	9.432000	-12.200000
	147.980000	9.120000	-14.000000
	148.000000	8.784000	-15.400000
	148.020000	8.400000	-17.200000
	148.040000	7.992000	-18.800000
	148.060000	7.548000	-20.600000
	148.080000	7.092000	-21.800000
	148.100000	6.600000	-23.200000
	148.120000	6.084000	-24.400000
	148.140000	5.544000	-25.800000
	148.160000	5.004000	-26.600000
	148.180000	4.452000	-27.200000
	148.200000	3.888000	-27.600000
	148.220000	3.300000	-28.400000
	148.240000	2.724000	-28.800000
	148.260000	2.136000	-29.200000
	148.280000	1.584000	-28.600000
	148.300000	1.020000	-28.400000
	148.320000	0.480000	-27.600000
	148.340000	-0.060000	-27.400000
	148.360000	-0.576000	-26.600000
	148.380000	-1.068000	-25.800000
	148.400000	-1.548000	-24.800000
	148.420000	-1.992000	-23.600000
	148.440000	-2.412000	-22.400000
	148.460000	-2.796000	-20.800000
	148.480000	-3.144000	-19.200000
	148.500000	-3.456000	-17.400000
	148.520000	-3.732000	-15.600000
	148.540000	-3.972000	-13.800000
	148.560000	-4.164000	-11.800000
	148.580000	-4.308000	-9.600000
	148.600000	-4.416000	-7.400000
	148.620000	-4.476000	-5.200000
	148.640000	-4.500000	-3.200000
	148.660000	-4.476000	-1.000000
	148.680000	-4.416000	1.000000
	148.700000	-4.308000	3.200000
	148.720000	-4.164000	5.200000
	148.740000	-3.984000	7.200000
	148.760000	-3.780000	8.800000
	148.780000	-3.540000	10.400000
	148.800000	-3.276000	11.800000
	148.820000	-2.976000	13.400000
	148.840000	-2.652000	14.800000
	148.860000	-2.316000	16.000000
	148.880000	-1.944000	17.200000
	148.900000	-1.560000	18.200000
	148.920000	-1.152000	19.400000
	148.940000	-0.744000	20.000000
	148.960000	-0.312000	20.800000
	148.980000	0.120000	21.200000
	149.000000	0.564000	21.800000
	149.020000	1.020000	22.200000
	149.040000	1.488000	22.800000
	149.060000	1.944000	23.000000
	149.080000	2.388000	22.800000
	149.100000	2.832000	22.400000
	149.120000	3.264000	22.000000
	149.140000	3.684000	21.600000
	149.160000	4.104000	21.200000
	149.180000	4.512000	20.800000
	149.200000	4.896000	20.200000
	149.220000	5.256000	19.200000
	149.240000	5.592000	18.000000
	149.260000	5.904000	16.800000
	149.280000	6.192000	15.600000
	149.300000	6.456000	14.400000
	149.320000	6.696000	13.200000
	149.340000	6.888000	11.600000
	149.360000	7.056000	10.000000
	149.380000	7.188000	8.200000
	149.400000	7.296000	6.800000
	149.420000	7.368000	5.200000
	149.440000	7.404000	3.600000
	149.460000	7.404000	1.800000
	149.480000	7.368000	0.000000
	149.500000	7.308000	-1.600000
	149.520000	7.212000	-3.200000
	149.540000	7.092000	-4.600000
	149.560000	6.936000	-6.200000
	149.580000	6.768000	-7.400000
	149.600000	6.576000	-8.600000
	149.620000	6.372000	-9.400000
	149.640000	6.132000	-10.600000
	149.660000	5.880000	-11.600000
	149.680000	5.604000	-12.800000
	149.700000	5.328000	-13.400000
	149.720000	5.040000	-14.000000
	149.740000	4.740000	-14.400000
	149.760000	4.428000	-15.000000
	149.780000	4.104000	-15.600000
	149.800000	3.780000	-16.000000
	149.820000	3.456000	-16.200000
	149.840000	3.120000	-16.400000
	149.860000	2.796000	-16.400000
	149.880000	2.460000	-16.600000
	149.900000	2.136000	-16.400000
	149.920000	1.800000	-16.600000
	149.940000	1.476000	-16.400000
	149.960000	1.164000	-16.200000
	149.980000	0.852000	-15.800000
	150.000000	0.564000	-15.200000
	150.020000	0.288000	-14.600000
	150.040000	0.036000	-13.600000
	150.060000	-0.216000	-13.000000
	150.080000	-0.444000	-12.200000
	150.100000	-0.648000	-11.400000
	150.120000	-0.828000	-10.200000
	150.140000	-0.984000	-9.000000
	150.160000	-1.116000	-7.800000
	150.180000	-1.224000	-6.600000
	150.200000	-1.308000	-5.400000
	150.220000	-1.368000	-4.200000
	150.240000	-1.392000	-2.800000
	150.260000	-1.404000	-1.600000
	150.280000	-1.392000	-0.400000
	150.300000	-1.356000	0.600000
	150.320000	-1.296000	1.800000
	150.340000	-1.212000	3.000000
	150.360000	-1.104000	4.200000
	150.380000	-0.984000	5.200000
	150.400000	-0.840000	6.200000
	150.420000	-0.696000	6.800000
	150.440000	-0.528000	7.600000
	150.460000	-0.360000	8.000000
	150.480000	-0.168000	8.800000
	150.500000	0.024000	9.200000
	150.520000	0.228000	9.800000
	150.540000	0.432000	10.000000
	150.560000	0.648000	10.400000
	150.580000	0.852000	10.400000
	150.600000	1.056000	10.400000
	150.620000	1.260000	10.200000
	150.640000	1.476000	10.400000
	150.660000	1.692000	10.600000
	150.680000	1.896000	10.600000
	150.700000	2.088000	10.200000
	150.720000	2.280000	9.800000
	150.740000	2.472000	9.600000
	150.760000	2.664000	9.600000
	150.780000	2.844000	9.400000
	150.800000	3.024000	9.200000
	150.820000	3.192000	8.800000
	150.840000	3.348000	8.400000
	150.860000	3.492000	7.800000
	150.880000	3.636000	7.400000
	150.900000	3.756000	6.800000
	150.920000	3.864000	6.200000
	150.940000	3.948000	5.200000
	150.960000	4.032000	4.600000
	150.980000	4.092000	3.800000
	151.000000	4.140000	3.200000
	151.020000	4.164000	2.200000
	151.040000	4.176000	1.400000
	151.060000	4.164000	0.400000
	151.080000	4.152000	-0.200000
	151.100000	4.116000	-1.000000
	151.120000	4.080000	-1.400000
	151.140000	4.020000	-2.200000
	151.160000	3.960000	-2.600000
	151.180000	3.888000	-3.200000
	151.200000	3.804000	-3.600000
	151.220000	3.720000	-4.000000
	151.240000	3.624000	-4.400000
	151.260000	3.528000	-4.600000
	151.280000	3.420000	-5.000000
	151.300000	3.312000	-5.200000
	151.320000	3.204000	-5.400000
	151.340000	3.084000	-5.600000
	151.360000	2.964000	-5.800000
	151.380000	2.856000	-5.800000
	151.400000	2.760000	-5.400000
	151.420000	2.664000	-5.000000
	151.440000	2.568000	-4.800000
	151.460000	2.472000	-4.800000
	151.480000	2.388000	-4.600000
	151.500000	2.304000	-4.400000
	151.520000	2.244000	-3.800000
	151.540000	2.184000	-3.400000
	151.560000	2.136000	-2.800000
	151.580000	2.100000	-2.400000
	151.600000	2.076000	-1.800000
	151.620000	2.064000	-1.200000
	151.640000	2.052000	-0.800000
	151.660000	2.052000	-0.400000
	151.680000	2.052000	-0.200000
	151.700000	2.064000	0.200000
	151.720000	2.088000	0.600000
	151.740000	2.124000	1.200000
	151.760000	2.160000	1.600000
	151.780000	2.196000	1.800000
	151.800000	2.232000	1.800000
	151.820000	2.268000	1.800000
	151.840000	2.304000	1.800000
	151.860000	2.340000	1.800000
	151.880000	2.376000	1.800000
	151.900000	2.412000	1.800000
	151.920000	2.448000	1.800000
	151.940000	2.484000	1.800000
	151.960000	2.520000	1.800000
	151.980000	2.556000	1.800000
	152.000000	2.580000	1.600000
	152.020000	2.604000	1.400000
	152.040000	2.616000	1.000000
	152.060000	2.628000	0.800000
	152.080000	2.640000	0.600000
	152.100000	2.652000	0.600000
	152.120000	2.664000	0.600000
	152.140000	2.652000	0.200000
	152.160000	2.640000	-0.200000
	152.180000	2.628000	-0.600000
	152.200000	2.628000	-0.400000
	152.220000	2.616000	-0.400000
	152.240000	2.604000	-0.400000
	152.260000	2.592000	-0.600000
	152.280000	2.580000	-0.600000
	152.300000	2.568000	-0.600000
	152.320000	2.556000	-0.600000
	152.340000	2.544000	-0.600000
	152.360000	2.532000	-0.600000
	152.380000	2.520000	-0.600000
	152.400000	2.508000	-0.600000
	152.420000	2.496000	-0.600000
	152.440000	2.484000	-0.600000
	152.460000	2.484000	-0.400000
	152.480000	2.484000	-0.200000
	152.500000	2.484000	0.000000
	152.520000	2.484000	0.000000
	152.540000	2.484000	0.000000
	152.560000	2.484000	0.000000
	152.580000	2.484000	0.000000
	152.600000	2.484000	0.000000
	152.620000	2.484000	0.000000
	152.640000	2.484000	0.000000
	152.660000	2.484000	0.000000
	152.680000	2.484000	0.000000
	152.700000	2.484000	0.000000
	152.720000	2.484000	0.000000
	152.740000	2.484000	0.000000
	152.760000	2.484000	0.000000
	152.780000	2.484000	0.000000
	152.800000	2.484000	0.000000
	152.820000	2.484000	0.000000
	152.840000	2.484000	0.000000
	152.860000	2.484000	0.000000
	152.880000	2.484000	0.000000
	152.900000	2.484000	0.000000
	152.920000	2.484000	0.000000
	152.940000	2.484000	0.000000
	152.960000	2.484000	0.000000
	152.980000	2.484000	0.000000
	153.000000	2.484000	0.000000
	153.020000	2.484000	0.000000
	153.040000	2.484000	0.000000
	153.060000	2.484000	0.000000
	153.080000	2.484000	0.000000
	153.100000	2.484000	0.000000
	153.120000	2.484000	0.000000
	153.140000	2.484000	0.000000
	153.160000	2.484000	0.000000
	153.180000	2.484000	0.000000
	153.200000	2.484000	0.000000
	153.220000	2.484000	0.000000
	153.240000	2.484000	0.000000
	153.260000	2.484000	0.000000
	153.280000	2.484000	0.000000
	153.300000	2.484000	0.000000
	153.320000	2.484000	0.000000
	153.340000	2.484000	0.000000
	153.360000	2.484000	0.000000
	153.380000	2.484000	0.000000
	153.400000	2.484000	0.000000
	153.420000	2.484000	0.000000
	153.440000	2.484000	0.000000
	153.460000	2.484000	0.000000
	153.480000	2.484000	0.000000
	153.500000	2.484000	0.000000
	153.520000	2.484000	0.000000
	153.540000	2.484000	0.000000
	153.560000	2.484000	0.000000
	153.580000	2.484000	0.000000
	153.600000	2.484000	0.000000
	153.620000	2.484000	0.000000
	153.640000	2.484000	0.000000
	153.660000	2.484000	0.000000
	153.680000	2.484000	0.000000
	153.700000	2.484000	0.000000
	153.720000	2.484000	0.000000
	153.740000	2.484000	0.000000
	153.760000	2.484000	0.000000
	153.780000	2.484000	0.000000
	153.800000	2.484000	0.000000
	153.820000	2.484000	0.000000
	153.840000	2.484000	0.000000
	153.860000	2.484000	0.000000
	153.880000	2.484000	0.000000
	153.900000	2.484000	0.000000
	153.920000	2.484000	0.000000
	153.940000	2.484000	0.000000
	153.960000	2.484000	0.000000
	153.980000	2.484000	0.000000
	154.000000	2.484000	0.000000
	154.020000	2.484000	0.000000
	154.040000	2.484000	0.000000
	154.060000	2.484000	0.000000
	154.080000	2.484000	0.000000
	154.100000	2.484000	0.000000
	154.120000	2.484000	0.000000
	154.140000	2.484000	0.000000
	154.160000	2.484000	0.000000
	154.180000	2.484000	0.000000
	154.200000	2.484000	0.000000
	154.220000	2.484000	0.000000
	154.240000	2.484000	0.000000
	154.260000	2.484000	0.000000
	154.280000	2.484000	0.000000
	154.300000	2.484000	0.000000
	154.320000	2.484000	0.000000
	154.340000	2.484000	0.000000
	154.360000	2.484000	0.000000
	154.380000	2.484000	0.000000
	154.400000	2.484000	0.000000
	154.420000	2.484000	0.000000
	154.440000	2.484000	0.000000
	154.460000	2.484000	0.000000
	154.480000	2.484000	0.000000
	154.500000	2.484000	0.000000
	154.520000	2.484000	0.000000
	154.540000	2.484000	0.000000
	154.560000	2.484000	0.000000
	154.580000	2.484000	0.000000
	154.600000	2.484000	0.000000
	154.620000	2.484000	0.000000
	154.640000	2.484000	0.000000
	154.660000	2.484000	0.000000
	154.680000	2.484000	0.000000
	154.700000	2.484000	0.000000
	154.720000	2.484000	0.000000
	154.740000	2.484000	0.000000
	154.760000	2.484000	0.000000
	154.780000	2.484000	0.000000
	154.800000	2.484000	0.000000
	154.820000	2.484000	0.000000
	154.840000	2.484000	0.000000
	154.860000	2.484000	0.000000
	154.880000	2.484000	0.000000
	154.900000	2.484000	0.000000
	154.920000	2.484000	0.000000
	154.940000	2.484000	0.000000
	154.960000	2.484000	0.000000
	154.980000	2.484000	0.000000
	155.000000	2.484000	0.000000
	155.020000	2.484000	0.000000
	155.040000	2.484000	0.000000
	155.060000	2.484000	0.000000
	155.080000	2.484000	0.000000
	155.100000	2.484000	0.000000
	155.120000	2.484000	0.000000
	155.140000	2.484000	0.000000
	155.160000	2.484000	0.000000
	155.180000	2.484000	0.000000
	155.200000	2.484000	0.000000
	155.220000	2.484000	0.000000
	155.240000	2.484000	0.000000
	155.260000	2.484000	0.000000
	155.280000	2.484000	0.000000
	155.300000	2.484000	0.000000
	155.320000	2.484000	0.000000
	155.340000	2.484000	0.000000
	155.360000	2.484000	0.000000
	155.380000	2.484000	0.000000
	155.400000	2.484000	0.000000
	155.420000	2.484000	0.000000
	155.440000	2.484000	0.000000
	155.460000	2.484000	0.000000
	155.480000	2.484000	0.000000
	155.500000	2.484000	0.000000
	155.520000	2.484000	0.000000
	155.540000	2.484000	0.000000
	155.560000	2.484000	0.000000
	155.580000	2.484000	0.000000
	155.600000	2.484000	0.000000
	155.620000	2.484000	0.000000
	155.640000	2.484000	0.000000
	155.660000	2.484000	0.000000
	155.680000	2.484000	0.000000
	155.700000	2.484000	0.000000
	155.720000	2.484000	0.000000
	155.740000	2.484000	0.000000
	155.760000	2.484000	0.000000
	155.780000	2.484000	0.000000
	155.800000	2.484000	0.000000
	155.820000	2.484000	0.000000
	155.840000	2.484000	0.000000
	155.860000	2.484000	0.000000
	155.880000	2.484000	0.000000
	155.900000	2.484000	0.000000
	155.920000	2.484000	0.000000
	155.940000	2.484000	0.000000
	155.960000	2.484000	0.000000
	155.980000	2.484000	0.000000
	156.000000	2.484000	0.000000
	156.020000	2.484000	0.000000
	156.040000	2.484000	0.000000
	156.060000	2.484000	0.000000
	156.080000	2.484000	0.000000
	156.100000	2.484000	0.000000
	156.120000	2.484000	0.000000
	156.140000	2.484000	0.000000
	156.160000	2.484000	0.000000
	156.180000	2.484000	0.000000
	156.200000	2.484000	0.000000
	156.220000	2.484000	0.000000
	156.240000	2.484000	0.000000
	156.260000	2.484000	0.000000
	156.280000	2.484000	0.000000
	156.300000	2.484000	0.000000
	156.320000	2.484000	0.000000
	156.340000	2.484000	0.000000
	156.360000	2.484000	0.000000
	156.380000	2.484000	0.000000
	156.400000	2.484000	0.000000
	156.420000	2.484000	0.000000
	156.440000	2.484000	0.000000
	156.460000	2.484000	0.000000
	156.480000	2.484000	0.000000
	156.500000	2.484000	0.000000
	156.520000	2.484000	0.000000
	156.540000	2.484000	0.000000
	156.560000	2.484000	0.000000
	156.580000	2.484000	0.000000
	156.600000	2.484000	0.000000
	156.620000	2.484000	0.000000
	156.640000	2.484000	0.000000
	156.660000	2.484000	0.000000
	156.680000	2.484000	0.000000
	156.700000	2.484000	0.000000
	156.720000	2.484000	0.000000
	156.740000	2.484000	0.000000
	156.760000	2.484000	0.000000
	156.780000	2.484000	0.000000
	156.800000	2.484000	0.000000
	156.820000	2.484000	0.000000
	156.840000	2.484000	0.000000
	156.860000	2.484000	0.000000
	156.880000	2.484000	0.000000
	156.900000	2.484000	0.000000
	156.920000	2.484000	0.000000
	156.940000	2.484000	0.000000
	156.960000	2.484000	0.000000
	156.980000	2.484000	0.000000
	157.000000	2.484000	0.000000
	157.020000	2.484000	0.000000
	157.040000	2.484000	0.000000
	157.060000	2.484000	0.000000
	157.080000	2.484000	0.000000
	157.100000	2.484000	0.000000
	157.120000	2.484000	0.000000
	157.140000	2.484000	0.000000
	157.160000	2.484000	0.000000
	157.180000	2.484000	0.000000
	157.200000	2.484000	0.000000
	157.220000	2.484000	0.000000
	157.240000	2.484000	0.000000
	157.260000	2.484000	0.000000
	157.280000	2.484000	0.000000
	157.300000	2.484000	0.000000
	157.320000	2.484000	0.000000
	157.340000	2.484000	0.000000
	157.360000	2.484000	0.000000
	157.380000	2.484000	0.000000
	157.400000	2.484000	0.000000
	157.420000	2.484000	0.000000
	157.440000	2.484000	0.000000
	157.460000	2.484000	0.000000
	157.480000	2.484000	0.000000
	157.500000	2.484000	0.000000
	157.520000	2.484000	0.000000
	157.540000	2.484000	0.000000
	157.560000	2.484000	0.000000
	157.580000	2.484000	0.000000
	157.600000	2.484000	0.000000
	157.620000	2.484000	0.000000
	157.640000	2.484000	0.000000
	157.660000	2.484000	0.000000
	157.680000	2.484000	0.000000
	157.700000	2.484000	0.000000
	157.720000	2.484000	0.000000
	157.740000	2.484000	0.000000
	157.760000	2.484000	0.000000
	157.780000	2.484000	0.000000
	157.800000	2.484000	0.000000
	157.820000	2.484000	0.000000
	157.840000	2.484000	0.000000
	157.860000	2.484000	0.000000
	157.880000	2.484000	0.000000
	157.900000	2.484000	0.000000
	157.920000	2.484000	0.000000
	157.940000	2.484000	0.000000
	157.960000	2.484000	0.000000
	157.980000	2.484000	0.000000
	158.000000	2.484000	0.000000
	158.020000	2.484000	0.000000
	158.040000	2.484000	0.000000
	158.060000	2.484000	0.000000
	158.080000	2.484000	0.000000
	158.100000	2.484000	0.000000
	158.120000	2.484000	0.000000
	158.140000	2.484000	0.000000
	158.160000	2.484000	0.000000
	158.180000	2.484000	0.000000
	158.200000	2.484000	0.000000
	158.220000	2.484000	0.000000
	158.240000	2.484000	0.000000
	158.260000	2.484000	0.000000
	158.280000	2.484000	0.000000
	158.300000	2.484000	0.000000
	158.320000	2.484000	0.000000
	158.340000	2.484000	0.000000
	158.360000	2.484000	0.000000
	158.380000	2.484000	0.000000
	158.400000	2.484000	0.000000
	158.420000	2.484000	0.000000
	158.440000	2.484000	0.000000
	158.460000	2.484000	0.000000
	158.480000	2.484000	0.000000
	158.500000	2.484000	0.000000
	158.520000	2.484000	0.000000
	158.540000	2.484000	0.000000
	158.560000	2.484000	0.000000
	158.580000	2.484000	0.000000
	158.600000	2.484000	0.000000
	158.620000	2.484000	0.000000
	158.640000	2.484000	0.000000
	158.660000	2.484000	0.000000
	158.680000	2.484000	0.000000
	158.700000	2.484000	0.000000
	158.720000	2.484000	0.000000
	158.740000	2.484000	0.000000
	158.760000	2.484000	0.000000
	158.780000	2.484000	0.000000
	158.800000	2.484000	0.000000
	158.820000	2.484000	0.000000
	158.840000	2.484000	0.000000
	158.860000	2.484000	0.000000
	158.880000	2.484000	0.000000
	158.900000	2.484000	0.000000
	158.920000	2.484000	0.000000
	158.940000	2.484000	0.000000
	158.960000	2.484000	0.000000
	158.980000	2.484000	0.000000
	159.000000	2.484000	0.000000
	159.020000	2.484000	0.000000
	159.040000	2.484000	0.000000
	159.060000	2.484000	0.000000
	159.080000	2.484000	0.000000
	159.100000	2.484000	0.000000
	159.120000	2.484000	0.000000
	159.140000	2.484000	0.000000
	159.160000	2.484000	0.000000
	159.180000	2.484000	0.000000
	159.200000	2.484000	0.000000
	159.220000	2.484000	0.000000
	159.240000	2.484000	0.000000
	159.260000	2.484000	0.000000
	159.280000	2.484000	0.000000
	159.300000	2.484000	0.000000
	159.320000	2.484000	0.000000
	159.340000	2.484000	0.000000
	159.360000	2.484000	0.000000
	159.380000	2.484000	0.000000
	159.400000	2.484000	0.000000
	159.420000	2.484000	0.000000
	159.440000	2.484000	0.000000
	159.460000	2.484000	0.000000
	159.480000	2.484000	0.000000
	159.500000	2.484000	0.000000
	159.520000	2.484000	0.000000
	159.540000	2.484000	0.000000
	159.560000	2.484000	0.000000
	159.580000	2.484000	0.000000
	159.600000	2.484000	0.000000
	159.620000	2.484000	0.000000
	159.640000	2.484000	0.000000
	159.660000	2.484000	0.000000
	159.680000	2.484000	0.000000
	159.700000	2.484000	0.000000
	159.720000	2.484000	0.000000
	159.740000	2.484000	0.000000
	159.760000	2.484000	0.000000
	159.780000	2.484000	0.000000
	159.800000	2.484000	0.000000
	159.820000	2.484000	0.000000
	159.840000	2.484000	0.000000
	159.860000	2.484000	0.000000
	159.880000	2.484000	0.000000
	159.900000	2.484000	0.000000
	159.920000	2.484000	0.000000
	159.940000	2.484000	0.000000
	159.960000	2.484000	0.000000
	159.980000	2.484000	0.000000
	160.000000	2.484000	0.000000
	160.020000	2.484000	0.000000
	160.040000	2.484000	0.000000
	160.060000	2.484000	0.000000
	160.080000	2.484000	0.000000
	160.100000	2.484000	0.000000
	160.120000	2.484000	0.000000
	160.140000	2.484000	0.000000
	160.160000	2.484000	0.000000
	160.180000	2.484000	0.000000
	160.200000	2.484000	0.000000
	160.220000	2.484000	0.000000
	160.240000	2.484000	0.000000
	160.260000	2.484000	0.000000
	160.280000	2.484000	0.000000
	160.300000	2.484000	0.000000
	160.320000	2.484000	0.000000
	160.340000	2.484000	0.000000
	160.360000	2.484000	0.000000
	160.380000	2.484000	0.000000
	160.400000	2.484000	0.000000
	160.420000	2.484000	0.000000
	160.440000	2.484000	0.000000
	160.460000	2.484000	0.000000
	160.480000	2.484000	0.000000
	160.500000	2.484000	0.000000
	160.520000	2.484000	0.000000
	160.540000	2.484000	0.000000
	160.560000	2.484000	0.000000
	160.580000	2.484000	0.000000
	160.600000	2.484000	0.000000
	160.620000	2.484000	0.000000
	160.640000	2.484000	0.000000
	160.660000	2.484000	0.000000
	160.680000	2.484000	0.000000
	160.700000	2.484000	0.000000
	160.720000	2.484000	0.000000
	160.740000	2.484000	0.000000
	160.760000	2.484000	0.000000
	160.780000	2.484000	0.000000
	160.800000	2.484000	0.000000
	160.820000	2.484000	0.000000
	160.840000	2.484000	0.000000
	160.860000	2.484000	0.000000
	160.880000	2.484000	0.000000
	160.900000	2.484000	0.000000
	160.920000	2.484000	0.000000
	160.940000	2.484000	0.000000
	160.960000	2.484000	0.000000
	160.980000	2.484000	0.000000
	161.000000	2.484000	0.000000
	161.020000	2.484000	0.000000
	161.040000	2.484000	0.000000
	161.060000	2.484000	0.000000
	161.080000	2.484000	0.000000
	161.100000	2.484000	0.000000
	161.120000	2.484000	0.000000
	161.140000	2.484000	0.000000
	161.160000	2.484000	0.000000
	161.180000	2.484000	0.000000
	161.200000	2.484000	0.000000
	161.220000	2.484000	0.000000
	161.240000	2.484000	0.000000
	161.260000	2.484000	0.000000
	161.280000	2.484000	0.000000
	161.300000	2.484000	0.000000
	161.320000	2.484000	0.000000
	161.340000	2.484000	0.000000
	161.360000	2.484000	0.000000
	161.380000	2.484000	0.000000
	161.400000	2.484000	0.000000
	161.420000	2.484000	0.000000
	161.440000	2.484000	0.000000
	161.460000	2.484000	0.000000
	161.480000	2.484000	0.000000
	161.500000	2.484000	0.000000
	161.520000	2.484000	0.000000
	161.540000	2.484000	0.000000
	161.560000	2.484000	0.000000
	161.580000	2.484000	0.000000
	161.600000	2.484000	0.000000
	161.620000	2.484000	0.000000
	161.640000	2.484000	0.000000
	161.660000	2.484000	0.000000
	161.680000	2.484000	0.000000
	161.700000	2.484000	0.000000
	161.720000	2.484000	0.000000
	161.740000	2.484000	0.000000
	161.760000	2.484000	0.000000
	161.780000	2.484000	0.000000
	161.800000	2.484000	0.000000
	161.820000	2.484000	0.000000
	161.840000	2.484000	0.000000
	161.860000	2.484000	0.000000
	161.880000	2.484000	0.000000
	161.900000	2.484000	0.000000
	161.920000	2.484000	0.000000
	161.940000	2.484000	0.000000
	161.960000	2.484000	0.000000
	161.980000	2.484000	0.000000
	162.000000	2.484000	0.000000
	162.020000	2.484000	0.000000
	162.040000	2.484000	0.000000
	162.060000	2.484000	0.000000
	162.080000	2.484000	0.000000
	162.100000	2.484000	0.000000
	162.120000	2.484000	0.000000
	162.140000	2.484000	0.000000
	162.160000	2.484000	0.000000
	162.180000	2.484000	0.000000
	162.200000	2.484000	0.000000
	162.220000	2.484000	0.000000
	162.240000	2.484000	0.000000
	162.260000	2.484000	0.000000
	162.280000	2.484000	0.000000
	162.300000	2.484000	0.000000
	162.320000	2.484000	0.000000
	162.340000	2.484000	0.000000
	162.360000	2.484000	0.000000
	162.380000	2.484000	0.000000
	162.400000	2.484000	0.000000
	162.420000	2.484000	0.000000
	162.440000	2.484000	0.000000
	162.460000	2.484000	0.000000
	162.480000	2.484000	0.000000
	162.500000	2.484000	0.000000
	162.520000	2.484000	0.000000
	162.540000	2.484000	0.000000
	162.560000	2.484000	0.000000
	162.580000	2.484000	0.000000
	162.600000	2.484000	0.000000
	162.620000	2.484000	0.000000
	162.640000	2.484000	0.000000
	162.660000	2.484000	0.000000
	162.680000	2.484000	0.000000
	162.700000	2.484000	0.000000
	162.720000	2.484000	0.000000
	162.740000	2.484000	0.000000
	162.760000	2.484000	0.000000
	162.780000	2.484000	0.000000
	162.800000	2.484000	0.000000
	162.820000	2.484000	0.000000
	162.840000	2.484000	0.000000
	162.860000	2.484000	0.000000
	162.880000	2.484000	0.000000
	162.900000	2.484000	0.000000
	162.920000	2.484000	0.000000
	162.940000	2.484000	0.000000
	162.960000	2.484000	0.000000
	162.980000	2.484000	0.000000
	163.000000	2.484000	0.000000
	163.020000	2.484000	0.000000
	163.040000	2.484000	0.000000
	163.060000	2.484000	0.000000
	163.080000	2.484000	0.000000
	163.100000	2.484000	0.000000
	163.120000	2.484000	0.000000
	163.140000	2.484000	0.000000
	163.160000	2.484000	0.000000
	163.180000	2.484000	0.000000
	163.200000	2.484000	0.000000
	163.220000	2.484000	0.000000
	163.240000	2.484000	0.000000
	163.260000	2.484000	0.000000
	163.280000	2.484000	0.000000
	163.300000	2.484000	0.000000
	163.320000	2.484000	0.000000
	163.340000	2.484000	0.000000
	163.360000	2.484000	0.000000
	163.380000	2.484000	0.000000
	163.400000	2.484000	0.000000
	163.420000	2.484000	0.000000
	163.440000	2.484000	0.000000
	163.460000	2.484000	0.000000
	163.480000	2.484000	0.000000
	163.500000	2.484000	0.000000
	163.520000	2.484000	0.000000
	163.540000	2.484000	0.000000
	163.560000	2.484000	0.000000
	163.580000	2.484000	0.000000
	163.600000	2.484000	0.000000
	163.620000	2.484000	0.000000
	163.640000	2.484000	0.000000
	163.660000	2.484000	0.000000
	163.680000	2.484000	0.000000
	163.700000	2.484000	0.000000
	163.720000	2.484000	0.000000
	163.740000	2.484000	0.000000
	163.760000	2.484000	0.000000
	163.780000	2.484000	0.000000
	163.800000	2.484000	0.000000
	163.820000	2.484000	0.000000
	163.840000	2.484000	0.000000
	163.860000	2.484000	0.000000
	163.880000	2.484000	0.000000
	163.900000	2.484000	0.000000
	163.920000	2.484000	0.000000
	163.940000	2.484000	0.000000
	163.960000	2.484000	0.000000
	163.980000	2.484000	0.000000
	164.000000	2.484000	0.000000
	164.020000	2.484000	0.000000
	164.040000	2.484000	0.000000
	164.060000	2.484000	0.000000
	164.080000	2.484000	0.000000
	164.100000	2.484000	0.000000
	164.120000	2.484000	0.000000
	164.140000	2.484000	0.000000
	164.160000	2.484000	0.000000
	164.180000	2.484000	0.000000
	164.200000	2.484000	0.000000
	164.220000	2.484000	0.000000
	164.240000	2.484000	0.000000
	164.260000	2.484000	0.000000
	164.280000	2.484000	0.000000
	164.300000	2.484000	0.000000
	164.320000	2.484000	0.000000
	164.340000	2.484000	0.000000
	164.360000	2.484000	0.000000
	164.380000	2.484000	0.000000
	164.400000	2.484000	0.000000
	164.420000	2.484000	0.000000
	164.440000	2.484000	0.000000
	164.460000	2.484000	0.000000
	164.480000	2.484000	0.000000
	164.500000	2.484000	0.000000
	164.520000	2.484000	0.000000
	164.540000	2.484000	0.000000
	164.560000	2.484000	0.000000
	164.580000	2.484000	0.000000
	164.600000	2.484000	0.000000
	164.620000	2.484000	0.000000
	164.640000	2.484000	0.000000
	164.660000	2.484000	0.000000
	164.680000	2.484000	0.000000
	164.700000	2.484000	0.000000
	164.720000	2.484000	0.000000
	164.740000	2.484000	0.000000
	164.760000	2.484000	0.000000
	164.780000	2.484000	0.000000
	164.800000	2.484000	0.000000
	164.820000	2.484000	0.000000
	164.840000	2.484000	0.000000
	164.860000	2.484000	0.000000
	164.880000	2.484000	0.000000
	164.900000	2.484000	0.000000
	164.920000	2.484000	0.000000
	164.940000	2.484000	0.000000
	164.960000	2.484000	0.000000
	164.980000	2.484000	0.000000
	165.000000	2.484000	0.000000
	165.020000	2.484000	0.000000
	165.040000	2.484000	0.000000
	165.060000	2.484000	0.000000
	165.080000	2.484000	0.000000
	165.100000	2.484000	0.000000
	165.120000	2.484000	0.000000
	165.140000	2.484000	0.000000
	165.160000	2.484000	0.000000
	165.180000	2.484000	0.000000
	165.200000	2.484000	0.000000
	165.220000	2.484000	0.000000
	165.240000	2.484000	0.000000
	165.260000	2.484000	0.000000
	165.280000	2.484000	0.000000
	165.300000	2.484000	0.000000
	165.320000	2.484000	0.000000
	165.340000	2.484000	0.000000
	165.360000	2.484000	0.000000
	165.380000	2.484000	0.000000
	165.400000	2.484000	0.000000
	165.420000	2.484000	0.000000
	165.440000	2.484000	0.000000
	165.460000	2.484000	0.000000
	165.480000	2.484000	0.000000
	165.500000	2.484000	0.000000
	165.520000	2.484000	0.000000
	165.540000	2.484000	0.000000
	165.560000	2.484000	0.000000
	165.580000	2.484000	0.000000
	165.600000	2.484000	0.000000
	165.620000	2.484000	0.000000
	165.640000	2.484000	0.000000
	165.660000	2.484000	0.000000
	165.680000	2.484000	0.000000
	165.700000	2.484000	0.000000
	165.720000	2.484000	0.000000
	165.740000	2.484000	0.000000
	165.760000	2.484000	0.000000
	165.780000	2.484000	0.000000
	165.800000	2.484000	0.000000
	165.820000	2.484000	0.000000
	165.840000	2.484000	0.000000
	165.860000	2.484000	0.000000
	165.880000	2.484000	0.000000
	165.900000	2.484000	0.000000
	165.920000	2.484000	0.000000
	165.940000	2.484000	0.000000
	165.960000	2.484000	0.000000
	165.980000	2.484000	0.000000
	166.000000	2.484000	0.000000
	166.020000	2.484000	0.000000
	166.040000	2.484000	0.000000
	166.060000	2.484000	0.000000
	166.080000	2.484000	0.000000
	166.100000	2.484000	0.000000
	166.120000	2.484000	0.000000
	166.140000	2.484000	0.000000
	166.160000	2.484000	0.000000
	166.180000	2.484000	0.000000
