	120.000000	33.084000	4.600000
	120.020000	33.240000	6.200000
	120.040000	33.420000	7.600000
	120.060000	33.636000	9.200000
	120.080000	33.876000	10.600000
	120.100000	34.140000	12.000000
	120.120000	34.428000	13.200000
	120.140000	34.752000	14.600000
	120.160000	35.100000	16.000000
	120.180000	35.484000	17.600000
	120.200000	35.892000	19.000000
	120.220000	36.336000	20.600000
	120.240000	36.804000	22.000000
	120.260000	37.308000	23.600000
	120.280000	37.848000	25.200000
	120.300000	38.412000	26.800000
	120.320000	39.000000	28.200000
	120.340000	39.612000	29.400000
	120.360000	40.272000	31.000000
	120.380000	40.956000	32.600000
	120.400000	41.664000	34.200000
	120.420000	42.372000	35.000000
	120.440000	43.116000	36.000000
	120.460000	43.896000	37.200000
	120.480000	44.688000	38.600000
	120.500000	45.492000	39.600000
	120.520000	46.308000	40.200000
	120.540000	47.160000	41.200000
	120.560000	48.024000	42.200000
	120.580000	48.900000	43.200000
	120.600000	49.788000	43.800000
	120.620000	50.688000	44.400000
	120.640000	51.588000	44.800000
	120.660000	52.488000	45.000000
	120.680000	53.400000	45.200000
	120.700000	54.312000	45.400000
	120.720000	55.224000	45.600000
	120.740000	56.136000	45.600000
	120.760000	57.024000	45.200000
	120.780000	57.900000	44.600000
	120.800000	58.752000	43.600000
	120.820000	59.592000	42.800000
	120.840000	60.432000	42.200000
	120.860000	61.236000	41.400000
	120.880000	62.028000	40.600000
	120.900000	62.772000	39.000000
	120.920000	63.492000	37.600000
	120.940000	64.176000	35.800000
	120.960000	64.812000	34.000000
	120.980000	65.412000	32.000000
	121.000000	65.964000	29.800000
	121.020000	66.480000	27.800000
	121.040000	66.948000	25.600000
	121.060000	67.368000	23.400000
	121.080000	67.728000	20.800000
	121.100000	68.028000	18.000000
	121.120000	68.268000	15.000000
	121.140000	68.448000	12.000000
	121.160000	68.568000	9.000000
	121.180000	68.628000	6.000000
	121.200000	68.628000	3.000000
	121.220000	68.556000	-0.200000
	121.240000	68.424000	-3.400000
	121.260000	68.244000	-6.400000
	121.280000	68.004000	-9.200000
	121.300000	67.704000	-12.000000
	121.320000	67.344000	-15.000000
	121.340000	66.936000	-17.800000
	121.360000	66.468000	-20.600000
	121.380000	65.952000	-23.200000
	121.400000	65.388000	-25.800000
	121.420000	64.752000	-28.600000
	121.440000	64.044000	-31.800000
	121.460000	63.300000	-34.800000
	121.480000	62.520000	-37.200000
	121.500000	61.692000	-39.200000
	121.520000	60.804000	-41.600000
	121.540000	59.868000	-44.200000
	121.560000	58.884000	-46.800000
	121.580000	57.828000	-49.600000
	121.600000	56.748000	-52.000000
	121.620000	55.644000	-54.000000
	121.640000	54.504000	-55.400000
	121.660000	53.304000	-57.400000
	121.680000	52.044000	-60.000000
	121.700000	50.796000	-61.800000
	121.720000	49.512000	-63.200000
	121.740000	48.204000	-64.000000
	121.760000	46.812000	-66.400000
	121.780000	45.420000	-68.200000
	121.800000	43.992000	-70.200000
	121.820000	42.540000	-71.200000
	121.840000	41.040000	-73.000000
	121.860000	39.540000	-74.200000
	121.880000	38.040000	-75.000000
	121.900000	36.516000	-75.400000
	121.920000	34.968000	-76.200000
	121.940000	33.384000	-77.600000
	121.960000	31.788000	-78.800000
	121.980000	30.168000	-80.000000
	122.000000	28.536000	-80.800000
	122.020000	26.856000	-82.200000
	122.040000	25.188000	-83.000000
	122.060000	23.508000	-83.800000
	122.080000	21.852000	-83.400000
	122.100000	20.124000	-84.400000
	122.120000	18.396000	-85.200000
	122.140000	16.632000	-87.000000
	122.160000	14.904000	-87.000000
	122.180000	13.140000	-87.600000
	122.200000	11.388000	-87.400000
	122.220000	9.600000	-88.400000
	122.240000	7.800000	-89.000000
	122.260000	5.976000	-90.200000
	122.280000	4.164000	-90.600000
	122.300000	2.376000	-90.400000
	122.320000	0.576000	-90.000000
	122.340000	-1.248000	-90.200000
	122.360000	-3.108000	-91.400000
	122.380000	-4.944000	-92.000000
	122.400000	-6.756000	-91.800000
	122.420000	-8.592000	-91.400000
	122.440000	-10.428000	-91.400000
	122.460000	-12.276000	-92.000000
	122.480000	-14.088000	-91.600000
	122.500000	-15.888000	-91.000000
	122.520000	-17.736000	-91.000000
	122.540000	-19.548000	-91.000000
	122.560000	-21.372000	-91.400000
	122.580000	-23.124000	-89.800000
	122.600000	-24.900000	-89.200000
	122.620000	-26.652000	-88.000000
	122.640000	-28.380000	-87.600000
	122.660000	-30.060000	-86.000000
	122.680000	-31.716000	-84.400000
	122.700000	-33.348000	-82.800000
	122.720000	-34.968000	-81.800000
	122.740000	-36.564000	-80.800000
	122.760000	-38.124000	-79.600000
	122.780000	-39.636000	-77.800000
	122.800000	-41.100000	-75.600000
	122.820000	-42.552000	-73.800000
	122.840000	-43.956000	-72.000000
	122.860000	-45.300000	-70.000000
	122.880000	-46.560000	-66.800000
	122.900000	-47.784000	-63.800000
	122.920000	-48.936000	-60.600000
	122.940000	-50.040000	-58.000000
	122.960000	-51.072000	-54.800000
	122.980000	-52.044000	-51.800000
	123.000000	-52.956000	-48.600000
	123.020000	-53.784000	-45.200000
	123.040000	-54.564000	-42.000000
	123.060000	-55.260000	-38.400000
	123.080000	-55.896000	-35.200000
	123.100000	-56.448000	-31.400000
	123.120000	-56.916000	-27.600000
	123.140000	-57.300000	-23.400000
	123.160000	-57.612000	-19.400000
	123.180000	-57.852000	-15.600000
	123.200000	-58.008000	-11.800000
	123.220000	-58.092000	-8.000000
	123.240000	-58.104000	-4.200000
	123.260000	-58.044000	-0.600000
	123.280000	-57.900000	3.200000
	123.300000	-57.684000	7.000000
	123.320000	-57.408000	10.600000
	123.340000	-57.072000	13.800000
	123.360000	-56.688000	16.600000
	123.380000	-56.232000	19.600000
	123.400000	-55.728000	22.400000
	123.420000	-55.164000	25.400000
	123.440000	-54.564000	27.800000
	123.460000	-53.904000	30.400000
	123.480000	-53.196000	32.800000
	123.500000	-52.440000	35.400000
	123.520000	-51.648000	37.600000
	123.540000	-50.832000	39.400000
	123.560000	-49.980000	41.000000
	123.580000	-49.116000	42.200000
	123.600000	-48.228000	43.400000
	123.620000	-47.316000	44.400000
	123.640000	-46.380000	45.600000
	123.660000	-45.420000	46.800000
	123.680000	-44.436000	48.000000
	123.700000	-43.440000	49.000000
	123.720000	-42.432000	49.800000
	123.740000	-41.448000	49.800000
	123.760000	-40.476000	49.400000
	123.780000	-39.504000	48.800000
	123.800000	-38.544000	48.400000
	123.820000	-37.572000	48.400000
	123.840000	-36.624000	48.000000
	123.860000	-35.676000	47.800000
	123.880000	-34.752000	47.000000
	123.900000	-33.840000	46.400000
	123.920000	-32.964000	45.200000
	123.940000	-32.112000	44.000000
	123.960000	-31.296000	42.400000
	123.980000	-30.492000	41.200000
	124.000000	-29.724000	39.800000
	124.020000	-28.968000	38.800000
	124.040000	-28.248000	37.400000
	124.060000	-27.552000	36.200000
	124.080000	-26.916000	34.200000
	124.100000	-26.316000	32.200000
	124.120000	-25.764000	29.800000
	124.140000	-25.236000	28.000000
	124.160000	-24.756000	26.000000
	124.180000	-24.312000	24.200000
	124.200000	-23.916000	22.000000
	124.220000	-23.568000	19.800000
	124.240000	-23.268000	17.400000
	124.260000	-23.016000	15.000000
	124.280000	-22.800000	12.800000
	124.300000	-22.632000	10.600000
	124.320000	-22.524000	8.200000
	124.340000	-22.464000	5.600000
	124.360000	-22.452000	3.000000
	124.380000	-22.476000	0.800000
	124.400000	-22.560000	-1.600000
	124.420000	-22.692000	-4.000000
	124.440000	-22.872000	-6.600000
	124.460000	-23.088000	-8.800000
	124.480000	-23.352000	-11.000000
	124.500000	-23.652000	-13.000000
	124.520000	-24.000000	-15.200000
	124.540000	-24.384000	-17.200000
	124.560000	-24.816000	-19.400000
	124.580000	-25.296000	-21.600000
	124.600000	-25.812000	-23.800000
	124.620000	-26.376000	-26.000000
	124.640000	-26.964000	-27.800000
	124.660000	-27.600000	-29.800000
	124.680000	-28.260000	-31.400000
	124.700000	-28.980000	-33.600000
	124.720000	-29.724000	-35.400000
	124.740000	-30.528000	-37.800000
	124.760000	-31.332000	-39.200000
	124.780000	-32.196000	-41.200000
	124.800000	-33.072000	-42.400000
	124.820000	-33.996000	-44.400000
	124.840000	-34.920000	-45.400000
	124.860000	-35.880000	-46.800000
	124.880000	-36.852000	-47.600000
	124.900000	-37.848000	-48.800000
	124.920000	-38.856000	-49.600000
	124.940000	-39.876000	-50.400000
	124.960000	-40.932000	-51.400000
	124.980000	-41.976000	-52.000000
	125.000000	-43.044000	-52.800000
	125.020000	-44.088000	-52.600000
	125.040000	-45.144000	-52.800000
	125.060000	-46.200000	-52.600000
	125.080000	-47.244000	-52.600000
	125.100000	-48.288000	-52.400000
	125.120000	-49.308000	-51.800000
	125.140000	-50.328000	-51.400000
	125.160000	-51.324000	-50.600000
	125.180000	-52.296000	-49.800000
	125.200000	-53.244000	-48.600000
	125.220000	-54.156000	-47.200000
	125.240000	-55.032000	-45.600000
	125.260000	-55.872000	-43.800000
	125.280000	-56.676000	-42.000000
	125.300000	-57.456000	-40.400000
	125.320000	-58.200000	-38.800000
	125.340000	-58.884000	-36.800000
	125.360000	-59.508000	-34.200000
	125.380000	-60.072000	-31.200000
	125.400000	-60.600000	-28.600000
	125.420000	-61.068000	-26.000000
	125.440000	-61.464000	-23.200000
	125.460000	-61.800000	-20.000000
	125.480000	-62.076000	-16.800000
	125.500000	-62.280000	-13.600000
	125.520000	-62.412000	-10.200000
	125.540000	-62.472000	-6.600000
	125.560000	-62.472000	-3.200000
	125.580000	-62.400000	0.200000
	125.600000	-62.244000	3.800000
	125.620000	-62.028000	7.400000
	125.640000	-61.740000	11.000000
	125.660000	-61.404000	14.000000
	125.680000	-60.996000	17.200000
	125.700000	-60.516000	20.400000
	125.720000	-59.964000	24.000000
	125.740000	-59.352000	27.400000
	125.760000	-58.692000	30.400000
	125.780000	-57.972000	33.200000
	125.800000	-57.192000	36.000000
	125.820000	-56.340000	39.200000
	125.840000	-55.404000	42.800000
	125.860000	-54.444000	45.800000
	125.880000	-53.436000	48.400000
	125.900000	-52.416000	49.800000
	125.920000	-51.300000	52.400000
	125.940000	-50.136000	55.000000
	125.960000	-48.912000	58.400000
	125.980000	-47.652000	60.800000
	126.000000	-46.392000	62.400000
	126.020000	-45.084000	63.800000
	126.040000	-43.764000	64.800000
	126.060000	-42.372000	67.000000
	126.080000	-40.992000	68.200000
	126.100000	-39.588000	69.600000
	126.120000	-38.148000	70.400000
	126.140000	-36.684000	71.800000
	126.160000	-35.148000	74.000000
	126.180000	-33.660000	74.800000
	126.200000	-32.160000	75.400000
	126.220000	-30.684000	74.400000
	126.240000	-29.148000	75.200000
	126.260000	-27.600000	76.000000
	126.280000	-26.016000	77.800000
	126.300000	-24.444000	78.400000
	126.320000	-22.872000	78.800000
	126.340000	-21.288000	78.800000
	126.360000	-19.716000	78.800000
	126.380000	-18.132000	79.000000
	126.400000	-16.572000	78.600000
	126.420000	-14.988000	78.800000
	126.440000	-13.404000	78.800000
	126.460000	-11.832000	79.000000
	126.480000	-10.260000	78.800000
	126.500000	-8.676000	78.800000
	126.520000	-7.128000	78.400000
	126.540000	-5.556000	78.400000
	126.560000	-4.032000	77.400000
	126.580000	-2.460000	77.800000
	126.600000	-0.948000	76.800000
	126.620000	0.600000	77.200000
	126.640000	2.100000	76.000000
	126.660000	3.612000	76.000000
	126.680000	5.088000	74.800000
	126.700000	6.576000	74.600000
	126.720000	8.052000	74.000000
	126.740000	9.540000	74.200000
	126.760000	10.980000	73.400000
	126.780000	12.408000	72.600000
	126.800000	13.800000	71.000000
	126.820000	15.204000	70.400000
	126.840000	16.572000	69.400000
	126.860000	17.964000	69.400000
	126.880000	19.320000	68.600000
	126.900000	20.652000	68.000000
	126.920000	21.948000	66.400000
	126.940000	23.244000	65.400000
	126.960000	24.528000	64.600000
	126.980000	25.788000	64.000000
	127.000000	27.000000	62.600000
	127.020000	28.212000	61.400000
	127.040000	29.400000	60.200000
	127.060000	30.576000	59.600000
	127.080000	31.728000	58.600000
	127.100000	32.844000	57.400000
	127.120000	33.936000	56.000000
	127.140000	34.992000	54.400000
	127.160000	36.036000	53.200000
	127.180000	37.056000	52.000000
	127.200000	38.040000	50.800000
	127.220000	38.976000	49.000000
	127.240000	39.900000	47.400000
	127.260000	40.764000	45.400000
	127.280000	41.604000	43.800000
	127.300000	42.396000	41.600000
	127.320000	43.176000	40.200000
	127.340000	43.920000	38.600000
	127.360000	44.628000	37.200000
	127.380000	45.288000	35.200000
	127.400000	45.912000	33.200000
	127.420000	46.488000	31.000000
	127.440000	47.040000	29.200000
	127.460000	47.532000	27.000000
	127.480000	47.976000	24.800000
	127.500000	48.384000	22.400000
	127.520000	48.756000	20.400000
	127.540000	49.092000	18.600000
	127.560000	49.368000	16.400000
	127.580000	49.608000	14.200000
	127.600000	49.800000	11.800000
	127.620000	49.956000	9.800000
	127.640000	50.064000	7.600000
	127.660000	50.136000	5.600000
	127.680000	50.160000	3.400000
	127.700000	50.148000	1.400000
	127.720000	50.100000	-0.600000
	127.740000	50.016000	-2.400000
	127.760000	49.896000	-4.200000
	127.780000	49.740000	-6.000000
	127.800000	49.572000	-7.400000
	127.820000	49.368000	-8.800000
	127.840000	49.140000	-10.000000
	127.860000	48.888000	-11.400000
	127.880000	48.624000	-12.400000
	127.900000	48.336000	-13.400000
	127.920000	48.036000	-14.200000
	127.940000	47.712000	-15.200000
	127.960000	47.388000	-15.800000
	127.980000	47.040000	-16.600000
	128.000000	46.680000	-17.200000
	128.020000	46.296000	-18.200000
	128.040000	45.900000	-19.000000
	128.060000	45.504000	-19.600000
	128.080000	45.108000	-19.800000
	128.100000	44.700000	-20.000000
	128.120000	44.292000	-20.200000
	128.140000	43.872000	-20.600000
	128.160000	43.452000	-20.800000
	128.180000	43.020000	-21.200000
	128.200000	42.612000	-21.000000
	128.220000	42.204000	-20.800000
	128.240000	41.808000	-20.200000
	128.260000	41.412000	-20.000000
	128.280000	41.028000	-19.600000
	128.300000	40.656000	-19.200000
	128.320000	40.284000	-18.800000
	128.340000	39.924000	-18.400000
	128.360000	39.588000	-17.800000
	128.380000	39.264000	-17.000000
	128.400000	38.964000	-16.000000
	128.420000	38.676000	-15.200000
	128.440000	38.412000	-14.200000
	128.460000	38.184000	-13.000000
	128.480000	37.968000	-11.800000
	128.500000	37.776000	-10.600000
	128.520000	37.608000	-9.600000
	128.540000	37.476000	-8.200000
	128.560000	37.368000	-6.800000
	128.580000	37.284000	-5.400000
	128.600000	37.224000	-4.200000
	128.620000	37.212000	-2.600000
	128.640000	37.224000	-1.000000
	128.660000	37.272000	0.800000
	128.680000	37.332000	2.000000
	128.700000	37.428000	3.400000
	128.720000	37.548000	4.600000
	128.740000	37.704000	6.200000
	128.760000	37.884000	7.600000
	128.780000	38.100000	9.200000
	128.800000	38.340000	10.600000
	128.820000	38.604000	12.000000
	128.840000	38.880000	13.000000
	128.860000	39.180000	14.000000
	128.880000	39.516000	15.200000
	128.900000	39.888000	16.800000
	128.920000	40.296000	18.600000
	128.940000	40.716000	20.000000
	128.960000	41.172000	21.400000
	128.980000	41.652000	22.600000
	129.000000	42.168000	24.200000
	129.020000	42.708000	25.600000
	129.040000	43.272000	27.000000
	129.060000	43.872000	28.400000
	129.080000	44.496000	29.800000
	129.100000	45.144000	31.200000
	129.120000	45.816000	32.400000
	129.140000	46.512000	33.600000
	129.160000	47.232000	34.800000
	129.180000	47.952000	35.600000
	129.200000	48.696000	36.400000
	129.220000	49.488000	37.600000
	129.240000	50.292000	39.000000
	129.260000	51.108000	40.200000
	129.280000	51.912000	40.400000
	129.300000	52.740000	40.800000
	129.320000	53.568000	41.000000
	129.340000	54.408000	41.600000
	129.360000	55.248000	41.800000
	129.380000	56.100000	42.200000
	129.400000	56.940000	42.200000
	129.420000	57.792000	42.400000
	129.440000	58.644000	42.400000
	129.460000	59.484000	42.400000
	129.480000	60.324000	42.200000
	129.500000	61.128000	41.400000
	129.520000	61.920000	40.600000
	129.540000	62.676000	39.200000
	129.560000	63.408000	38.000000
	129.580000	64.128000	36.800000
	129.600000	64.812000	35.600000
	129.620000	65.472000	34.400000
	129.640000	66.096000	32.800000
	129.660000	66.672000	31.000000
	129.680000	67.224000	29.200000
	129.700000	67.728000	27.200000
	129.720000	68.184000	25.200000
	129.740000	68.580000	22.600000
	129.760000	68.916000	19.800000
	129.780000	69.216000	17.200000
	129.800000	69.456000	14.600000
	129.820000	69.636000	12.000000
	129.840000	69.756000	9.000000
	129.860000	69.816000	6.000000
	129.880000	69.828000	3.200000
	129.900000	69.768000	0.200000
	129.920000	69.660000	-2.600000
	129.940000	69.480000	-5.800000
	129.960000	69.252000	-8.600000
	129.980000	68.964000	-11.600000
	130.000000	68.616000	-14.400000
	130.020000	68.220000	-17.200000
	130.040000	67.752000	-20.200000
	130.060000	67.248000	-22.800000
	130.080000	66.684000	-25.600000
	130.100000	66.072000	-28.000000
	130.120000	65.400000	-30.800000
	130.140000	64.680000	-33.400000
	130.160000	63.912000	-36.000000
	130.180000	63.096000	-38.400000
	130.200000	62.208000	-41.200000
	130.220000	61.272000	-44.000000
	130.240000	60.288000	-46.800000
	130.260000	59.256000	-49.200000
	130.280000	58.188000	-51.400000
	130.300000	57.060000	-53.800000
	130.320000	55.920000	-55.600000
	130.340000	54.732000	-57.600000
	130.360000	53.520000	-59.000000
	130.380000	52.260000	-61.000000
	130.400000	50.976000	-62.600000
	130.420000	49.620000	-65.000000
	130.440000	48.252000	-66.800000
	130.460000	46.824000	-69.200000
	130.480000	45.420000	-70.000000
	130.500000	43.980000	-71.200000
	130.520000	42.516000	-71.800000
	130.540000	41.004000	-73.600000
	130.560000	39.444000	-75.600000
	130.580000	37.884000	-77.200000
	130.600000	36.324000	-78.000000
	130.620000	34.716000	-78.800000
	130.640000	33.108000	-79.600000
	130.660000	31.440000	-81.400000
	130.680000	29.796000	-82.000000
	130.700000	28.116000	-83.200000
	130.720000	26.412000	-83.800000
	130.740000	24.684000	-85.200000
	130.760000	22.920000	-86.600000
	130.780000	21.180000	-87.200000
	130.800000	19.404000	-88.000000
	130.820000	17.604000	-88.600000
	130.840000	15.792000	-89.800000
	130.860000	13.992000	-90.200000
	130.880000	12.144000	-91.000000
	130.900000	10.308000	-91.400000
	130.920000	8.436000	-92.600000
	130.940000	6.552000	-93.200000
	130.960000	4.656000	-94.200000
	130.980000	2.736000	-95.000000
	131.000000	0.840000	-95.200000
	131.020000	-1.092000	-95.800000
	131.040000	-3.024000	-96.000000
	131.060000	-4.944000	-96.400000
	131.080000	-6.912000	-97.000000
	131.100000	-8.880000	-97.600000
	131.120000	-10.860000	-98.600000
	131.140000	-12.864000	-99.200000
	131.160000	-14.844000	-99.400000
	131.180000	-16.848000	-99.800000
	131.200000	-18.792000	-98.800000
	131.220000	-20.736000	-98.200000
	131.240000	-22.668000	-97.000000
	131.260000	-24.624000	-97.200000
	131.280000	-26.568000	-97.200000
	131.300000	-28.500000	-97.200000
	131.320000	-30.384000	-96.000000
	131.340000	-32.304000	-95.600000
	131.360000	-34.176000	-94.600000
	131.380000	-36.024000	-94.000000
	131.400000	-37.812000	-91.800000
	131.420000	-39.612000	-90.600000
	131.440000	-41.352000	-88.800000
	131.460000	-43.056000	-87.400000
	131.480000	-44.700000	-84.800000
	131.500000	-46.344000	-83.200000
	131.520000	-47.928000	-81.200000
	131.540000	-49.452000	-79.200000
	131.560000	-50.904000	-76.000000
	131.580000	-52.284000	-72.600000
	131.600000	-53.628000	-69.600000
	131.620000	-54.900000	-66.600000
	131.640000	-56.112000	-63.800000
	131.660000	-57.240000	-60.200000
	131.680000	-58.308000	-56.800000
	131.700000	-59.304000	-53.200000
	131.720000	-60.192000	-49.200000
	131.740000	-60.996000	-44.800000
	131.760000	-61.716000	-40.200000
	131.780000	-62.364000	-36.200000
	131.800000	-62.916000	-32.000000
	131.820000	-63.372000	-27.600000
	131.840000	-63.720000	-22.600000
	131.860000	-63.984000	-17.800000
	131.880000	-64.152000	-13.000000
	131.900000	-64.236000	-8.600000
	131.920000	-64.224000	-4.000000
	131.940000	-64.116000	0.600000
	131.960000	-63.924000	5.200000
	131.980000	-63.636000	9.800000
	132.000000	-63.288000	13.800000
	132.020000	-62.844000	18.000000
	132.040000	-62.328000	21.800000
	132.060000	-61.728000	26.000000
	132.080000	-61.068000	29.600000
	132.100000	-60.348000	33.000000
	132.120000	-59.568000	36.000000
	132.140000	-58.716000	39.200000
	132.160000	-57.804000	42.400000
	132.180000	-56.832000	45.600000
	132.200000	-55.800000	48.600000
	132.220000	-54.744000	51.000000
	132.240000	-53.616000	53.600000
	132.260000	-52.476000	55.400000
	132.280000	-51.288000	57.600000
	132.300000	-50.088000	58.800000
	132.320000	-48.852000	60.400000
	132.340000	-47.568000	62.000000
	132.360000	-46.260000	63.800000
	132.380000	-44.964000	64.800000
	132.400000	-43.668000	65.000000
	132.420000	-42.360000	65.000000
	132.440000	-41.028000	65.600000
	132.460000	-39.696000	66.200000
	132.480000	-38.388000	66.200000
	132.500000	-37.080000	65.800000
	132.520000	-35.772000	65.400000
	132.540000	-34.476000	65.200000
	132.560000	-33.168000	65.200000
	132.580000	-31.896000	64.600000
	132.600000	-30.636000	64.000000
	132.620000	-29.412000	62.600000
	132.640000	-28.188000	61.800000
	132.660000	-27.000000	60.600000
	132.680000	-25.836000	59.600000
	132.700000	-24.720000	57.800000
	132.720000	-23.616000	56.400000
	132.740000	-22.548000	54.800000
	132.760000	-21.504000	53.600000
	132.780000	-20.496000	52.000000
	132.800000	-19.524000	50.400000
	132.820000	-18.588000	48.600000
	132.840000	-17.700000	46.600000
	132.860000	-16.836000	44.800000
	132.880000	-16.020000	42.800000
	132.900000	-15.240000	41.000000
	132.920000	-14.520000	38.600000
	132.940000	-13.836000	36.400000
	132.960000	-13.188000	34.200000
	132.980000	-12.588000	32.200000
	133.000000	-12.036000	30.000000
	133.020000	-11.544000	27.400000
	133.040000	-11.100000	24.800000
	133.060000	-10.692000	22.400000
	133.080000	-10.332000	20.200000
	133.100000	-10.008000	18.200000
	133.120000	-9.756000	15.600000
	133.140000	-9.540000	13.200000
	133.160000	-9.384000	10.400000
	133.180000	-9.264000	8.200000
	133.200000	-9.204000	5.600000
	133.220000	-9.192000	3.200000
	133.240000	-9.228000	0.600000
	133.260000	-9.312000	-1.800000
	133.280000	-9.444000	-4.200000
	133.300000	-9.636000	-6.800000
	133.320000	-9.864000	-9.200000
	133.340000	-10.140000	-11.600000
	133.360000	-10.440000	-13.400000
	133.380000	-10.788000	-15.400000
	133.400000	-11.184000	-17.400000
	133.420000	-11.628000	-19.800000
	133.440000	-12.108000	-22.000000
	133.460000	-12.624000	-24.000000
	133.480000	-13.200000	-26.200000
	133.500000	-13.812000	-28.400000
	133.520000	-14.472000	-30.800000
	133.540000	-15.156000	-32.600000
	133.560000	-15.900000	-34.800000
	133.580000	-16.680000	-36.800000
	133.600000	-17.496000	-39.000000
	133.620000	-18.348000	-40.800000
	133.640000	-19.224000	-42.400000
	133.660000	-20.148000	-44.200000
	133.680000	-21.096000	-45.800000
	133.700000	-22.080000	-47.600000
	133.720000	-23.088000	-49.000000
	133.740000	-24.132000	-50.600000
	133.760000	-25.200000	-52.000000
	133.780000	-26.292000	-53.400000
	133.800000	-27.396000	-54.400000
	133.820000	-28.524000	-55.400000
	133.840000	-29.676000	-56.400000
	133.860000	-30.828000	-57.200000
	133.880000	-31.980000	-57.600000
	133.900000	-33.144000	-57.800000
	133.920000	-34.320000	-58.200000
	133.940000	-35.496000	-58.600000
	133.960000	-36.684000	-59.000000
	133.980000	-37.872000	-59.200000
	134.000000	-39.036000	-59.000000
	134.020000	-40.176000	-58.200000
	134.040000	-41.316000	-57.400000
	134.060000	-42.468000	-57.200000
	134.080000	-43.584000	-56.800000
	134.100000	-44.676000	-56.000000
	134.120000	-45.732000	-54.400000
	134.140000	-46.776000	-53.200000
	134.160000	-47.784000	-51.800000
	134.180000	-48.768000	-50.600000
	134.200000	-49.716000	-49.000000
	134.220000	-50.616000	-47.200000
	134.240000	-51.492000	-45.400000
	134.260000	-52.308000	-43.200000
	134.280000	-53.100000	-41.400000
	134.300000	-53.820000	-38.800000
	134.320000	-54.492000	-36.400000
	134.340000	-55.092000	-33.200000
	134.360000	-55.644000	-30.400000
	134.380000	-56.136000	-27.400000
	134.400000	-56.580000	-24.800000
	134.420000	-56.952000	-21.800000
	134.440000	-57.252000	-18.600000
	134.460000	-57.480000	-15.000000
	134.480000	-57.648000	-11.600000
	134.500000	-57.744000	-8.200000
	134.520000	-57.768000	-4.800000
	134.540000	-57.720000	-1.200000
	134.560000	-57.612000	2.200000
	134.580000	-57.432000	5.600000
	134.600000	-57.180000	9.000000
	134.620000	-56.856000	12.600000
	134.640000	-56.484000	15.800000
	134.660000	-56.052000	18.800000
	134.680000	-55.572000	21.400000
	134.700000	-55.008000	24.600000
	134.720000	-54.396000	27.600000
	134.740000	-53.712000	31.000000
	134.760000	-52.980000	33.800000
	134.780000	-52.212000	36.400000
	134.800000	-51.396000	38.600000
	134.820000	-50.544000	40.600000
	134.840000	-49.596000	43.600000
	134.860000	-48.624000	46.200000
	134.880000	-47.604000	49.000000
	134.900000	-46.548000	50.800000
	134.920000	-45.456000	52.800000
	134.940000	-44.316000	54.800000
	134.960000	-43.188000	56.000000
	134.980000	-42.012000	57.400000
	135.000000	-40.812000	58.400000
	135.020000	-39.576000	60.200000
	135.040000	-38.328000	61.400000
	135.060000	-37.080000	62.200000
	135.080000	-35.808000	62.800000
	135.100000	-34.524000	63.400000
	135.120000	-33.216000	64.400000
	135.140000	-31.896000	65.200000
	135.160000	-30.600000	65.400000
	135.180000	-29.304000	65.200000
	135.200000	-28.020000	64.600000
	135.220000	-26.700000	65.000000
	135.240000	-25.368000	65.600000
	135.260000	-24.060000	66.000000
	135.280000	-22.764000	65.600000
	135.300000	-21.504000	64.400000
	135.320000	-20.220000	64.000000
	135.340000	-18.936000	63.800000
	135.360000	-17.664000	64.000000
	135.380000	-16.404000	63.600000
	135.400000	-15.168000	62.800000
	135.420000	-13.932000	62.200000
	135.440000	-12.732000	61.200000
	135.460000	-11.556000	60.200000
	135.480000	-10.404000	58.800000
	135.500000	-9.252000	58.000000
	135.520000	-8.124000	57.200000
	135.540000	-7.020000	56.400000
	135.560000	-5.952000	55.000000
	135.580000	-4.896000	53.800000
	135.600000	-3.852000	52.800000
	135.620000	-2.844000	51.800000
	135.640000	-1.860000	50.600000
	135.660000	-0.912000	49.000000
	135.680000	0.024000	47.800000
	135.700000	0.936000	46.600000
	135.720000	1.800000	45.200000
	135.740000	2.628000	43.400000
	135.760000	3.408000	41.200000
	135.780000	4.176000	39.600000
	135.800000	4.908000	38.000000
	135.820000	5.604000	36.600000
	135.840000	6.252000	34.600000
	135.860000	6.864000	32.600000
	135.880000	7.440000	30.600000
	135.900000	7.980000	28.800000
	135.920000	8.484000	27.000000
	135.940000	8.940000	25.000000
	135.960000	9.360000	23.000000
	135.980000	9.732000	20.800000
	136.000000	10.068000	18.800000
	136.020000	10.356000	16.600000
	136.040000	10.608000	14.600000
	136.060000	10.824000	12.600000
	136.080000	10.992000	10.600000
	136.100000	11.112000	8.400000
	136.120000	11.184000	6.000000
	136.140000	11.220000	3.800000
	136.160000	11.208000	1.600000
	136.180000	11.160000	-0.400000
	136.200000	11.064000	-2.600000
	136.220000	10.932000	-4.600000
	136.240000	10.752000	-6.800000
	136.260000	10.548000	-8.600000
	136.280000	10.308000	-10.400000
	136.300000	10.032000	-12.000000
	136.320000	9.708000	-14.000000
	136.340000	9.348000	-16.000000
	136.360000	8.964000	-17.800000
	136.380000	8.532000	-19.600000
	136.400000	8.076000	-21.200000
	136.420000	7.572000	-23.200000
	136.440000	7.044000	-24.800000
	136.460000	6.480000	-26.600000
	136.480000	5.880000	-28.200000
	136.500000	5.244000	-30.000000
	136.520000	4.560000	-32.000000
	136.540000	3.852000	-33.800000
	136.560000	3.108000	-35.600000
	136.580000	2.340000	-37.000000
	136.600000	1.536000	-38.600000
	136.620000	0.708000	-40.000000
	136.640000	-0.168000	-41.800000
	136.660000	-1.080000	-43.600000
	136.680000	-2.016000	-45.400000
	136.700000	-2.964000	-46.600000
	136.720000	-3.948000	-47.800000
	136.740000	-4.956000	-49.000000
	136.760000	-5.988000	-50.400000
	136.780000	-7.044000	-51.600000
	136.800000	-8.112000	-52.600000
	136.820000	-9.192000	-53.400000
	136.840000	-10.296000	-54.200000
	136.860000	-11.424000	-55.200000
	136.880000	-12.576000	-56.400000
	136.900000	-13.728000	-57.200000
	136.920000	-14.904000	-58.000000
	136.940000	-16.092000	-58.600000
	136.960000	-17.280000	-59.200000
	136.980000	-18.468000	-59.400000
	137.000000	-19.668000	-59.600000
	137.020000	-20.844000	-59.400000
	137.040000	-22.032000	-59.400000
	137.060000	-23.208000	-59.000000
	137.080000	-24.408000	-59.400000
	137.100000	-25.584000	-59.200000
	137.120000	-26.748000	-59.000000
	137.140000	-27.888000	-58.000000
	137.160000	-29.028000	-57.400000
	137.180000	-30.156000	-56.800000
	137.200000	-31.260000	-56.200000
	137.220000	-32.340000	-55.200000
	137.240000	-33.396000	-54.000000
	137.260000	-34.440000	-53.000000
	137.280000	-35.448000	-51.800000
	137.300000	-36.420000	-50.400000
	137.320000	-37.368000	-48.800000
	137.340000	-38.280000	-47.200000
	137.360000	-39.156000	-45.600000
	137.380000	-39.996000	-43.800000
	137.400000	-40.788000	-41.800000
	137.420000	-41.544000	-39.800000
	137.440000	-42.252000	-37.600000
	137.460000	-42.924000	-35.600000
	137.480000	-43.548000	-33.400000
	137.500000	-44.124000	-31.200000
	137.520000	-44.652000	-28.800000
	137.540000	-45.132000	-26.400000
	137.560000	-45.540000	-23.600000
	137.580000	-45.900000	-20.800000
	137.600000	-46.200000	-17.800000
	137.620000	-46.464000	-15.400000
	137.640000	-46.668000	-12.800000
	137.660000	-46.824000	-10.400000
	137.680000	-46.920000	-7.600000
	137.700000	-46.956000	-4.800000
	137.720000	-46.932000	-1.800000
	137.740000	-46.860000	1.000000
	137.760000	-46.740000	3.600000
	137.780000	-46.572000	6.000000
	137.800000	-46.356000	8.400000
	137.820000	-46.104000	10.600000
	137.840000	-45.804000	12.800000
	137.860000	-45.456000	15.000000
	137.880000	-45.072000	17.200000
	137.900000	-44.652000	19.200000
	137.920000	-44.208000	20.800000
	137.940000	-43.716000	22.600000
	137.960000	-43.200000	24.200000
	137.980000	-42.636000	26.200000
	138.000000	-42.048000	27.800000
	138.020000	-41.424000	29.600000
	138.040000	-40.788000	30.800000
	138.060000	-40.128000	32.000000
	138.080000	-39.456000	32.800000
	138.100000	-38.760000	33.800000
	138.120000	-38.052000	34.600000
	138.140000	-37.308000	35.800000
	138.160000	-36.564000	36.600000
	138.180000	-35.808000	37.400000
	138.200000	-35.064000	37.400000
	138.220000	-34.296000	37.800000
	138.240000	-33.528000	38.000000
	138.260000	-32.760000	38.400000
	138.280000	-32.016000	38.000000
	138.300000	-31.260000	37.800000
	138.320000	-30.516000	37.400000
	138.340000	-29.784000	37.200000
	138.360000	-29.064000	36.600000
	138.380000	-28.368000	35.800000
	138.400000	-27.672000	35.200000
	138.420000	-27.000000	34.400000
	138.440000	-26.328000	34.000000
	138.460000	-25.692000	33.000000
	138.480000	-25.092000	31.800000
	138.500000	-24.516000	30.200000
	138.520000	-23.952000	29.000000
	138.540000	-23.412000	28.000000
	138.560000	-22.908000	26.800000
	138.580000	-22.440000	25.200000
	138.600000	-22.008000	23.400000
	138.620000	-21.612000	21.600000
	138.640000	-21.252000	19.800000
	138.660000	-20.928000	18.000000
	138.680000	-20.640000	16.200000
	138.700000	-20.388000	14.400000
	138.720000	-20.172000	12.600000
	138.740000	-19.992000	10.800000
	138.760000	-19.860000	8.800000
	138.780000	-19.776000	6.600000
	138.800000	-19.728000	4.400000
	138.820000	-19.728000	2.200000
	138.840000	-19.764000	0.200000
	138.860000	-19.860000	-2.200000
	138.880000	-19.992000	-4.400000
	138.900000	-20.160000	-6.600000
	138.920000	-20.376000	-8.600000
	138.940000	-20.628000	-10.600000
	138.960000	-20.928000	-12.800000
	138.980000	-21.264000	-14.800000
	139.000000	-21.636000	-16.800000
	139.020000	-22.056000	-18.800000
	139.040000	-22.512000	-20.800000
	139.060000	-23.016000	-23.000000
	139.080000	-23.556000	-25.000000
	139.100000	-24.132000	-27.000000
	139.120000	-24.768000	-29.200000
	139.140000	-25.452000	-31.600000
	139.160000	-26.172000	-34.000000
	139.180000	-26.916000	-35.800000
	139.200000	-27.696000	-37.400000
	139.220000	-28.524000	-39.200000
	139.240000	-29.388000	-41.200000
	139.260000	-30.300000	-43.400000
	139.280000	-31.236000	-45.200000
	139.300000	-32.208000	-47.000000
	139.320000	-33.192000	-48.200000
	139.340000	-34.224000	-49.800000
	139.360000	-35.292000	-51.400000
	139.380000	-36.396000	-53.400000
	139.400000	-37.500000	-54.600000
	139.420000	-38.628000	-55.600000
	139.440000	-39.756000	-56.000000
	139.460000	-40.932000	-57.200000
	139.480000	-42.084000	-57.600000
	139.500000	-43.272000	-58.600000
	139.520000	-44.436000	-58.400000
	139.540000	-45.636000	-59.200000
	139.560000	-46.812000	-59.000000
	139.580000	-48.012000	-59.600000
	139.600000	-49.188000	-59.200000
	139.620000	-50.352000	-59.000000
	139.640000	-51.516000	-58.400000
	139.660000	-52.668000	-58.000000
	139.680000	-53.820000	-57.800000
	139.700000	-54.924000	-56.800000
	139.720000	-56.028000	-56.000000
	139.740000	-57.096000	-54.600000
	139.760000	-58.128000	-53.400000
	139.780000	-59.112000	-51.400000
	139.800000	-60.048000	-49.200000
	139.820000	-60.960000	-47.200000
	139.840000	-61.824000	-45.200000
	139.860000	-62.640000	-43.200000
	139.880000	-63.396000	-40.600000
	139.900000	-64.080000	-37.600000
	139.920000	-64.716000	-34.600000
	139.940000	-65.292000	-31.600000
	139.960000	-65.808000	-28.800000
	139.980000	-66.252000	-25.600000
	140.000000	-66.612000	-22.000000
	140.020000	-66.900000	-18.200000
	140.040000	-67.116000	-14.400000
	140.060000	-67.248000	-10.600000
	140.080000	-67.308000	-6.800000
	140.100000	-67.284000	-2.800000
	140.120000	-67.188000	1.000000
	140.140000	-66.996000	5.200000
	140.160000	-66.732000	9.200000
	140.180000	-66.396000	13.200000
	140.200000	-65.988000	16.800000
	140.220000	-65.508000	20.400000
	140.240000	-64.932000	24.400000
	140.260000	-64.296000	28.200000
	140.280000	-63.588000	32.000000
	140.300000	-62.820000	35.200000
	140.320000	-61.980000	38.600000
	140.340000	-61.056000	42.200000
	140.360000	-60.096000	45.400000
	140.380000	-59.040000	49.000000
	140.400000	-57.948000	51.800000
	140.420000	-56.784000	55.200000
	140.440000	-55.584000	57.600000
	140.460000	-54.312000	60.600000
	140.480000	-52.980000	63.400000
	140.500000	-51.612000	66.200000
	140.520000	-50.208000	68.400000
	140.540000	-48.768000	70.200000
	140.560000	-47.292000	72.000000
	140.580000	-45.792000	73.600000
	140.600000	-44.244000	75.400000
	140.620000	-42.660000	77.200000
	140.640000	-41.028000	79.400000
	140.660000	-39.396000	80.800000
	140.680000	-37.764000	81.600000
	140.700000	-36.108000	82.000000
	140.720000	-34.392000	83.400000
	140.740000	-32.652000	85.200000
	140.760000	-30.900000	86.800000
	140.780000	-29.184000	86.800000
	140.800000	-27.468000	86.400000
	140.820000	-25.716000	86.400000
	140.840000	-23.976000	86.800000
	140.860000	-22.176000	88.200000
	140.880000	-20.424000	88.200000
	140.900000	-18.612000	89.400000
	140.920000	-16.848000	88.800000
	140.940000	-15.060000	89.400000
	140.960000	-13.296000	88.600000
	140.980000	-11.508000	89.000000
	141.000000	-9.708000	89.200000
	141.020000	-7.908000	89.800000
	141.040000	-6.108000	90.000000
	141.060000	-4.332000	89.600000
	141.080000	-2.544000	89.400000
	141.100000	-0.780000	88.800000
	141.120000	1.008000	89.000000
	141.140000	2.796000	89.000000
	141.160000	4.584000	89.400000
	141.180000	6.384000	89.600000
	141.200000	8.148000	89.200000
	141.220000	9.912000	88.800000
	141.240000	11.640000	87.600000
	141.260000	13.368000	87.000000
	141.280000	15.108000	86.600000
	141.300000	16.848000	86.800000
	141.320000	18.588000	87.000000
	141.340000	20.340000	87.200000
	141.360000	22.056000	86.800000
	141.380000	23.784000	86.600000
	141.400000	25.452000	85.200000
	141.420000	27.108000	84.200000
	141.440000	28.764000	83.000000
	141.460000	30.408000	82.600000
	141.480000	32.100000	83.200000
	141.500000	33.756000	83.200000
	141.520000	35.412000	83.400000
	141.540000	36.996000	81.600000
	141.560000	38.568000	80.200000
	141.580000	40.116000	78.400000
	141.600000	41.664000	77.800000
	141.620000	43.200000	77.200000
	141.640000	44.724000	76.800000
	141.660000	46.188000	75.400000
	141.680000	47.628000	73.800000
	141.700000	49.032000	71.800000
	141.720000	50.424000	70.600000
	141.740000	51.768000	69.000000
	141.760000	53.088000	67.600000
	141.780000	54.348000	65.400000
	141.800000	55.548000	63.000000
	141.820000	56.688000	60.000000
	141.840000	57.804000	57.600000
	141.860000	58.872000	55.400000
	141.880000	59.892000	53.400000
	141.900000	60.840000	50.600000
	141.920000	61.740000	47.800000
	141.940000	62.580000	44.800000
	141.960000	63.360000	42.000000
	141.980000	64.068000	38.800000
	142.000000	64.704000	35.400000
	142.020000	65.268000	31.800000
	142.040000	65.760000	28.200000
	142.060000	66.180000	24.600000
	142.080000	66.540000	21.200000
	142.100000	66.816000	17.600000
	142.120000	67.008000	13.800000
	142.140000	67.128000	9.800000
	142.160000	67.176000	6.000000
	142.180000	67.164000	2.600000
	142.200000	67.080000	-0.800000
	142.220000	66.936000	-4.000000
	142.240000	66.720000	-7.400000
	142.260000	66.444000	-10.600000
	142.280000	66.096000	-14.000000
	142.300000	65.700000	-17.000000
	142.320000	65.244000	-20.000000
	142.340000	64.740000	-22.600000
	142.360000	64.176000	-25.400000
	142.380000	63.576000	-27.800000
	142.400000	62.916000	-30.400000
	142.420000	62.232000	-32.400000
	142.440000	61.488000	-34.800000
	142.460000	60.732000	-36.400000
	142.480000	59.916000	-38.600000
	142.500000	59.052000	-40.600000
	142.520000	58.164000	-42.800000
	142.540000	57.240000	-44.600000
	142.560000	56.292000	-46.000000
	142.580000	55.320000	-47.400000
	142.600000	54.324000	-48.600000
	142.620000	53.328000	-49.400000
	142.640000	52.296000	-50.400000
	142.660000	51.264000	-51.000000
	142.680000	50.208000	-52.000000
	142.700000	49.140000	-52.600000
	142.720000	48.072000	-53.200000
	142.740000	46.992000	-53.600000
	142.760000	45.900000	-54.000000
	142.780000	44.796000	-54.600000
	142.800000	43.704000	-54.800000
	142.820000	42.636000	-54.400000
	142.840000	41.592000	-53.400000
	142.860000	40.548000	-52.600000
	142.880000	39.504000	-52.200000
	142.900000	38.460000	-52.200000
	142.920000	37.428000	-52.000000
	142.940000	36.408000	-51.600000
	142.960000	35.412000	-50.800000
	142.980000	34.440000	-49.800000
	143.000000	33.504000	-48.400000
	143.020000	32.556000	-47.600000
	143.040000	31.644000	-46.600000
	143.060000	30.744000	-46.000000
	143.080000	29.892000	-44.400000
	143.100000	29.052000	-43.200000
	143.120000	28.248000	-41.600000
	143.140000	27.468000	-40.400000
	143.160000	26.712000	-39.000000
	143.180000	25.992000	-37.600000
	143.200000	25.296000	-36.200000
	143.220000	24.648000	-34.400000
	143.240000	24.024000	-32.800000
	143.260000	23.436000	-31.000000
	143.280000	22.860000	-29.800000
	143.300000	22.320000	-28.400000
	143.320000	21.816000	-27.000000
	143.340000	21.360000	-25.000000
	143.360000	20.928000	-23.200000
	143.380000	20.532000	-21.400000
	143.400000	20.172000	-19.800000
	143.420000	19.848000	-18.000000
	143.440000	19.560000	-16.200000
	143.460000	19.308000	-14.400000
	143.480000	19.092000	-12.600000
	143.500000	18.924000	-10.600000
	143.520000	18.792000	-8.600000
	143.540000	18.696000	-6.600000
	143.560000	18.624000	-5.000000
	143.580000	18.588000	-3.400000
	143.600000	18.588000	-1.800000
	143.620000	18.624000	0.000000
	143.640000	18.684000	1.600000
	143.660000	18.780000	3.200000
	143.680000	18.900000	4.600000
	143.700000	19.056000	6.200000
	143.720000	19.236000	7.600000
	143.740000	19.440000	9.000000
	143.760000	19.680000	10.400000
	143.780000	19.932000	11.600000
	143.800000	20.208000	12.800000
	143.820000	20.496000	13.600000
	143.840000	20.808000	14.600000
	143.860000	21.144000	15.600000
	143.880000	21.492000	16.600000
	143.900000	21.864000	17.600000
	143.920000	22.248000	18.400000
	143.940000	22.656000	19.400000
	143.960000	23.088000	20.400000
	143.980000	23.532000	21.400000
	144.000000	23.976000	22.000000
	144.020000	24.432000	22.400000
	144.040000	24.912000	23.000000
	144.060000	25.416000	24.000000
	144.080000	25.920000	24.800000
	144.100000	26.436000	25.400000
	144.120000	26.952000	25.600000
	144.140000	27.480000	26.000000
	144.160000	28.008000	26.200000
	144.180000	28.548000	26.600000
	144.200000	29.088000	26.800000
	144.220000	29.640000	27.200000
	144.240000	30.192000	27.400000
	144.260000	30.744000	27.600000
	144.280000	31.284000	27.400000
	144.300000	31.824000	27.200000
	144.320000	32.364000	27.000000
	144.340000	32.892000	26.800000
	144.360000	33.420000	26.600000
	144.380000	33.924000	26.000000
	144.400000	34.428000	25.600000
	144.420000	34.908000	24.800000
	144.440000	35.388000	24.400000
	144.460000	35.856000	23.800000
	144.480000	36.312000	23.400000
	144.500000	36.744000	22.600000
	144.520000	37.152000	21.600000
	144.540000	37.536000	20.400000
	144.560000	37.908000	19.400000
	144.580000	38.256000	18.400000
	144.600000	38.580000	17.400000
	144.620000	38.880000	16.200000
	144.640000	39.156000	15.000000
	144.660000	39.408000	13.800000
	144.680000	39.624000	12.400000
	144.700000	39.816000	11.000000
	144.720000	39.972000	9.400000
	144.740000	40.104000	8.000000
	144.760000	40.200000	6.400000
	144.780000	40.272000	5.000000
	144.800000	40.308000	3.400000
	144.820000	40.308000	1.800000
	144.840000	40.284000	0.200000
	144.860000	40.224000	-1.400000
	144.880000	40.140000	-2.800000
	144.900000	40.020000	-4.400000
	144.920000	39.876000	-5.800000
	144.940000	39.708000	-7.200000
	144.960000	39.516000	-8.400000
	144.980000	39.300000	-9.600000
	145.000000	39.060000	-10.800000
	145.020000	38.784000	-12.200000
	145.040000	38.484000	-13.600000
	145.060000	38.160000	-15.000000
	145.080000	37.824000	-16.000000
	145.100000	37.464000	-17.000000
	145.120000	37.080000	-18.000000
	145.140000	36.672000	-19.200000
	145.160000	36.240000	-20.400000
	145.180000	35.784000	-21.600000
	145.200000	35.304000	-22.800000
	145.220000	34.800000	-24.000000
	145.240000	34.272000	-25.200000
	145.260000	33.720000	-26.400000
	145.280000	33.168000	-27.200000
	145.300000	32.592000	-28.000000
	145.320000	31.992000	-28.800000
	145.340000	31.368000	-30.000000
	145.360000	30.720000	-31.200000
	145.380000	30.072000	-32.000000
	145.400000	29.388000	-33.000000
	145.420000	28.716000	-33.400000
	145.440000	28.020000	-34.200000
	145.460000	27.324000	-34.400000
	145.480000	26.604000	-35.200000
	145.500000	25.884000	-35.600000
	145.520000	25.140000	-36.400000
	145.540000	24.384000	-37.000000
	145.560000	23.616000	-37.800000
	145.580000	22.860000	-38.000000
	145.600000	22.116000	-37.800000
	145.620000	21.348000	-37.800000
	145.640000	20.580000	-38.000000
	145.660000	19.788000	-38.800000
	145.680000	19.020000	-38.800000
	145.700000	18.252000	-38.800000
	145.720000	17.484000	-38.400000
	145.740000	16.728000	-38.200000
	145.760000	15.960000	-38.200000
	145.780000	15.204000	-38.000000
	145.800000	14.436000	-38.200000
	145.820000	13.680000	-38.000000
	145.840000	12.936000	-37.800000
	145.860000	12.216000	-37.000000
	145.880000	11.508000	-36.200000
	145.900000	10.812000	-35.400000
	145.920000	10.116000	-35.000000
	145.940000	9.432000	-34.600000
	145.960000	8.748000	-34.400000
	145.980000	8.088000	-33.800000
	146.000000	7.440000	-33.200000
	146.020000	6.828000	-32.000000
	146.040000	6.228000	-31.000000
	146.060000	5.652000	-29.800000
	146.080000	5.076000	-29.200000
	146.100000	4.524000	-28.400000
	146.120000	3.984000	-27.800000
	146.140000	3.480000	-26.600000
	146.160000	2.988000	-25.600000
	146.180000	2.532000	-24.200000
	146.200000	2.088000	-23.200000
	146.220000	1.692000	-21.600000
	146.240000	1.308000	-20.400000
	146.260000	0.960000	-18.800000
	146.280000	0.624000	-17.800000
	146.300000	0.324000	-16.400000
	146.320000	0.048000	-15.200000
	146.340000	-0.204000	-13.800000
	146.360000	-0.420000	-12.400000
	146.380000	-0.600000	-10.800000
	146.400000	-0.756000	-9.200000
	146.420000	-0.876000	-7.600000
	146.440000	-0.972000	-6.200000
	146.460000	-1.032000	-4.600000
	146.480000	-1.068000	-3.200000
	146.500000	-1.068000	-1.600000
	146.520000	-1.044000	-0.200000
	146.540000	-0.996000	1.200000
	146.560000	-0.924000	2.400000
	146.580000	-0.828000	3.600000
	146.600000	-0.708000	4.800000
	146.620000	-0.576000	5.800000
	146.640000	-0.420000	6.800000
	146.660000	-0.252000	7.600000
	146.680000	-0.060000	8.600000
	146.700000	0.144000	9.400000
	146.720000	0.372000	10.400000
	146.740000	0.600000	11.000000
	146.760000	0.852000	11.800000
	146.780000	1.104000	12.200000
	146.800000	1.380000	13.000000
	146.820000	1.644000	13.200000
	146.840000	1.920000	13.600000
	146.860000	2.208000	13.800000
	146.880000	2.520000	14.600000
	146.900000	2.832000	15.200000
	146.920000	3.144000	15.600000
	146.940000	3.468000	15.800000
	146.960000	3.792000	16.000000
	146.980000	4.128000	16.400000
	147.000000	4.452000	16.400000
	147.020000	4.788000	16.600000
	147.040000	5.112000	16.400000
	147.060000	5.436000	16.400000
	147.080000	5.760000	16.200000
	147.100000	6.072000	16.000000
	147.120000	6.384000	15.800000
	147.140000	6.684000	15.400000
	147.160000	6.984000	15.200000
	147.180000	7.260000	14.600000
	147.200000	7.524000	14.000000
	147.220000	7.776000	13.200000
	147.240000	8.016000	12.600000
	147.260000	8.244000	12.000000
	147.280000	8.448000	11.200000
	147.300000	8.640000	10.400000
	147.320000	8.808000	9.400000
	147.340000	8.952000	8.400000
	147.360000	9.072000	7.200000
	147.380000	9.168000	6.000000
	147.400000	9.252000	5.000000
	147.420000	9.300000	3.800000
	147.440000	9.324000	2.600000
	147.460000	9.312000	1.000000
	147.480000	9.276000	-0.400000
	147.500000	9.216000	-1.800000
	147.520000	9.132000	-3.000000
	147.540000	9.024000	-4.200000
	147.560000	8.880000	-5.600000
	147.580000	8.712000	-7.000000
	147.600000	8.508000	-8.600000
	147.620000	8.280000	-10.000000
	147.640000	8.016000	-11.600000
	147.660000	7.740000	-12.800000
	147.680000	7.428000	-14.200000
	147.700000	7.092000	-15.400000
	147.720000	6.708000	-17.200000
	147.740000	6.300000	-18.800000
	147.760000	5.856000	-20.600000
	147.780000	5.376000	-22.200000
	147.800000	4.872000	-23.800000
	147.820000	4.332000	-25.400000
	147.840000	3.756000	-27.000000
	147.860000	3.132000	-29.000000
	147.880000	2.472000	-31.000000
	147.900000	1.788000	-32.800000
	147.920000	1.068000	-34.400000
	147.940000	0.312000	-36.000000
	147.960000	-0.504000	-38.200000
	147.980000	-1.344000	-40.200000
	148.000000	-2.232000	-42.400000
	148.020000	-3.144000	-44.000000
	148.040000	-4.092000	-45.800000
	148.060000	-5.076000	-47.400000
	148.080000	-6.084000	-49.000000
	148.100000	-7.140000	-50.800000
	148.120000	-8.208000	-52.200000
	148.140000	-9.300000	-53.600000
	148.160000	-10.452000	-55.200000
	148.180000	-11.652000	-57.400000
	148.200000	-12.900000	-60.000000
	148.220000	-14.136000	-61.400000
	148.240000	-15.384000	-62.200000
	148.260000	-16.644000	-62.400000
	148.280000	-17.952000	-63.600000
	148.300000	-19.332000	-65.800000
	148.320000	-20.712000	-67.800000
	148.340000	-22.128000	-69.600000
	148.360000	-23.520000	-69.800000
	148.380000	-24.972000	-71.000000
	148.400000	-26.412000	-71.400000
	148.420000	-27.876000	-72.600000
	148.440000	-29.328000	-72.600000
	148.460000	-30.816000	-73.400000
	148.480000	-32.316000	-74.000000
	148.500000	-33.816000	-74.800000
	148.520000	-35.292000	-74.600000
	148.540000	-36.768000	-74.200000
	148.560000	-38.292000	-74.600000
	148.580000	-39.780000	-74.800000
	148.600000	-41.256000	-74.800000
	148.620000	-42.696000	-73.400000
	148.640000	-44.148000	-72.800000
	148.660000	-45.576000	-72.000000
	148.680000	-46.980000	-71.400000
	148.700000	-48.348000	-70.000000
	148.720000	-49.692000	-68.600000
	148.740000	-50.988000	-66.800000
	148.760000	-52.272000	-65.400000
	148.780000	-53.508000	-63.600000
	148.800000	-54.708000	-62.000000
	148.820000	-55.836000	-59.400000
	148.840000	-56.904000	-56.600000
	148.860000	-57.912000	-53.400000
	148.880000	-58.860000	-50.400000
	148.900000	-59.760000	-47.600000
	148.920000	-60.588000	-44.600000
	148.940000	-61.356000	-41.600000
	148.960000	-62.040000	-38.000000
	148.980000	-62.640000	-34.200000
	149.000000	-63.168000	-30.200000
	149.020000	-63.600000	-26.000000
	149.040000	-63.960000	-22.000000
	149.060000	-64.224000	-17.600000
	149.080000	-64.416000	-13.600000
	149.100000	-64.512000	-9.200000
	149.120000	-64.524000	-5.000000
	149.140000	-64.440000	-0.400000
	149.160000	-64.272000	4.000000
	149.180000	-64.020000	8.400000
	149.200000	-63.684000	12.600000
	149.220000	-63.276000	16.600000
	149.240000	-62.784000	20.600000
	149.260000	-62.232000	24.200000
	149.280000	-61.596000	28.000000
	149.300000	-60.888000	31.600000
	149.320000	-60.096000	35.600000
	149.340000	-59.244000	39.200000
	149.360000	-58.320000	42.800000
	149.380000	-57.348000	45.800000
	149.400000	-56.304000	49.000000
	149.420000	-55.200000	52.000000
	149.440000	-54.036000	55.200000
	149.460000	-52.824000	58.000000
	149.480000	-51.576000	60.400000
	149.500000	-50.256000	63.000000
	149.520000	-48.912000	65.200000
	149.540000	-47.532000	67.400000
	149.560000	-46.152000	68.400000
	149.580000	-44.700000	70.200000
	149.600000	-43.224000	71.800000
	149.620000	-41.724000	73.800000
	149.640000	-40.200000	75.000000
	149.660000	-38.664000	76.000000
	149.680000	-37.116000	76.800000
	149.700000	-35.580000	77.000000
	149.720000	-34.008000	77.600000
	149.740000	-32.400000	78.600000
	149.760000	-30.828000	79.200000
	149.780000	-29.256000	79.200000
	149.800000	-27.684000	78.600000
	149.820000	-26.076000	79.200000
	149.840000	-24.468000	79.800000
	149.860000	-22.884000	80.000000
	149.880000	-21.300000	79.600000
	149.900000	-19.728000	79.000000
	149.920000	-18.168000	78.600000
	149.940000	-16.632000	77.800000
	149.960000	-15.108000	77.000000
	149.980000	-13.572000	76.600000
	150.000000	-12.036000	76.600000
	150.020000	-10.536000	76.200000
	150.040000	-9.060000	75.200000
	150.060000	-7.596000	74.000000
	150.080000	-6.144000	73.200000
	150.100000	-4.728000	72.200000
	150.120000	-3.336000	71.000000
	150.140000	-1.944000	70.000000
	150.160000	-0.552000	69.600000
	150.180000	0.804000	69.000000
	150.200000	2.112000	67.600000
	150.220000	3.396000	65.800000
	150.240000	4.668000	64.400000
	150.260000	5.940000	63.800000
	150.280000	7.164000	62.800000
	150.300000	8.364000	61.600000
	150.320000	9.516000	59.600000
	150.340000	10.656000	58.200000
	150.360000	11.760000	56.600000
	150.380000	12.828000	55.200000
	150.400000	13.860000	53.400000
	150.420000	14.868000	51.800000
	150.440000	15.864000	50.600000
	150.460000	16.824000	49.400000
	150.480000	17.748000	48.000000
	150.500000	18.624000	46.000000
	150.520000	19.488000	44.400000
	150.540000	20.304000	42.600000
	150.560000	21.096000	41.200000
	150.580000	21.840000	39.200000
	150.600000	22.572000	37.800000
	150.620000	23.268000	36.200000
	150.640000	23.928000	34.800000
	150.660000	24.540000	32.800000
	150.680000	25.128000	31.000000
	150.700000	25.680000	29.200000
	150.720000	26.184000	27.400000
	150.740000	26.652000	25.400000
	150.760000	27.084000	23.400000
	150.780000	27.480000	21.600000
	150.800000	27.840000	19.800000
	150.820000	28.164000	18.000000
	150.840000	28.464000	16.400000
	150.860000	28.704000	14.400000
	150.880000	28.920000	12.600000
	150.900000	29.088000	10.400000
	150.920000	29.232000	8.800000
	150.940000	29.328000	6.800000
	150.960000	29.400000	5.200000
	150.980000	29.448000	3.600000
	151.000000	29.460000	2.200000
	151.020000	29.436000	0.600000
	151.040000	29.376000	-1.200000
	151.060000	29.292000	-2.800000
	151.080000	29.184000	-4.200000
	151.100000	29.052000	-5.400000
	151.120000	28.896000	-6.600000
	151.140000	28.716000	-7.800000
	151.160000	28.512000	-9.000000
	151.180000	28.284000	-10.200000
	151.200000	28.056000	-11.000000
	151.220000	27.804000	-11.800000
	151.240000	27.540000	-12.400000
	151.260000	27.252000	-13.400000
	151.280000	26.964000	-14.000000
	151.300000	26.664000	-14.600000
	151.320000	26.352000	-15.000000
	151.340000	26.028000	-15.600000
	151.360000	25.692000	-16.200000
	151.380000	25.344000	-16.800000
	151.400000	24.984000	-17.400000
	151.420000	24.624000	-17.800000
	151.440000	24.264000	-18.000000
	151.460000	23.892000	-18.200000
	151.480000	23.520000	-18.400000
	151.500000	23.136000	-18.800000
	151.520000	22.752000	-19.000000
	151.540000	22.368000	-19.200000
	151.560000	21.996000	-19.000000
	151.580000	21.624000	-18.800000
	151.600000	21.252000	-18.600000
	151.620000	20.880000	-18.600000
	151.640000	20.520000	-18.400000
	151.660000	20.124000	-18.800000
	151.680000	19.776000	-18.400000
	151.700000	19.440000	-18.000000
	151.720000	19.152000	-16.200000
	151.740000	18.840000	-15.600000
	151.760000	18.540000	-15.000000
	151.780000	18.264000	-14.800000
	151.800000	18.000000	-14.000000
	151.820000	17.748000	-13.200000
	151.840000	17.508000	-12.600000
	151.860000	17.292000	-11.800000
	151.880000	17.100000	-10.800000
	151.900000	16.932000	-9.600000
	151.920000	16.788000	-8.400000
	151.940000	16.668000	-7.200000
	151.960000	16.572000	-6.000000
	151.980000	16.488000	-5.000000
	152.000000	16.440000	-3.800000
	152.020000	16.416000	-2.600000
	152.040000	16.428000	-1.000000
	152.060000	16.452000	0.200000
	152.080000	16.500000	1.400000
	152.100000	16.572000	2.400000
	152.120000	16.680000	3.800000
	152.140000	16.812000	5.200000
	152.160000	16.968000	6.600000
	152.180000	17.148000	7.800000
	152.200000	17.352000	9.000000
	152.220000	17.592000	10.400000
	152.240000	17.844000	11.600000
	152.260000	18.120000	12.800000
	152.280000	18.420000	13.800000
	152.300000	18.744000	15.000000
	152.320000	19.104000	16.400000
	152.340000	19.476000	17.600000
	152.360000	19.872000	18.800000
	152.380000	20.292000	19.800000
	152.400000	20.736000	21.000000
	152.420000	21.216000	22.400000
	152.440000	21.720000	23.800000
	152.460000	22.260000	25.400000
	152.480000	22.824000	26.800000
	152.500000	23.412000	28.200000
	152.520000	24.024000	29.400000
	152.540000	24.660000	30.600000
	152.560000	25.332000	32.000000
	152.580000	26.016000	33.200000
	152.600000	26.724000	34.400000
	152.620000	27.456000	35.400000
	152.640000	28.212000	36.600000
	152.660000	28.992000	37.800000
	152.680000	29.772000	38.600000
	152.700000	30.588000	39.600000
	152.720000	31.416000	40.400000
	152.740000	32.268000	41.600000
	152.760000	33.108000	42.000000
	152.780000	33.984000	42.800000
	152.800000	34.872000	43.400000
	152.820000	35.784000	44.600000
	152.840000	36.684000	45.000000
	152.860000	37.584000	45.200000
	152.880000	38.508000	45.400000
	152.900000	39.432000	45.800000
	152.920000	40.392000	46.800000
	152.940000	41.328000	47.000000
	152.960000	42.264000	47.200000
	152.980000	43.188000	46.600000
	153.000000	44.124000	46.600000
	153.020000	45.060000	46.600000
	153.040000	45.996000	46.800000
	153.060000	46.920000	46.600000
	153.080000	47.832000	46.200000
	153.100000	48.708000	45.200000
	153.120000	49.560000	44.000000
	153.140000	50.412000	43.000000
	153.160000	51.240000	42.200000
	153.180000	52.068000	41.800000
	153.200000	52.848000	40.600000
	153.220000	53.616000	39.600000
	153.240000	54.336000	37.800000
	153.260000	55.032000	36.400000
	153.280000	55.692000	34.600000
	153.300000	56.304000	32.800000
	153.320000	56.892000	31.000000
	153.340000	57.420000	28.800000
	153.360000	57.924000	27.000000
	153.380000	58.368000	24.600000
	153.400000	58.776000	22.600000
	153.420000	59.136000	20.200000
	153.440000	59.436000	17.800000
	153.460000	59.688000	15.200000
	153.480000	59.880000	12.400000
	153.500000	60.036000	10.000000
	153.520000	60.132000	7.400000
	153.540000	60.180000	5.000000
	153.560000	60.168000	2.200000
	153.580000	60.108000	-0.400000
	153.600000	59.988000	-3.200000
	153.620000	59.808000	-6.000000
	153.640000	59.592000	-8.600000
	153.660000	59.328000	-11.000000
	153.680000	59.028000	-13.000000
	153.700000	58.680000	-15.200000
	153.720000	58.296000	-17.200000
	153.740000	57.864000	-19.400000
	153.760000	57.372000	-21.800000
	153.780000	56.844000	-24.200000
	153.800000	56.280000	-26.400000
	153.820000	55.692000	-28.000000
	153.840000	55.044000	-30.000000
	153.860000	54.360000	-32.000000
	153.880000	53.628000	-34.400000
	153.900000	52.872000	-36.200000
	153.920000	52.080000	-38.000000
	153.940000	51.240000	-39.800000
	153.960000	50.376000	-41.600000
	153.980000	49.488000	-43.200000
	154.000000	48.576000	-44.400000
	154.020000	47.616000	-46.000000
	154.040000	46.632000	-47.600000
	154.060000	45.624000	-49.200000
	154.080000	44.604000	-50.200000
	154.100000	43.560000	-51.200000
	154.120000	42.492000	-52.200000
	154.140000	41.412000	-53.200000
	154.160000	40.308000	-54.200000
	154.180000	39.192000	-55.000000
	154.200000	38.064000	-55.800000
	154.220000	36.936000	-56.200000
	154.240000	35.796000	-56.600000
	154.260000	34.632000	-57.200000
	154.280000	33.456000	-58.000000
	154.300000	32.256000	-59.000000
	154.320000	31.068000	-59.400000
	154.340000	29.880000	-59.600000
	154.360000	28.716000	-59.000000
	154.380000	27.516000	-59.200000
	154.400000	26.292000	-59.800000
	154.420000	25.080000	-60.600000
	154.440000	23.904000	-60.200000
	154.460000	22.728000	-59.400000
	154.480000	21.552000	-58.800000
	154.500000	20.340000	-59.400000
	154.520000	19.152000	-59.600000
	154.540000	17.976000	-59.600000
	154.560000	16.824000	-58.600000
	154.580000	15.672000	-58.000000
	154.600000	14.520000	-57.600000
	154.620000	13.356000	-57.800000
	154.640000	12.240000	-57.200000
	154.660000	11.112000	-56.800000
	154.680000	10.020000	-55.600000
	154.700000	8.916000	-55.400000
	154.720000	7.824000	-54.800000
	154.740000	6.780000	-54.000000
	154.760000	5.724000	-53.200000
	154.780000	4.704000	-52.000000
	154.800000	3.684000	-51.600000
	154.820000	2.688000	-50.600000
	154.840000	1.716000	-49.800000
	154.860000	0.756000	-48.800000
	154.880000	-0.168000	-47.600000
	154.900000	-1.092000	-46.800000
	154.920000	-1.980000	-45.600000
	154.940000	-2.844000	-44.600000
	154.960000	-3.672000	-43.000000
	154.980000	-4.488000	-41.800000
	155.000000	-5.292000	-40.800000
	155.020000	-6.060000	-39.800000
	155.040000	-6.804000	-38.600000
	155.060000	-7.500000	-36.800000
	155.080000	-8.196000	-35.600000
	155.100000	-8.844000	-34.000000
	155.120000	-9.480000	-33.000000
	155.140000	-10.068000	-31.200000
	155.160000	-10.644000	-30.000000
	155.180000	-11.184000	-28.400000
	155.200000	-11.688000	-27.000000
	155.220000	-12.156000	-25.200000
	155.240000	-12.600000	-23.600000
	155.260000	-13.008000	-22.000000
	155.280000	-13.392000	-20.600000
	155.300000	-13.740000	-19.000000
	155.320000	-14.076000	-17.800000
	155.340000	-14.376000	-16.400000
	155.360000	-14.652000	-15.200000
	155.380000	-14.880000	-13.400000
	155.400000	-15.084000	-11.800000
	155.420000	-15.264000	-10.200000
	155.440000	-15.420000	-9.000000
	155.460000	-15.552000	-7.800000
	155.480000	-15.648000	-6.400000
	155.500000	-15.720000	-5.000000
	155.520000	-15.768000	-3.600000
	155.540000	-15.804000	-2.600000
	155.560000	-15.816000	-1.600000
	155.580000	-15.816000	-0.800000
	155.600000	-15.792000	0.200000
	155.620000	-15.756000	1.000000
	155.640000	-15.696000	2.000000
	155.660000	-15.636000	2.600000
	155.680000	-15.564000	3.200000
	155.700000	-15.492000	3.400000
	155.720000	-15.408000	3.800000
	155.740000	-15.336000	3.800000
	155.760000	-15.252000	4.000000
	155.780000	-15.168000	4.000000
	155.800000	-15.084000	4.200000
	155.820000	-15.012000	4.000000
	155.840000	-14.952000	3.600000
	155.860000	-14.904000	3.000000
	155.880000	-14.868000	2.400000
	155.900000	-14.832000	2.000000
	155.920000	-14.808000	1.600000
	155.940000	-14.796000	1.200000
	155.960000	-14.808000	0.400000
	155.980000	-14.832000	-0.400000
	156.000000	-14.880000	-1.400000
	156.020000	-14.940000	-2.200000
	156.040000	-15.012000	-3.000000
	156.060000	-15.096000	-3.600000
	156.080000	-15.192000	-4.200000
	156.100000	-15.312000	-5.000000
	156.120000	-15.444000	-5.800000
	156.140000	-15.600000	-6.800000
	156.160000	-15.768000	-7.600000
	156.180000	-15.960000	-8.600000
	156.200000	-16.164000	-9.400000
	156.220000	-16.392000	-10.400000
	156.240000	-16.632000	-11.200000
	156.260000	-16.896000	-12.200000
	156.280000	-17.184000	-13.200000
	156.300000	-17.496000	-14.400000
	156.320000	-17.844000	-15.800000
	156.340000	-18.216000	-17.200000
	156.360000	-18.624000	-18.800000
	156.380000	-19.056000	-20.200000
	156.400000	-19.512000	-21.600000
	156.420000	-19.992000	-22.800000
	156.440000	-20.496000	-24.000000
	156.460000	-21.024000	-25.200000
	156.480000	-21.600000	-26.800000
	156.500000	-22.200000	-28.400000
	156.520000	-22.848000	-30.400000
	156.540000	-23.508000	-31.800000
	156.560000	-24.216000	-33.600000
	156.580000	-24.936000	-34.800000
	156.600000	-25.704000	-36.600000
	156.620000	-26.496000	-38.000000
	156.640000	-27.336000	-40.000000
	156.660000	-28.176000	-41.200000
	156.680000	-29.052000	-42.600000
	156.700000	-29.940000	-43.400000
	156.720000	-30.888000	-45.200000
	156.740000	-31.836000	-46.400000
	156.760000	-32.832000	-48.200000
	156.780000	-33.840000	-49.200000
	156.800000	-34.884000	-50.800000
	156.820000	-35.940000	-51.800000
	156.840000	-37.008000	-52.800000
	156.860000	-38.100000	-53.600000
	156.880000	-39.204000	-54.400000
	156.900000	-40.356000	-55.800000
	156.920000	-41.508000	-56.800000
	156.940000	-42.684000	-58.000000
	156.960000	-43.848000	-58.200000
	156.980000	-45.024000	-58.600000
	157.000000	-46.188000	-58.400000
	157.020000	-47.352000	-58.400000
	157.040000	-48.528000	-58.400000
	157.060000	-49.704000	-58.600000
	157.080000	-50.880000	-58.800000
	157.100000	-52.044000	-58.600000
	157.120000	-53.196000	-58.200000
	157.140000	-54.312000	-57.200000
	157.160000	-55.416000	-56.200000
	157.180000	-56.508000	-55.200000
	157.200000	-57.576000	-54.400000
	157.220000	-58.620000	-53.400000
	157.240000	-59.640000	-52.200000
	157.260000	-60.600000	-50.400000
	157.280000	-61.524000	-48.400000
	157.300000	-62.376000	-45.600000
	157.320000	-63.216000	-43.600000
	157.340000	-63.984000	-41.000000
	157.360000	-64.704000	-38.800000
	157.380000	-65.364000	-35.800000
	157.400000	-65.952000	-32.800000
	157.420000	-66.480000	-29.600000
	157.440000	-66.936000	-26.200000
	157.460000	-67.332000	-23.000000
	157.480000	-67.656000	-19.600000
	157.500000	-67.896000	-16.000000
	157.520000	-68.052000	-12.000000
	157.540000	-68.124000	-7.800000
	157.560000	-68.124000	-3.800000
	157.580000	-68.052000	0.000000
	157.600000	-67.896000	3.800000
	157.620000	-67.668000	7.600000
	157.640000	-67.356000	11.600000
	157.660000	-66.984000	15.200000
	157.680000	-66.528000	19.000000
	157.700000	-66.012000	22.400000
	157.720000	-65.412000	26.200000
	157.740000	-64.740000	29.800000
	157.760000	-63.996000	33.600000
	157.780000	-63.180000	37.200000
	157.800000	-62.304000	40.600000
	157.820000	-61.356000	44.000000
	157.840000	-60.372000	46.800000
	157.860000	-59.316000	49.800000
	157.880000	-58.188000	52.800000
	157.900000	-57.000000	56.200000
	157.920000	-55.764000	59.200000
	157.940000	-54.504000	61.400000
	157.960000	-53.172000	63.800000
	157.980000	-51.780000	66.400000
	158.000000	-50.352000	69.200000
	158.020000	-48.888000	71.400000
	158.040000	-47.400000	73.000000
	158.060000	-45.864000	74.800000
	158.080000	-44.316000	76.200000
	158.100000	-42.744000	77.600000
	158.120000	-41.124000	79.000000
	158.140000	-39.480000	80.600000
	158.160000	-37.788000	82.600000
	158.180000	-36.108000	83.600000
	158.200000	-34.404000	84.600000
	158.220000	-32.676000	85.200000
	158.240000	-30.936000	86.200000
	158.260000	-29.184000	87.000000
	158.280000	-27.444000	87.200000
	158.300000	-25.692000	87.400000
	158.320000	-23.856000	88.800000
	158.340000	-22.056000	89.800000
	158.360000	-20.244000	90.800000
	158.380000	-18.456000	90.000000
	158.400000	-16.644000	90.200000
	158.420000	-14.796000	90.800000
	158.440000	-12.996000	91.000000
	158.460000	-11.184000	91.000000
	158.480000	-9.384000	90.200000
	158.500000	-7.548000	90.800000
	158.520000	-5.688000	91.600000
	158.540000	-3.816000	92.800000
	158.560000	-1.968000	93.000000
	158.580000	-0.120000	92.800000
	158.600000	1.704000	92.000000
	158.620000	3.516000	91.400000
	158.640000	5.328000	90.800000
	158.660000	7.140000	90.600000
	158.680000	8.988000	91.200000
	158.700000	10.860000	92.200000
	158.720000	12.720000	93.000000
	158.740000	14.556000	92.800000
	158.760000	16.356000	91.600000
	158.780000	18.156000	90.600000
	158.800000	19.968000	90.200000
	158.820000	21.792000	90.600000
	158.840000	23.604000	90.800000
	158.860000	25.392000	90.400000
	158.880000	27.192000	90.000000
	158.900000	28.992000	89.800000
	158.920000	30.780000	89.800000
	158.940000	32.532000	89.000000
	158.960000	34.284000	88.200000
	158.980000	36.048000	87.800000
	159.000000	37.824000	88.200000
	159.020000	39.576000	88.200000
	159.040000	41.316000	87.800000
	159.060000	42.996000	86.200000
	159.080000	44.688000	85.200000
	159.100000	46.332000	83.600000
	159.120000	47.964000	82.800000
	159.140000	49.572000	81.400000
	159.160000	51.144000	80.200000
	159.180000	52.668000	78.400000
	159.200000	54.156000	76.400000
	159.220000	55.632000	74.800000
	159.240000	57.060000	73.200000
	159.260000	58.452000	71.600000
	159.280000	59.784000	69.200000
	159.300000	61.068000	66.800000
	159.320000	62.280000	63.800000
	159.340000	63.432000	60.800000
	159.360000	64.536000	57.800000
	159.380000	65.568000	54.800000
	159.400000	66.528000	51.600000
	159.420000	67.428000	48.200000
	159.440000	68.244000	44.600000
	159.460000	69.000000	41.200000
	159.480000	69.660000	37.200000
	159.500000	70.248000	33.400000
	159.520000	70.752000	29.200000
	159.540000	71.172000	25.200000
	159.560000	71.508000	21.000000
	159.580000	71.748000	16.600000
	159.600000	71.892000	12.000000
	159.620000	71.952000	7.400000
	159.640000	71.940000	3.200000
	159.660000	71.844000	-0.800000
	159.680000	71.664000	-4.800000
	159.700000	71.400000	-9.000000
	159.720000	71.076000	-12.800000
	159.740000	70.668000	-16.600000
	159.760000	70.200000	-20.000000
	159.780000	69.648000	-23.800000
	159.800000	69.036000	-27.200000
	159.820000	68.352000	-30.800000
	159.840000	67.620000	-33.800000
	159.860000	66.840000	-36.600000
	159.880000	65.988000	-39.400000
	159.900000	65.076000	-42.400000
	159.920000	64.104000	-45.600000
	159.940000	63.084000	-48.400000
	159.960000	62.040000	-50.600000
	159.980000	60.960000	-52.400000
	160.000000	59.844000	-54.000000
	160.020000	58.680000	-56.000000
	160.040000	57.468000	-58.200000
	160.060000	56.244000	-60.000000
	160.080000	54.996000	-61.400000
	160.100000	53.748000	-62.000000
	160.120000	52.464000	-63.000000
	160.140000	51.168000	-63.800000
	160.160000	49.848000	-65.000000
	160.180000	48.516000	-65.800000
	160.200000	47.172000	-66.600000
	160.220000	45.816000	-67.200000
	160.240000	44.484000	-67.200000
	160.260000	43.140000	-67.200000
	160.280000	41.808000	-66.800000
	160.300000	40.452000	-67.200000
	160.320000	39.120000	-67.000000
	160.340000	37.788000	-67.000000
	160.360000	36.456000	-66.600000
	160.380000	35.112000	-66.800000
	160.400000	33.804000	-66.400000
	160.420000	32.508000	-65.800000
	160.440000	31.236000	-64.600000
	160.460000	29.964000	-64.000000
	160.480000	28.740000	-62.800000
	160.500000	27.528000	-61.800000
	160.520000	26.328000	-60.600000
	160.540000	25.128000	-60.200000
	160.560000	23.964000	-59.400000
	160.580000	22.812000	-58.600000
	160.600000	21.708000	-57.000000
	160.620000	20.592000	-56.200000
	160.640000	19.524000	-54.800000
	160.660000	18.480000	-53.800000
	160.680000	17.484000	-51.800000
	160.700000	16.476000	-50.800000
	160.720000	15.492000	-49.800000
	160.740000	14.544000	-49.000000
	160.760000	13.656000	-47.000000
	160.780000	12.780000	-45.200000
	160.800000	11.916000	-43.800000
	160.820000	11.088000	-42.800000
	160.840000	10.296000	-41.400000
	160.860000	9.552000	-39.400000
	160.880000	8.832000	-37.600000
	160.900000	8.136000	-36.000000
	160.920000	7.476000	-34.600000
	160.940000	6.828000	-33.400000
	160.960000	6.228000	-31.800000
	160.980000	5.640000	-30.600000
	161.000000	5.112000	-28.600000
	161.020000	4.608000	-27.000000
	161.040000	4.140000	-25.000000
	161.060000	3.684000	-23.800000
	161.080000	3.264000	-22.400000
	161.100000	2.880000	-21.000000
	161.120000	2.532000	-19.200000
	161.140000	2.208000	-17.600000
	161.160000	1.920000	-16.000000
	161.180000	1.656000	-14.600000
	161.200000	1.416000	-13.200000
	161.220000	1.200000	-12.000000
	161.240000	1.020000	-10.600000
	161.260000	0.876000	-9.000000
	161.280000	0.756000	-7.400000
	161.300000	0.660000	-6.000000
	161.320000	0.588000	-4.800000
	161.340000	0.540000	-3.600000
	161.360000	0.516000	-2.400000
	161.380000	0.516000	-1.200000
	161.400000	0.540000	5.551115E-17
	161.420000	0.576000	1.000000
	161.440000	0.624000	1.800000
	161.460000	0.684000	2.400000
	161.480000	0.756000	3.000000
	161.500000	0.840000	3.600000
	161.520000	0.936000	4.200000
	161.540000	1.044000	4.800000
	161.560000	1.140000	5.000000
	161.580000	1.248000	5.200000
	161.600000	1.344000	5.000000
	161.620000	1.452000	5.200000
	161.640000	1.548000	5.000000
	161.660000	1.656000	5.200000
	161.680000	1.752000	5.000000
	161.700000	1.836000	4.800000
	161.720000	1.908000	4.200000
	161.740000	1.968000	3.600000
	161.760000	2.016000	3.000000
	161.780000	2.040000	2.200000
	161.800000	2.052000	1.400000
	161.820000	2.040000	0.400000
	161.840000	2.016000	-0.400000
	161.860000	1.980000	-1.200000
	161.880000	1.920000	-2.000000
	161.900000	1.848000	-2.800000
	161.920000	1.752000	-3.800000
	161.940000	1.656000	-4.400000
	161.960000	1.536000	-5.200000
	161.980000	1.392000	-6.000000
	162.000000	1.236000	-7.000000
	162.020000	1.056000	-8.000000
	162.040000	0.864000	-8.800000
	162.060000	0.636000	-10.000000
	162.080000	0.396000	-11.000000
	162.100000	0.132000	-12.200000
	162.120000	-0.144000	-13.000000
	162.140000	-0.456000	-14.200000
	162.160000	-0.780000	-15.200000
	162.180000	-1.140000	-16.600000
	162.200000	-1.524000	-17.800000
	162.220000	-1.944000	-19.400000
	162.240000	-2.388000	-20.800000
	162.260000	-2.856000	-22.200000
	162.280000	-3.360000	-23.600000
	162.300000	-3.900000	-25.200000
	162.320000	-4.476000	-27.000000
	162.340000	-5.076000	-28.600000
	162.360000	-5.712000	-30.200000
	162.380000	-6.384000	-31.800000
	162.400000	-7.092000	-33.600000
	162.420000	-7.824000	-35.200000
	162.440000	-8.604000	-37.000000
	162.460000	-9.420000	-38.800000
	162.480000	-10.284000	-41.000000
	162.500000	-11.172000	-42.800000
	162.520000	-12.096000	-44.600000
	162.540000	-13.044000	-46.000000
	162.560000	-14.028000	-47.600000
	162.580000	-15.060000	-49.400000
	162.600000	-16.128000	-51.400000
	162.620000	-17.232000	-53.400000
	162.640000	-18.348000	-54.800000
	162.660000	-19.536000	-56.800000
	162.680000	-20.736000	-58.400000
	162.700000	-21.972000	-60.400000
	162.720000	-23.208000	-61.200000
	162.740000	-24.492000	-62.600000
	162.760000	-25.824000	-64.200000
	162.780000	-27.156000	-65.800000
	162.800000	-28.512000	-67.000000
	162.820000	-29.880000	-67.600000
	162.840000	-31.296000	-69.000000
	162.860000	-32.712000	-70.000000
	162.880000	-34.152000	-71.200000
	162.900000	-35.604000	-71.800000
	162.920000	-37.092000	-73.000000
	162.940000	-38.568000	-73.600000
	162.960000	-40.056000	-74.200000
	162.980000	-41.520000	-73.800000
	163.000000	-42.984000	-73.600000
	163.020000	-44.472000	-73.600000
	163.040000	-45.960000	-74.000000
	163.060000	-47.436000	-74.200000
	163.080000	-48.876000	-73.400000
	163.100000	-50.316000	-72.600000
	163.120000	-51.768000	-72.200000
	163.140000	-53.172000	-71.600000
	163.160000	-54.528000	-70.200000
	163.180000	-55.848000	-68.000000
	163.200000	-57.144000	-66.200000
	163.220000	-58.404000	-64.600000
	163.240000	-59.628000	-63.000000
	163.260000	-60.780000	-60.600000
	163.280000	-61.908000	-58.400000
	163.300000	-62.952000	-55.400000
	163.320000	-63.960000	-53.000000
	163.340000	-64.872000	-49.400000
	163.360000	-65.724000	-46.200000
	163.380000	-66.504000	-42.400000
	163.400000	-67.212000	-39.000000
	163.420000	-67.824000	-35.000000
	163.440000	-68.364000	-31.000000
	163.460000	-68.808000	-26.600000
	163.480000	-69.180000	-22.600000
	163.500000	-69.432000	-17.800000
	163.520000	-69.612000	-13.400000
	163.540000	-69.684000	-8.400000
	163.560000	-69.672000	-4.000000
	163.580000	-69.552000	1.000000
	163.600000	-69.348000	5.600000
	163.620000	-69.036000	10.600000
	163.640000	-68.652000	15.000000
	163.660000	-68.172000	19.600000
	163.680000	-67.632000	23.400000
	163.700000	-66.984000	27.800000
	163.720000	-66.252000	32.000000
	163.740000	-65.436000	36.600000
	163.760000	-64.548000	40.600000
	163.780000	-63.600000	44.200000
	163.800000	-62.556000	48.000000
	163.820000	-61.440000	51.800000
	163.840000	-60.252000	55.800000
	163.860000	-59.004000	59.200000
	163.880000	-57.684000	62.600000
	163.900000	-56.316000	65.600000
	163.920000	-54.864000	69.000000
	163.940000	-53.412000	71.200000
	163.960000	-51.876000	74.000000
	163.980000	-50.328000	75.600000
	164.000000	-48.708000	78.400000
	164.020000	-47.040000	80.600000
	164.040000	-45.360000	82.800000
	164.060000	-43.656000	84.200000
	164.080000	-41.940000	85.000000
	164.100000	-40.188000	86.200000
	164.120000	-38.364000	88.200000
	164.140000	-36.576000	89.400000
	164.160000	-34.752000	90.600000
	164.180000	-32.916000	90.800000
	164.200000	-31.032000	92.400000
	164.220000	-29.148000	93.400000
	164.240000	-27.300000	93.600000
	164.260000	-25.428000	93.400000
	164.280000	-23.568000	93.000000
	164.300000	-21.696000	93.400000
	164.320000	-19.800000	93.800000
	164.340000	-17.928000	94.000000
	164.360000	-16.008000	94.800000
	164.380000	-14.136000	94.400000
	164.400000	-12.216000	95.200000
	164.420000	-10.356000	94.200000
	164.440000	-8.472000	94.400000
	164.460000	-6.612000	93.400000
	164.480000	-4.728000	93.800000
	164.500000	-2.844000	93.800000
	164.520000	-0.948000	94.400000
	164.540000	0.948000	94.600000
	164.560000	2.808000	94.200000
	164.580000	4.668000	93.600000
	164.600000	6.504000	92.600000
	164.620000	8.304000	91.600000
	164.640000	10.116000	90.800000
	164.660000	11.880000	89.600000
	164.680000	13.704000	90.000000
	164.700000	15.480000	89.400000
	164.720000	17.292000	90.200000
	164.740000	19.044000	89.000000
	164.760000	20.796000	88.600000
	164.780000	22.536000	87.400000
	164.800000	24.276000	87.200000
	164.820000	26.004000	86.800000
	164.840000	27.720000	86.400000
	164.860000	29.400000	85.400000
	164.880000	31.056000	84.200000
	164.900000	32.688000	82.800000
	164.920000	34.320000	82.000000
	164.940000	35.964000	81.800000
	164.960000	37.596000	81.800000
	164.980000	39.204000	81.400000
	165.000000	40.752000	79.800000
	165.020000	42.264000	77.800000
	165.040000	43.752000	75.800000
	165.060000	45.228000	74.600000
	165.080000	46.680000	73.600000
	165.100000	48.108000	72.600000
	165.120000	49.500000	71.200000
	165.140000	50.856000	69.600000
	165.160000	52.164000	67.600000
	165.180000	53.436000	65.600000
	165.200000	54.636000	63.000000
	165.220000	55.800000	60.600000
	165.240000	56.904000	57.800000
	165.260000	57.984000	55.800000
	165.280000	59.016000	53.600000
	165.300000	59.976000	51.200000
	165.320000	60.864000	48.000000
	165.340000	61.692000	44.600000
	165.360000	62.472000	41.600000
	165.380000	63.192000	38.800000
	165.400000	63.828000	35.600000
	165.420000	64.404000	32.200000
	165.440000	64.908000	28.600000
	165.460000	65.364000	25.600000
	165.480000	65.736000	22.200000
	165.500000	66.036000	18.800000
	165.520000	66.252000	14.800000
	165.540000	66.396000	11.000000
	165.560000	66.468000	7.200000
	165.580000	66.480000	3.800000
	165.600000	66.432000	0.600000
	165.620000	66.312000	-2.600000
	165.640000	66.120000	-6.000000
	165.660000	65.868000	-9.400000
	165.680000	65.568000	-12.400000
	165.700000	65.220000	-15.000000
	165.720000	64.812000	-17.600000
	165.740000	64.356000	-20.200000
	165.760000	63.840000	-23.000000
	165.780000	63.288000	-25.400000
	165.800000	62.688000	-27.800000
	165.820000	62.040000	-30.000000
	165.840000	61.356000	-32.200000
	165.860000	60.624000	-34.400000
	165.880000	59.880000	-36.000000
	165.900000	59.088000	-37.800000
	165.920000	58.272000	-39.200000
	165.940000	57.420000	-41.000000
	165.960000	56.532000	-42.600000
	165.980000	55.620000	-44.200000
	166.000000	54.684000	-45.600000
	166.020000	53.748000	-46.400000
	166.040000	52.812000	-46.800000
	166.060000	51.864000	-47.000000
	166.080000	50.892000	-47.600000
	166.100000	49.908000	-48.400000
	166.120000	48.912000	-49.200000
	166.140000	47.928000	-49.400000
	166.160000	46.944000	-49.400000
	166.180000	45.960000	-49.200000
	166.200000	44.976000	-49.200000
	166.220000	43.992000	-49.200000
	166.240000	43.020000	-49.000000
	166.260000	42.060000	-48.600000
	166.280000	41.124000	-47.800000
	166.300000	40.200000	-47.000000
	166.320000	39.276000	-46.400000
	166.340000	38.352000	-46.200000
	166.360000	37.464000	-45.600000
	166.380000	36.600000	-44.600000
	166.400000	35.760000	-43.200000
	166.420000	34.944000	-42.000000
	166.440000	34.164000	-40.600000
	166.460000	33.408000	-39.200000
	166.480000	32.664000	-38.000000
	166.500000	31.944000	-37.000000
	166.520000	31.272000	-35.600000
	166.540000	30.624000	-34.000000
	166.560000	30.012000	-32.200000
	166.580000	29.424000	-30.800000
	166.600000	28.872000	-29.200000
	166.620000	28.356000	-27.600000
	166.640000	27.876000	-25.800000
	166.660000	27.420000	-24.200000
	166.680000	27.012000	-22.400000
	166.700000	26.628000	-20.800000
	166.720000	26.304000	-18.600000
	166.740000	25.992000	-17.000000
	166.760000	25.728000	-15.000000
	166.780000	25.500000	-13.400000
	166.800000	25.320000	-11.200000
	166.820000	25.176000	-9.200000
	166.840000	25.068000	-7.200000
	166.860000	24.996000	-5.400000
	166.880000	24.960000	-3.600000
	166.900000	24.960000	-1.800000
	166.920000	24.996000	-5.928591E-14
	166.940000	25.068000	1.800000
	166.960000	25.176000	3.600000
	166.980000	25.320000	5.400000
	167.000000	25.500000	7.200000
	167.020000	25.704000	8.800000
	167.040000	25.932000	10.200000
	167.060000	26.184000	11.400000
	167.080000	26.460000	12.600000
	167.100000	26.772000	14.000000
	167.120000	27.108000	15.400000
	167.140000	27.468000	16.800000
	167.160000	27.852000	18.000000
	167.180000	28.260000	19.200000
	167.200000	28.704000	20.600000
	167.220000	29.160000	21.800000
	167.240000	29.628000	22.800000
	167.260000	30.120000	23.600000
	167.280000	30.636000	24.600000
	167.300000	31.188000	26.000000
	167.320000	31.764000	27.400000
	167.340000	32.352000	28.600000
	167.360000	32.952000	29.400000
	167.380000	33.552000	29.800000
	167.400000	34.176000	30.400000
	167.420000	34.812000	31.000000
	167.440000	35.472000	32.000000
	167.460000	36.132000	32.600000
	167.480000	36.804000	33.200000
	167.500000	37.476000	33.400000
	167.520000	38.160000	33.800000
	167.540000	38.844000	34.000000
	167.560000	39.540000	34.400000
	167.580000	40.236000	34.600000
	167.600000	40.932000	34.800000
	167.620000	41.616000	34.600000
	167.640000	42.300000	34.400000
	167.660000	42.972000	34.000000
	167.680000	43.644000	33.800000
	167.700000	44.304000	33.400000
	167.720000	44.964000	33.200000
	167.740000	45.600000	32.600000
	167.760000	46.224000	32.000000
	167.780000	46.824000	31.000000
	167.800000	47.412000	30.200000
	167.820000	47.976000	29.200000
	167.840000	48.528000	28.400000
	167.860000	49.056000	27.400000
	167.880000	49.560000	26.400000
	167.900000	50.016000	24.800000
	167.920000	50.448000	23.200000
	167.940000	50.844000	21.400000
	167.960000	51.216000	20.000000
	167.980000	51.552000	18.400000
	168.000000	51.852000	16.800000
	168.020000	52.116000	15.000000
	168.040000	52.344000	13.200000
	168.060000	52.536000	11.400000
	168.080000	52.692000	9.600000
	168.100000	52.788000	7.400000
	168.120000	52.848000	5.200000
	168.140000	52.872000	3.000000
	168.160000	52.860000	1.200000
	168.180000	52.800000	-0.800000
	168.200000	52.692000	-3.000000
	168.220000	52.560000	-5.000000
	168.240000	52.392000	-6.800000
	168.260000	52.188000	-8.400000
	168.280000	51.936000	-10.400000
	168.300000	51.660000	-12.200000
	168.320000	51.348000	-14.000000
	168.340000	51.000000	-15.600000
	168.360000	50.616000	-17.400000
	168.380000	50.208000	-19.000000
	168.400000	49.776000	-20.400000
	168.420000	49.296000	-22.000000
	168.440000	48.780000	-23.800000
	168.460000	48.240000	-25.600000
	168.480000	47.676000	-27.000000
	168.500000	47.076000	-28.400000
	168.520000	46.440000	-30.000000
	168.540000	45.792000	-31.400000
	168.560000	45.108000	-32.800000
	168.580000	44.400000	-34.000000
	168.600000	43.656000	-35.600000
	168.620000	42.900000	-36.800000
	168.640000	42.120000	-38.000000
	168.660000	41.316000	-39.000000
	168.680000	40.488000	-40.200000
	168.700000	39.648000	-41.200000
	168.720000	38.772000	-42.400000
	168.740000	37.908000	-43.000000
	168.760000	37.008000	-44.000000
	168.780000	36.120000	-44.200000
	168.800000	35.184000	-45.400000
	168.820000	34.248000	-46.000000
	168.840000	33.300000	-47.000000
	168.860000	32.376000	-46.800000
	168.880000	31.416000	-47.200000
	168.900000	30.456000	-47.400000
	168.920000	29.484000	-48.200000
	168.940000	28.536000	-48.000000
	168.960000	27.564000	-48.200000
	168.980000	26.580000	-48.400000
	169.000000	25.620000	-48.600000
	169.020000	24.660000	-48.400000
	169.040000	23.688000	-48.200000
	169.060000	22.704000	-48.600000
	169.080000	21.744000	-48.600000
	169.100000	20.796000	-48.200000
	169.120000	19.836000	-47.800000
	169.140000	18.876000	-47.800000
	169.160000	17.940000	-47.600000
	169.180000	17.016000	-47.000000
	169.200000	16.104000	-46.200000
	169.220000	15.192000	-45.800000
	169.240000	14.292000	-45.400000
	169.260000	13.416000	-44.800000
	169.280000	12.540000	-44.200000
	169.300000	11.676000	-43.600000
	169.320000	10.812000	-43.400000
	169.340000	9.972000	-42.800000
	169.360000	9.168000	-41.800000
	169.380000	8.376000	-40.600000
	169.400000	7.608000	-39.400000
	169.420000	6.852000	-38.600000
	169.440000	6.132000	-37.400000
	169.460000	5.424000	-36.400000
	169.480000	4.752000	-35.000000
	169.500000	4.080000	-34.200000
	169.520000	3.444000	-33.000000
	169.540000	2.808000	-32.400000
	169.560000	2.208000	-31.200000
	169.580000	1.644000	-30.000000
	169.600000	1.104000	-28.400000
	169.620000	0.600000	-26.800000
	169.640000	0.096000	-25.800000
	169.660000	-0.360000	-24.400000
	169.680000	-0.804000	-23.400000
	169.700000	-1.200000	-21.600000
	169.720000	-1.584000	-20.400000
	169.740000	-1.920000	-18.600000
	169.760000	-2.232000	-17.200000
	169.780000	-2.508000	-15.400000
	169.800000	-2.760000	-14.000000
	169.820000	-2.988000	-12.600000
	169.840000	-3.180000	-11.200000
	169.860000	-3.336000	-9.600000
	169.880000	-3.456000	-7.800000
	169.900000	-3.552000	-6.200000
	169.920000	-3.624000	-4.800000
	169.940000	-3.660000	-3.400000
	169.960000	-3.672000	-2.000000
	169.980000	-3.660000	-0.600000
	170.000000	-3.624000	0.600000
	170.020000	-3.564000	1.800000
	170.040000	-3.480000	3.000000
	170.060000	-3.372000	4.200000
	170.080000	-3.252000	5.200000
	170.100000	-3.108000	6.200000
	170.120000	-2.964000	6.800000
	170.140000	-2.796000	7.600000
	170.160000	-2.628000	8.000000
	170.180000	-2.436000	8.800000
	170.200000	-2.244000	9.200000
	170.220000	-2.040000	9.800000
	170.240000	-1.836000	10.000000
	170.260000	-1.620000	10.400000
	170.280000	-1.416000	10.400000
	170.300000	-1.200000	10.600000
	170.320000	-0.984000	10.600000
	170.340000	-0.756000	11.000000
	170.360000	-0.552000	10.800000
	170.380000	-0.348000	10.600000
	170.400000	-0.144000	10.200000
	170.420000	0.072000	10.400000
	170.440000	0.276000	10.400000
	170.460000	0.480000	10.400000
	170.480000	0.672000	10.000000
	170.500000	0.852000	9.600000
	170.520000	1.020000	9.000000
	170.540000	1.176000	8.400000
	170.560000	1.320000	7.800000
	170.580000	1.440000	7.000000
	170.600000	1.548000	6.200000
	170.620000	1.644000	5.400000
	170.640000	1.716000	4.600000
	170.660000	1.764000	3.600000
	170.680000	1.788000	2.400000
	170.700000	1.800000	1.400000
	170.720000	1.788000	0.400000
	170.740000	1.752000	-0.600000
	170.760000	1.692000	-1.800000
	170.780000	1.608000	-3.000000
	170.800000	1.500000	-4.200000
	170.820000	1.368000	-5.400000
	170.840000	1.212000	-6.600000
	170.860000	1.032000	-7.800000
	170.880000	0.828000	-9.000000
	170.900000	0.600000	-10.200000
	170.920000	0.348000	-11.400000
	170.940000	0.072000	-12.600000
	170.960000	-0.228000	-13.800000
	170.980000	-0.564000	-15.200000
	171.000000	-0.936000	-16.800000
	171.020000	-1.344000	-18.600000
	171.040000	-1.776000	-20.200000
	171.060000	-2.244000	-21.800000
	171.080000	-2.748000	-23.400000
	171.100000	-3.288000	-25.200000
	171.120000	-3.852000	-26.800000
	171.140000	-4.452000	-28.400000
	171.160000	-5.076000	-29.800000
	171.180000	-5.760000	-31.800000
	171.200000	-6.480000	-33.800000
	171.220000	-7.236000	-36.000000
	171.240000	-8.016000	-37.600000
	171.260000	-8.832000	-39.200000
	171.280000	-9.684000	-40.800000
	171.300000	-10.572000	-42.600000
	171.320000	-11.484000	-44.200000
	171.340000	-12.456000	-46.200000
	171.360000	-13.452000	-48.000000
	171.380000	-14.496000	-50.200000
	171.400000	-15.564000	-51.800000
	171.420000	-16.692000	-54.000000
	171.440000	-17.832000	-55.600000
	171.460000	-18.984000	-57.000000
	171.480000	-20.160000	-57.800000
	171.500000	-21.408000	-59.600000
	171.520000	-22.668000	-61.400000
	171.540000	-23.952000	-63.200000
	171.560000	-25.248000	-64.000000
	171.580000	-26.580000	-65.200000
	171.600000	-27.936000	-66.400000
	171.620000	-29.292000	-67.400000
	171.640000	-30.696000	-68.600000
	171.660000	-32.124000	-69.800000
	171.680000	-33.564000	-71.200000
	171.700000	-35.040000	-72.400000
	171.720000	-36.492000	-72.800000
	171.740000	-37.956000	-73.200000
	171.760000	-39.396000	-72.600000
	171.780000	-40.872000	-73.000000
	171.800000	-42.348000	-73.200000
	171.820000	-43.824000	-73.800000
	171.840000	-45.264000	-73.200000
	171.860000	-46.716000	-72.800000
	171.880000	-48.156000	-72.200000
	171.900000	-49.596000	-72.200000
	171.920000	-50.988000	-71.200000
	171.940000	-52.332000	-69.600000
	171.960000	-53.652000	-67.600000
	171.980000	-54.960000	-66.200000
	172.000000	-56.232000	-65.000000
	172.020000	-57.468000	-63.600000
	172.040000	-58.656000	-61.600000
	172.060000	-59.808000	-59.600000
	172.080000	-60.864000	-56.600000
	172.100000	-61.860000	-53.400000
	172.120000	-62.796000	-49.800000
	172.140000	-63.696000	-47.200000
	172.160000	-64.524000	-44.400000
	172.180000	-65.280000	-41.400000
	172.200000	-65.952000	-37.600000
	172.220000	-66.540000	-33.600000
	172.240000	-67.032000	-29.200000
	172.260000	-67.452000	-25.000000
	172.280000	-67.776000	-20.600000
	172.300000	-68.016000	-16.400000
	172.320000	-68.148000	-11.600000
	172.340000	-68.196000	-7.000000
	172.360000	-68.160000	-2.400000
	172.380000	-68.028000	2.000000
	172.400000	-67.812000	6.400000
	172.420000	-67.500000	11.000000
	172.440000	-67.116000	15.200000
	172.460000	-66.648000	19.400000
	172.480000	-66.084000	23.600000
	172.500000	-65.436000	28.000000
	172.520000	-64.692000	32.600000
	172.540000	-63.888000	36.600000
	172.560000	-62.988000	40.800000
	172.580000	-62.052000	44.000000
	172.600000	-61.020000	47.800000
	172.620000	-59.940000	50.800000
	172.640000	-58.776000	54.600000
	172.660000	-57.576000	57.400000
	172.680000	-56.292000	60.800000
	172.700000	-54.936000	64.000000
	172.720000	-53.544000	67.200000
	172.740000	-52.104000	69.800000
	172.760000	-50.628000	71.800000
	172.780000	-49.104000	74.000000
	172.800000	-47.556000	75.800000
	172.820000	-45.960000	77.800000
	172.840000	-44.328000	79.600000
	172.860000	-42.672000	81.400000
	172.880000	-41.004000	82.600000
	172.900000	-39.276000	84.200000
	172.920000	-37.536000	85.600000
	172.940000	-35.796000	86.800000
	172.960000	-34.032000	87.400000
	172.980000	-32.256000	88.000000
	173.000000	-30.444000	89.200000
	173.020000	-28.668000	89.400000
	173.040000	-26.892000	89.400000
	173.060000	-25.080000	89.400000
	173.080000	-23.268000	90.000000
	173.100000	-21.456000	90.600000
	173.120000	-19.668000	90.200000
	173.140000	-17.856000	90.200000
	173.160000	-16.044000	90.200000
	173.180000	-14.232000	90.600000
	173.200000	-12.432000	90.400000
	173.220000	-10.632000	90.200000
	173.240000	-8.844000	89.800000
	173.260000	-7.044000	89.800000
	173.280000	-5.256000	89.600000
	173.300000	-3.480000	89.400000
	173.320000	-1.740000	88.400000
	173.340000	-0.012000	87.400000
	173.360000	1.716000	86.600000
	173.380000	3.456000	86.600000
	173.400000	5.184000	86.600000
	173.420000	6.900000	86.400000
	173.440000	8.592000	85.600000
	173.460000	10.284000	85.000000
	173.480000	11.952000	84.200000
	173.500000	13.620000	83.800000
	173.520000	15.264000	83.000000
	173.540000	16.896000	82.400000
	173.560000	18.480000	81.000000
	173.580000	20.076000	80.200000
	173.600000	21.660000	79.400000
	173.620000	23.256000	79.600000
	173.640000	24.804000	78.800000
	173.660000	26.316000	77.600000
	173.680000	27.816000	76.000000
	173.700000	29.304000	75.000000
	173.720000	30.792000	74.600000
	173.740000	32.220000	73.400000
	173.760000	33.648000	72.400000
	173.780000	35.028000	70.600000
	173.800000	36.420000	70.000000
	173.820000	37.752000	68.400000
	173.840000	39.084000	67.600000
	173.860000	40.380000	66.000000
	173.880000	41.652000	65.000000
	173.900000	42.888000	63.400000
	173.920000	44.076000	61.600000
	173.940000	45.264000	60.200000
	173.960000	46.392000	58.400000
	173.980000	47.508000	57.200000
	174.000000	48.552000	54.800000
	174.020000	49.584000	53.200000
	174.040000	50.544000	50.600000
	174.060000	51.480000	48.800000
	174.080000	52.356000	46.200000
	174.100000	53.196000	44.200000
	174.120000	53.988000	41.800000
	174.140000	54.744000	39.800000
	174.160000	55.440000	37.400000
	174.180000	56.076000	34.800000
	174.200000	56.652000	31.800000
	174.220000	57.180000	29.000000
	174.240000	57.660000	26.400000
	174.260000	58.080000	23.800000
	174.280000	58.440000	21.000000
	174.300000	58.740000	18.000000
	174.320000	58.992000	15.200000
	174.340000	59.196000	12.600000
	174.360000	59.340000	10.000000
	174.380000	59.424000	7.200000
	174.400000	59.448000	4.200000
	174.420000	59.424000	1.400000
	174.440000	59.352000	-1.200000
	174.460000	59.244000	-3.400000
	174.480000	59.088000	-5.600000
	174.500000	58.896000	-7.600000
	174.520000	58.656000	-9.800000
	174.540000	58.380000	-11.800000
	174.560000	58.056000	-14.000000
	174.580000	57.708000	-15.800000
	174.600000	57.336000	-17.400000
	174.620000	56.940000	-18.600000
	174.640000	56.496000	-20.200000
	174.660000	56.016000	-22.000000
	174.680000	55.512000	-23.800000
	174.700000	54.996000	-25.000000
	174.720000	54.468000	-25.800000
	174.740000	53.916000	-26.600000
	174.760000	53.340000	-27.600000
	174.780000	52.740000	-28.800000
	174.800000	52.128000	-29.800000
	174.820000	51.516000	-30.400000
	174.840000	50.892000	-30.800000
	174.860000	50.268000	-31.000000
	174.880000	49.620000	-31.600000
	174.900000	48.960000	-32.200000
	174.920000	48.300000	-32.800000
	174.940000	47.652000	-32.800000
	174.960000	47.016000	-32.400000
	174.980000	46.368000	-32.200000
	175.000000	45.732000	-32.000000
	175.020000	45.120000	-31.600000
	175.040000	44.520000	-30.800000
	175.060000	43.932000	-30.000000
	175.080000	43.332000	-29.800000
	175.100000	42.756000	-29.400000
	175.120000	42.180000	-29.200000
	175.140000	41.640000	-28.200000
	175.160000	41.112000	-27.400000
	175.180000	40.620000	-26.000000
	175.200000	40.140000	-25.000000
	175.220000	39.696000	-23.600000
	175.240000	39.276000	-22.400000
	175.260000	38.880000	-21.000000
	175.280000	38.496000	-20.000000
	175.300000	38.148000	-18.800000
	175.320000	37.836000	-17.400000
	175.340000	37.572000	-15.400000
	175.360000	37.332000	-13.600000
	175.380000	37.128000	-11.800000
	175.400000	36.948000	-10.400000
	175.420000	36.804000	-8.800000
	175.440000	36.696000	-7.200000
	175.460000	36.636000	-5.200000
	175.480000	36.612000	-3.200000
	175.500000	36.624000	-1.200000
	175.520000	36.660000	0.400000
	175.540000	36.732000	2.000000
	175.560000	36.840000	3.600000
	175.580000	36.984000	5.400000
	175.600000	37.164000	7.200000
	175.620000	37.380000	9.000000
	175.640000	37.620000	10.600000
	175.660000	37.884000	12.000000
	175.680000	38.172000	13.200000
	175.700000	38.496000	14.600000
	175.720000	38.844000	16.000000
	175.740000	39.228000	17.600000
	175.760000	39.636000	19.000000
	175.780000	40.092000	20.800000
	175.800000	40.560000	22.200000
	175.820000	41.064000	23.800000
	175.840000	41.568000	24.600000
	175.860000	42.120000	26.000000
	175.880000	42.696000	27.200000
	175.900000	43.308000	29.000000
	175.920000	43.932000	30.200000
	175.940000	44.568000	31.200000
	175.960000	45.228000	32.000000
	175.980000	45.900000	32.800000
	176.000000	46.608000	34.000000
	176.020000	47.328000	35.000000
	176.040000	48.072000	36.200000
	176.060000	48.804000	36.600000
	176.080000	49.572000	37.400000
	176.100000	50.340000	37.800000
	176.120000	51.132000	38.800000
	176.140000	51.900000	38.800000
	176.160000	52.680000	39.000000
	176.180000	53.448000	38.600000
	176.200000	54.228000	38.800000
	176.220000	55.008000	38.800000
	176.240000	55.788000	39.000000
	176.260000	56.556000	38.800000
	176.280000	57.300000	38.200000
	176.300000	58.032000	37.400000
	176.320000	58.752000	36.600000
	176.340000	59.460000	36.000000
	176.360000	60.144000	35.200000
	176.380000	60.792000	34.000000
	176.400000	61.416000	32.600000
	176.420000	61.992000	30.800000
	176.440000	62.544000	29.200000
	176.460000	63.060000	27.400000
	176.480000	63.552000	26.000000
	176.500000	63.996000	24.200000
	176.520000	64.392000	22.200000
	176.540000	64.740000	19.800000
	176.560000	65.040000	17.400000
	176.580000	65.292000	15.000000
	176.600000	65.496000	12.600000
	176.620000	65.640000	10.000000
	176.640000	65.724000	7.200000
	176.660000	65.760000	4.400000
	176.680000	65.748000	1.800000
	176.700000	65.688000	-0.600000
	176.720000	65.568000	-3.200000
	176.740000	65.388000	-6.000000
	176.760000	65.160000	-8.800000
	176.780000	64.884000	-11.400000
	176.800000	64.572000	-13.600000
	176.820000	64.200000	-16.000000
	176.840000	63.768000	-18.600000
	176.860000	63.288000	-21.400000
	176.880000	62.772000	-23.800000
	176.900000	62.208000	-26.000000
	176.920000	61.596000	-28.200000
	176.940000	60.924000	-30.800000
	176.960000	60.228000	-33.000000
	176.980000	59.460000	-35.600000
	177.000000	58.656000	-37.800000
	177.020000	57.804000	-40.400000
	177.040000	56.928000	-42.200000
	177.060000	56.016000	-44.000000
	177.080000	55.032000	-46.200000
	177.100000	54.024000	-48.400000
	177.120000	52.956000	-51.000000
	177.140000	51.888000	-52.400000
	177.160000	50.760000	-54.400000
	177.180000	49.620000	-55.600000
	177.200000	48.420000	-57.800000
	177.220000	47.208000	-59.200000
	177.240000	45.960000	-61.000000
	177.260000	44.700000	-62.000000
	177.280000	43.416000	-63.200000
	177.300000	42.096000	-64.400000
	177.320000	40.752000	-65.800000
	177.340000	39.372000	-67.400000
	177.360000	37.968000	-68.800000
	177.380000	36.528000	-70.400000
	177.400000	35.088000	-71.400000
	177.420000	33.648000	-72.000000
	177.440000	32.196000	-72.200000
	177.460000	30.696000	-73.200000
	177.480000	29.160000	-74.800000
	177.500000	27.636000	-76.000000
	177.520000	26.100000	-76.600000
	177.540000	24.552000	-76.800000
	177.560000	22.980000	-77.600000
	177.580000	21.396000	-78.400000
	177.600000	19.824000	-78.800000
	177.620000	18.216000	-79.400000
	177.640000	16.596000	-80.000000
	177.660000	14.940000	-81.400000
	177.680000	13.320000	-81.600000
	177.700000	11.688000	-81.800000
	177.720000	10.020000	-82.000000
	177.740000	8.352000	-82.800000
	177.760000	6.684000	-83.400000
	177.780000	5.052000	-82.800000
	177.800000	3.348000	-83.400000
	177.820000	1.656000	-83.800000
	177.840000	-0.084000	-85.600000
	177.860000	-1.752000	-85.000000
	177.880000	-3.444000	-85.000000
	177.900000	-5.088000	-83.400000
	177.920000	-6.816000	-84.400000
	177.940000	-8.520000	-84.600000
	177.960000	-10.212000	-85.400000
	177.980000	-11.880000	-84.400000
	178.000000	-13.560000	-84.000000
	178.020000	-15.240000	-83.800000
	178.040000	-16.896000	-83.600000
	178.060000	-18.540000	-83.000000
	178.080000	-20.172000	-82.200000
	178.100000	-21.768000	-81.200000
	178.120000	-23.340000	-80.000000
	178.140000	-24.912000	-79.000000
	178.160000	-26.484000	-78.600000
	178.180000	-28.020000	-78.000000
	178.200000	-29.520000	-76.800000
	178.220000	-30.996000	-75.200000
	178.240000	-32.436000	-73.600000
	178.260000	-33.852000	-72.200000
	178.280000	-35.208000	-70.200000
	178.300000	-36.528000	-68.200000
	178.320000	-37.812000	-66.000000
	178.340000	-39.084000	-64.600000
	178.360000	-40.308000	-63.000000
	178.380000	-41.460000	-60.800000
	178.400000	-42.552000	-57.800000
	178.420000	-43.608000	-55.000000
	178.440000	-44.616000	-52.600000
	178.460000	-45.576000	-50.400000
	178.480000	-46.464000	-47.600000
	178.500000	-47.316000	-45.000000
	178.520000	-48.084000	-41.800000
	178.540000	-48.816000	-39.200000
	178.560000	-49.464000	-35.800000
	178.580000	-50.064000	-33.000000
	178.600000	-50.592000	-29.600000
	178.620000	-51.060000	-26.600000
	178.640000	-51.468000	-23.400000
	178.660000	-51.804000	-20.200000
	178.680000	-52.080000	-17.000000
	178.700000	-52.272000	-13.400000
	178.720000	-52.404000	-10.000000
	178.740000	-52.464000	-6.400000
	178.760000	-52.476000	-3.400000
	178.780000	-52.428000	-0.400000
	178.800000	-52.320000	2.400000
	178.820000	-52.152000	5.400000
	178.840000	-51.936000	8.200000
	178.860000	-51.660000	11.000000
	178.880000	-51.348000	13.400000
	178.900000	-50.976000	16.000000
	178.920000	-50.592000	17.800000
	178.940000	-50.160000	19.800000
	178.960000	-49.692000	21.400000
	178.980000	-49.164000	23.800000
	179.000000	-48.612000	25.800000
	179.020000	-48.036000	27.600000
	179.040000	-47.448000	28.600000
	179.060000	-46.812000	30.000000
	179.080000	-46.164000	31.200000
	179.100000	-45.480000	32.800000
	179.120000	-44.796000	33.600000
	179.140000	-44.088000	34.600000
	179.160000	-43.380000	35.000000
	179.180000	-42.648000	35.800000
	179.200000	-41.916000	36.200000
	179.220000	-41.172000	36.800000
	179.240000	-40.452000	36.600000
	179.260000	-39.720000	36.600000
	179.280000	-38.988000	36.400000
	179.300000	-38.244000	36.800000
	179.320000	-37.524000	36.600000
	179.340000	-36.828000	36.000000
	179.360000	-36.144000	35.000000
	179.380000	-35.472000	34.200000
	179.400000	-34.812000	33.600000
	179.420000	-34.176000	32.800000
	179.440000	-33.576000	31.600000
	179.460000	-33.000000	30.200000
	179.480000	-32.448000	28.800000
	179.500000	-31.920000	27.600000
	179.520000	-31.428000	26.200000
	179.540000	-30.972000	24.600000
	179.560000	-30.540000	23.000000
	179.580000	-30.144000	21.400000
	179.600000	-29.796000	19.600000
	179.620000	-29.484000	17.600000
	179.640000	-29.220000	15.400000
	179.660000	-28.980000	13.600000
	179.680000	-28.788000	11.600000
	179.700000	-28.632000	9.800000
	179.720000	-28.524000	7.600000
	179.740000	-28.452000	5.600000
	179.760000	-28.428000	3.400000
	179.780000	-28.452000	1.200000
	179.800000	-28.524000	-1.200000
	179.820000	-28.632000	-3.400000
	179.840000	-28.776000	-5.400000
	179.860000	-28.956000	-7.200000
	179.880000	-29.184000	-9.200000
	179.900000	-29.460000	-11.400000
	179.920000	-29.772000	-13.600000
	179.940000	-30.108000	-15.400000
	179.960000	-30.480000	-17.000000
	179.980000	-30.900000	-18.800000
	180.000000	-31.356000	-20.800000
	180.020000	-31.848000	-22.800000
	180.040000	-32.364000	-24.400000
	180.060000	-32.928000	-26.200000
	180.080000	-33.528000	-28.000000
	180.100000	-34.164000	-30.000000
	180.120000	-34.836000	-31.800000
	180.140000	-35.532000	-33.400000
	180.160000	-36.276000	-35.200000
	180.180000	-37.044000	-36.800000
	180.200000	-37.836000	-38.400000
	180.220000	-38.652000	-39.600000
	180.240000	-39.480000	-40.600000
	180.260000	-40.344000	-41.800000
	180.280000	-41.232000	-43.000000
	180.300000	-42.132000	-44.200000
