	120.000000	111.816000	31.800000
	120.020000	111.216000	0.800000
	120.040000	110.004000	-30.000000
	120.060000	108.180000	-60.600000
	120.080000	105.756000	-91.000000
	120.100000	102.720000	-121.400000
	120.120000	99.168000	-150.200000
	120.140000	95.124000	-177.200000
	120.160000	90.504000	-203.600000
	120.180000	85.332000	-230.600000
	120.200000	79.800000	-255.400000
	120.220000	73.908000	-276.600000
	120.240000	67.620000	-295.200000
	120.260000	60.912000	-314.800000
	120.280000	53.988000	-332.000000
	120.300000	46.680000	-349.000000
	120.320000	39.132000	-363.000000
	120.340000	31.272000	-378.600000
	120.360000	23.352000	-388.800000
	120.380000	15.324000	-396.800000
	120.400000	7.332000	-399.000000
	120.420000	-0.684000	-400.600000
	120.440000	-8.784000	-401.800000
	120.460000	-16.812000	-402.400000
	120.480000	-24.720000	-400.600000
	120.500000	-32.364000	-393.000000
	120.520000	-40.008000	-386.600000
	120.540000	-47.292000	-376.200000
	120.560000	-54.384000	-367.000000
	120.580000	-60.960000	-349.200000
	120.600000	-67.188000	-331.600000
	120.620000	-73.092000	-311.800000
	120.640000	-78.564000	-293.400000
	120.660000	-83.652000	-274.400000
	120.680000	-88.176000	-251.400000
	120.700000	-92.172000	-226.800000
	120.720000	-95.688000	-200.600000
	120.740000	-98.628000	-174.200000
	120.760000	-101.100000	-148.800000
	120.780000	-102.948000	-121.000000
	120.800000	-104.232000	-93.400000
	120.820000	-104.940000	-64.000000
	120.840000	-105.072000	-35.400000
	120.860000	-104.604000	-6.200000
	120.880000	-103.596000	22.400000
	120.900000	-101.976000	51.600000
	120.920000	-99.852000	79.200000
	120.940000	-97.176000	107.000000
	120.960000	-93.996000	133.000000
	120.980000	-90.252000	160.000000
	121.000000	-86.100000	184.600000
	121.020000	-81.480000	208.600000
	121.040000	-76.416000	230.600000
	121.060000	-70.884000	253.600000
	121.080000	-64.956000	275.400000
	121.100000	-58.584000	297.200000
	121.120000	-51.792000	318.200000
	121.140000	-44.916000	334.000000
	121.160000	-37.776000	346.800000
	121.180000	-30.552000	354.000000
	121.200000	-22.944000	366.200000
	121.220000	-15.432000	372.400000
	121.240000	-7.728000	380.400000
	121.260000	-0.108000	380.600000
	121.280000	7.608000	384.000000
	121.300000	15.264000	383.200000
	121.320000	22.824000	382.200000
	121.340000	30.144000	375.600000
	121.360000	37.296000	367.200000
	121.380000	44.328000	358.400000
	121.400000	51.132000	349.800000
	121.420000	57.720000	340.400000
	121.440000	63.912000	326.400000
	121.460000	69.744000	310.200000
	121.480000	75.096000	289.600000
	121.500000	80.040000	268.800000
	121.520000	84.612000	247.800000
	121.540000	88.668000	226.200000
	121.560000	92.292000	204.200000
	121.580000	95.388000	179.600000
	121.600000	97.968000	155.000000
	121.620000	100.008000	128.600000
	121.640000	101.472000	101.400000
	121.660000	102.384000	73.600000
	121.680000	102.696000	44.800000
	121.700000	102.468000	16.600000
	121.720000	101.652000	-12.200000
	121.740000	100.320000	-39.600000
	121.760000	98.412000	-67.600000
	121.780000	95.940000	-95.200000
	121.800000	92.940000	-123.000000
	121.820000	89.436000	-149.600000
	121.840000	85.536000	-173.400000
	121.860000	81.204000	-195.600000
	121.880000	76.428000	-216.800000
	121.900000	71.184000	-239.200000
	121.920000	65.568000	-260.600000
	121.940000	59.616000	-280.200000
	121.960000	53.352000	-297.200000
	121.980000	46.716000	-314.200000
	122.000000	39.924000	-328.200000
	122.020000	32.928000	-340.400000
	122.040000	25.764000	-349.200000
	122.060000	18.576000	-355.800000
	122.080000	11.292000	-360.600000
	122.100000	3.960000	-363.400000
	122.120000	-3.480000	-367.600000
	122.140000	-10.884000	-369.600000
	122.160000	-18.204000	-369.400000
	122.180000	-25.404000	-365.400000
	122.200000	-32.436000	-359.200000
	122.220000	-39.252000	-350.800000
	122.240000	-45.828000	-340.400000
	122.260000	-52.188000	-329.200000
	122.280000	-58.152000	-315.000000
	122.300000	-63.780000	-299.200000
	122.320000	-68.880000	-278.200000
	122.340000	-73.704000	-259.200000
	122.360000	-78.108000	-238.800000
	122.380000	-82.128000	-220.800000
	122.400000	-85.608000	-198.400000
	122.420000	-88.608000	-175.000000
	122.440000	-91.092000	-149.400000
	122.460000	-93.036000	-123.800000
	122.480000	-94.488000	-98.000000
	122.500000	-95.400000	-71.800000
	122.520000	-95.796000	-46.000000
	122.540000	-95.664000	-19.600000
	122.560000	-94.992000	6.800000
	122.580000	-93.792000	33.400000
	122.600000	-92.052000	60.200000
	122.620000	-89.796000	86.600000
	122.640000	-87.120000	111.200000
	122.660000	-83.904000	135.800000
	122.680000	-80.280000	158.600000
	122.700000	-76.128000	183.200000
	122.720000	-71.604000	205.000000
	122.740000	-66.696000	226.400000
	122.760000	-61.416000	245.200000
	122.780000	-55.884000	262.000000
	122.800000	-49.980000	278.600000
	122.820000	-43.884000	292.200000
	122.840000	-37.476000	306.800000
	122.860000	-30.852000	318.800000
	122.880000	-24.072000	330.200000
	122.900000	-17.256000	337.000000
	122.920000	-10.356000	341.600000
	122.940000	-3.312000	346.000000
	122.960000	3.840000	351.600000
	122.980000	10.860000	353.600000
	123.000000	17.712000	350.400000
	123.020000	24.456000	343.600000
	123.040000	31.140000	338.000000
	123.060000	37.728000	333.600000
	123.080000	44.100000	327.400000
	123.100000	50.148000	316.800000
	123.120000	55.848000	302.000000
	123.140000	61.236000	285.600000
	123.160000	66.360000	270.200000
	123.180000	71.172000	255.400000
	123.200000	75.468000	237.200000
	123.220000	79.392000	217.200000
	123.240000	82.836000	194.400000
	123.260000	85.920000	174.200000
	123.280000	88.440000	150.800000
	123.300000	90.504000	127.800000
	123.320000	92.052000	102.200000
	123.340000	93.108000	77.800000
	123.360000	93.636000	52.200000
	123.380000	93.648000	26.600000
	123.400000	93.156000	0.800000
	123.420000	92.148000	-24.800000
	123.440000	90.636000	-50.200000
	123.460000	88.644000	-75.200000
	123.480000	86.172000	-99.600000
	123.500000	83.220000	-123.600000
	123.520000	79.836000	-146.800000
	123.540000	76.080000	-168.200000
	123.560000	71.856000	-189.400000
	123.580000	67.260000	-209.600000
	123.600000	62.244000	-230.600000
	123.620000	57.036000	-247.000000
	123.640000	51.456000	-263.400000
	123.660000	45.600000	-277.400000
	123.680000	39.516000	-292.000000
	123.700000	33.240000	-303.600000
	123.720000	26.880000	-312.000000
	123.740000	20.304000	-320.200000
	123.760000	13.704000	-325.600000
	123.780000	6.948000	-332.200000
	123.800000	0.156000	-335.800000
	123.820000	-6.612000	-338.600000
	123.840000	-13.320000	-337.800000
	123.860000	-19.932000	-334.800000
	123.880000	-26.412000	-330.000000
	123.900000	-32.712000	-323.200000
	123.920000	-38.712000	-313.000000
	123.940000	-44.568000	-302.600000
	123.960000	-50.148000	-290.600000
	123.980000	-55.500000	-279.800000
	124.000000	-60.372000	-263.400000
	124.020000	-64.944000	-246.600000
	124.040000	-69.024000	-225.400000
	124.060000	-72.876000	-208.400000
	124.080000	-76.224000	-188.000000
	124.100000	-79.200000	-169.600000
	124.120000	-81.636000	-146.000000
	124.140000	-83.604000	-123.000000
	124.160000	-85.116000	-98.600000
	124.180000	-86.160000	-75.400000
	124.200000	-86.712000	-51.800000
	124.220000	-86.772000	-27.600000
	124.240000	-86.352000	-3.200000
	124.260000	-85.464000	20.800000
	124.280000	-84.072000	45.000000
	124.300000	-82.236000	68.600000
	124.320000	-79.908000	92.600000
	124.340000	-77.196000	114.600000
	124.360000	-74.064000	136.200000
	124.380000	-70.476000	157.200000
	124.400000	-66.504000	178.200000
	124.420000	-62.124000	199.000000
	124.440000	-57.516000	216.000000
	124.460000	-52.536000	232.800000
	124.480000	-47.340000	246.400000
	124.500000	-41.736000	263.000000
	124.520000	-35.988000	275.800000
	124.540000	-30.048000	288.200000
	124.560000	-24.024000	295.200000
	124.580000	-17.880000	301.800000
	124.600000	-11.556000	308.200000
	124.620000	-5.172000	314.200000
	124.640000	1.224000	318.400000
	124.660000	7.608000	319.400000
	124.680000	13.932000	318.400000
	124.700000	20.172000	315.800000
	124.720000	26.280000	311.200000
	124.740000	32.160000	303.800000
	124.760000	38.004000	297.200000
	124.780000	43.560000	288.000000
	124.800000	48.948000	279.800000
	124.820000	53.988000	266.400000
	124.840000	58.728000	252.800000
	124.860000	63.084000	235.600000
	124.880000	67.092000	218.400000
	124.900000	70.740000	200.200000
	124.920000	74.040000	182.600000
	124.940000	76.920000	163.800000
	124.960000	79.392000	144.200000
	124.980000	81.420000	123.000000
	125.000000	82.980000	101.000000
	125.020000	84.096000	78.400000
	125.040000	84.732000	55.200000
	125.060000	84.924000	32.400000
	125.080000	84.648000	9.200000
	125.100000	83.904000	-13.800000
	125.120000	82.704000	-37.000000
	125.140000	81.060000	-59.800000
	125.160000	79.008000	-81.600000
	125.180000	76.512000	-103.200000
	125.200000	73.596000	-124.400000
	125.220000	70.308000	-145.000000
	125.240000	66.636000	-164.600000
	125.260000	62.604000	-183.200000
	125.280000	58.248000	-201.000000
	125.300000	53.592000	-217.400000
	125.320000	48.648000	-232.600000
	125.340000	43.464000	-246.400000
	125.360000	38.040000	-259.200000
	125.380000	32.424000	-270.400000
	125.400000	26.640000	-280.400000
	125.420000	20.724000	-288.600000
	125.440000	14.784000	-294.000000
	125.460000	8.688000	-299.200000
	125.480000	2.640000	-301.400000
	125.500000	-3.492000	-304.600000
	125.520000	-9.504000	-303.200000
	125.540000	-15.612000	-304.200000
	125.560000	-21.528000	-300.600000
	125.580000	-27.300000	-296.600000
	125.600000	-32.808000	-286.600000
	125.620000	-38.184000	-277.600000
	125.640000	-43.404000	-268.400000
	125.660000	-48.276000	-257.800000
	125.680000	-52.800000	-243.600000
	125.700000	-56.988000	-226.400000
	125.720000	-60.912000	-210.600000
	125.740000	-64.476000	-194.600000
	125.760000	-67.656000	-177.800000
	125.780000	-70.428000	-158.600000
	125.800000	-72.828000	-139.200000
	125.820000	-74.772000	-118.600000
	125.840000	-76.260000	-97.200000
	125.860000	-77.316000	-74.800000
	125.880000	-77.940000	-52.800000
	125.900000	-78.132000	-31.200000
	125.920000	-77.868000	-9.200000
	125.940000	-77.184000	12.600000
	125.960000	-76.032000	35.000000
	125.980000	-74.472000	56.600000
	126.000000	-72.468000	78.600000
	126.020000	-70.116000	98.600000
	126.040000	-67.344000	118.800000
	126.060000	-64.200000	137.800000
	126.080000	-60.768000	155.800000
	126.100000	-56.928000	173.600000
	126.120000	-52.836000	189.400000
	126.140000	-48.348000	207.000000
	126.160000	-43.728000	220.000000
	126.180000	-38.808000	233.800000
	126.200000	-33.672000	244.600000
	126.220000	-28.356000	256.200000
	126.240000	-22.884000	265.400000
	126.260000	-17.292000	273.000000
	126.280000	-11.532000	280.400000
	126.300000	-5.796000	284.800000
	126.320000	-0.108000	286.400000
	126.340000	5.568000	285.000000
	126.360000	11.196000	283.200000
	126.380000	16.824000	282.200000
	126.400000	22.344000	279.600000
	126.420000	27.744000	275.800000
	126.440000	32.976000	269.200000
	126.460000	38.016000	261.200000
	126.480000	42.852000	251.800000
	126.500000	47.448000	241.200000
	126.520000	51.780000	229.400000
	126.540000	55.872000	217.000000
	126.560000	59.604000	202.600000
	126.580000	62.952000	186.200000
	126.600000	65.952000	168.000000
	126.620000	68.628000	150.400000
	126.640000	70.944000	133.200000
	126.660000	72.840000	114.800000
	126.680000	74.352000	95.400000
	126.700000	75.444000	75.000000
	126.720000	76.128000	54.800000
	126.740000	76.356000	33.400000
	126.760000	76.212000	12.800000
	126.780000	75.636000	-8.200000
	126.800000	74.640000	-28.600000
	126.820000	73.236000	-49.600000
	126.840000	71.484000	-69.200000
	126.860000	69.348000	-88.200000
	126.880000	66.816000	-107.000000
	126.900000	63.936000	-125.800000
	126.920000	60.720000	-143.800000
	126.940000	57.228000	-159.800000
	126.960000	53.388000	-175.800000
	126.980000	49.332000	-189.800000
	127.000000	44.892000	-205.600000
	127.020000	40.284000	-218.400000
	127.040000	35.460000	-231.200000
	127.060000	30.528000	-239.400000
	127.080000	25.368000	-248.600000
	127.100000	20.088000	-256.200000
	127.120000	14.700000	-263.800000
	127.140000	9.240000	-268.800000
	127.160000	3.744000	-272.400000
	127.180000	-1.764000	-274.400000
	127.200000	-7.176000	-273.600000
	127.220000	-12.600000	-272.400000
	127.240000	-17.856000	-268.200000
	127.260000	-23.064000	-264.800000
	127.280000	-28.056000	-257.600000
	127.300000	-33.012000	-252.600000
	127.320000	-37.692000	-243.800000
	127.340000	-42.192000	-235.600000
	127.360000	-46.356000	-222.400000
	127.380000	-50.292000	-210.000000
	127.400000	-53.832000	-194.000000
	127.420000	-57.084000	-178.800000
	127.440000	-59.952000	-161.000000
	127.460000	-62.544000	-145.200000
	127.480000	-64.692000	-126.800000
	127.500000	-66.480000	-108.800000
	127.520000	-67.896000	-89.200000
	127.540000	-68.928000	-70.600000
	127.560000	-69.564000	-51.400000
	127.580000	-69.780000	-31.400000
	127.600000	-69.600000	-11.200000
	127.620000	-69.012000	9.200000
	127.640000	-68.040000	29.000000
	127.660000	-66.708000	48.200000
	127.680000	-65.004000	66.800000
	127.700000	-62.916000	85.400000
	127.720000	-60.432000	104.600000
	127.740000	-57.648000	122.600000
	127.760000	-54.540000	139.600000
	127.780000	-51.192000	154.000000
	127.800000	-47.520000	168.800000
	127.820000	-43.584000	182.600000
	127.840000	-39.348000	197.400000
	127.860000	-35.016000	208.400000
	127.880000	-30.504000	218.000000
	127.900000	-25.824000	225.400000
	127.920000	-20.880000	235.600000
	127.940000	-15.888000	243.600000
	127.960000	-10.824000	250.000000
	127.980000	-5.700000	253.000000
	128.000000	-0.552000	255.600000
	128.020000	4.596000	257.000000
	128.040000	9.684000	256.400000
	128.060000	14.640000	253.200000
	128.080000	19.584000	249.800000
	128.100000	24.348000	244.400000
	128.120000	29.172000	242.200000
	128.140000	33.612000	233.800000
	128.160000	37.944000	226.600000
	128.180000	41.988000	213.600000
	128.200000	45.924000	205.200000
	128.220000	49.548000	193.400000
	128.240000	52.896000	181.800000
	128.260000	55.908000	166.400000
	128.280000	58.644000	151.600000
	128.300000	61.056000	136.000000
	128.320000	63.144000	120.600000
	128.340000	64.860000	103.600000
	128.360000	66.216000	86.000000
	128.380000	67.224000	68.000000
	128.400000	67.872000	50.200000
	128.420000	68.136000	32.000000
	128.440000	68.016000	13.200000
	128.460000	67.524000	-5.800000
	128.480000	66.684000	-24.200000
	128.500000	65.484000	-42.200000
	128.520000	63.948000	-59.600000
	128.540000	62.016000	-77.800000
	128.560000	59.820000	-94.400000
	128.580000	57.288000	-111.000000
	128.600000	54.480000	-125.600000
	128.620000	51.312000	-141.800000
	128.640000	47.928000	-156.000000
	128.660000	44.280000	-170.000000
	128.680000	40.404000	-181.800000
	128.700000	36.372000	-192.600000
	128.720000	32.160000	-202.000000
	128.740000	27.780000	-210.400000
	128.760000	23.136000	-220.600000
	128.780000	18.372000	-229.800000
	128.800000	13.644000	-235.600000
	128.820000	8.856000	-238.000000
	128.840000	4.020000	-239.200000
	128.860000	-0.960000	-243.400000
	128.880000	-5.856000	-245.200000
	128.900000	-10.692000	-245.200000
	128.920000	-15.456000	-241.600000
	128.940000	-20.112000	-237.600000
	128.960000	-24.636000	-232.400000
	128.980000	-28.992000	-225.600000
	129.000000	-33.168000	-217.600000
	129.020000	-37.140000	-208.400000
	129.040000	-40.872000	-198.000000
	129.060000	-44.352000	-186.400000
	129.080000	-47.556000	-173.600000
	129.100000	-50.424000	-159.200000
	129.120000	-53.040000	-144.800000
	129.140000	-55.308000	-129.200000
	129.160000	-57.276000	-114.200000
	129.180000	-58.896000	-97.600000
	129.200000	-60.168000	-81.000000
	129.220000	-61.092000	-63.600000
	129.240000	-61.644000	-45.800000
	129.260000	-61.848000	-28.000000
	129.280000	-61.680000	-9.800000
	129.300000	-61.164000	8.000000
	129.320000	-60.264000	26.400000
	129.340000	-59.064000	43.600000
	129.360000	-57.492000	61.200000
	129.380000	-55.632000	77.200000
	129.400000	-53.448000	93.600000
	129.420000	-50.988000	108.400000
	129.440000	-48.216000	123.600000
	129.460000	-45.180000	137.800000
	129.480000	-41.892000	151.600000
	129.500000	-38.376000	164.000000
	129.520000	-34.656000	175.400000
	129.540000	-30.744000	185.800000
	129.560000	-26.724000	194.200000
	129.580000	-22.512000	202.400000
	129.600000	-18.180000	209.400000
	129.620000	-13.692000	217.200000
	129.640000	-9.192000	222.000000
	129.660000	-4.704000	224.600000
	129.680000	-0.204000	224.800000
	129.700000	4.284000	224.600000
	129.720000	8.796000	225.000000
	129.740000	13.248000	224.200000
	129.760000	17.688000	223.400000
	129.780000	21.960000	219.400000
	129.800000	26.100000	214.200000
	129.820000	30.024000	205.600000
	129.840000	33.828000	197.800000
	129.860000	37.392000	188.200000
	129.880000	40.812000	179.800000
	129.900000	44.040000	170.200000
	129.920000	47.028000	160.600000
	129.940000	49.704000	148.200000
	129.960000	52.068000	133.800000
	129.980000	54.156000	118.800000
	130.000000	55.968000	104.400000
	130.020000	57.468000	90.000000
	130.040000	58.656000	75.000000
	130.060000	59.520000	59.200000
	130.080000	60.036000	42.800000
	130.100000	60.240000	26.400000
	130.120000	60.108000	9.800000
	130.140000	59.652000	-6.400000
	130.160000	58.884000	-22.600000
	130.180000	57.816000	-38.200000
	130.200000	56.448000	-53.400000
	130.220000	54.780000	-68.400000
	130.240000	52.800000	-83.600000
	130.260000	50.532000	-98.600000
	130.280000	48.012000	-112.800000
	130.300000	45.240000	-126.000000
	130.320000	42.228000	-138.400000
	130.340000	39.000000	-150.200000
	130.360000	35.568000	-161.200000
	130.380000	31.944000	-171.400000
	130.400000	28.104000	-181.600000
	130.420000	24.168000	-190.000000
	130.440000	20.172000	-196.200000
	130.460000	16.068000	-200.600000
	130.480000	11.892000	-204.600000
	130.500000	7.596000	-209.600000
	130.520000	3.276000	-213.200000
	130.540000	-1.056000	-215.800000
	130.560000	-5.376000	-216.200000
	130.580000	-9.648000	-215.400000
	130.600000	-13.908000	-214.200000
	130.620000	-18.012000	-210.600000
	130.640000	-21.996000	-205.800000
	130.660000	-25.836000	-198.800000
	130.680000	-29.508000	-191.600000
	130.700000	-33.000000	-183.400000
	130.720000	-36.228000	-173.200000
	130.740000	-39.240000	-162.200000
	130.760000	-42.000000	-150.000000
	130.780000	-44.580000	-139.200000
	130.800000	-46.896000	-127.600000
	130.820000	-48.888000	-114.800000
	130.840000	-50.532000	-99.200000
	130.860000	-51.912000	-83.600000
	130.880000	-52.992000	-68.400000
	130.900000	-53.772000	-54.000000
	130.920000	-54.204000	-38.200000
	130.940000	-54.336000	-22.400000
	130.960000	-54.120000	-5.800000
	130.980000	-53.604000	10.000000
	131.000000	-52.764000	26.200000
	131.020000	-51.636000	41.400000
	131.040000	-50.232000	56.200000
	131.060000	-48.540000	70.400000
	131.080000	-46.572000	84.400000
	131.100000	-44.292000	99.000000
	131.120000	-41.760000	113.000000
	131.140000	-39.036000	125.600000
	131.160000	-36.144000	135.800000
	131.180000	-33.048000	145.200000
	131.200000	-29.676000	156.000000
	131.220000	-26.100000	167.400000
	131.240000	-22.488000	176.000000
	131.260000	-18.804000	181.200000
	131.280000	-15.072000	183.800000
	131.300000	-11.160000	188.800000
	131.320000	-7.188000	193.600000
	131.340000	-3.192000	198.000000
	131.360000	0.816000	199.600000
	131.380000	4.752000	199.000000
	131.400000	8.808000	200.000000
	131.420000	12.696000	198.000000
	131.440000	16.512000	196.000000
	131.460000	20.124000	188.600000
	131.480000	23.676000	183.000000
	131.500000	27.228000	178.600000
	131.520000	30.540000	173.600000
	131.540000	33.672000	166.600000
	131.560000	36.516000	154.800000
	131.580000	39.216000	144.600000
	131.600000	41.736000	134.400000
	131.620000	44.028000	125.200000
	131.640000	46.092000	114.600000
	131.660000	47.880000	102.400000
	131.680000	49.404000	89.600000
	131.700000	50.652000	76.000000
	131.720000	51.624000	62.400000
	131.740000	52.296000	48.200000
	131.760000	52.680000	33.800000
	131.780000	52.788000	19.400000
	131.800000	52.608000	5.200000
	131.820000	52.128000	-9.200000
	131.840000	51.372000	-23.600000
	131.860000	50.340000	-37.800000
	131.880000	49.068000	-51.000000
	131.900000	47.544000	-63.800000
	131.920000	45.768000	-76.200000
	131.940000	43.728000	-89.000000
	131.960000	41.472000	-101.200000
	131.980000	38.988000	-113.000000
	132.000000	36.288000	-124.000000
	132.020000	33.360000	-135.200000
	132.040000	30.300000	-144.800000
	132.060000	27.096000	-153.200000
	132.080000	23.796000	-159.400000
	132.100000	20.328000	-166.200000
	132.120000	16.752000	-172.400000
	132.140000	13.092000	-178.400000
	132.160000	9.372000	-182.600000
	132.180000	5.652000	-185.000000
	132.200000	1.812000	-188.000000
	132.220000	-1.932000	-188.400000
	132.240000	-5.700000	-189.200000
	132.260000	-9.372000	-186.400000
	132.280000	-13.032000	-185.000000
	132.300000	-16.548000	-180.800000
	132.320000	-20.004000	-177.200000
	132.340000	-23.364000	-172.200000
	132.360000	-26.544000	-166.600000
	132.380000	-29.508000	-158.400000
	132.400000	-32.316000	-149.200000
	132.420000	-34.968000	-140.400000
	132.440000	-37.392000	-131.400000
	132.460000	-39.516000	-120.000000
	132.480000	-41.424000	-107.600000
	132.500000	-43.068000	-94.600000
	132.520000	-44.472000	-82.600000
	132.540000	-45.576000	-69.200000
	132.560000	-46.404000	-55.600000
	132.580000	-46.956000	-41.400000
	132.600000	-47.244000	-27.800000
	132.620000	-47.256000	-14.200000
	132.640000	-46.992000	-0.600000
	132.660000	-46.440000	13.400000
	132.680000	-45.624000	27.200000
	132.700000	-44.508000	41.400000
	132.720000	-43.164000	54.600000
	132.740000	-41.544000	68.000000
	132.760000	-39.744000	79.400000
	132.780000	-37.692000	91.200000
	132.800000	-35.460000	101.400000
	132.820000	-33.000000	112.400000
	132.840000	-30.348000	122.400000
	132.860000	-27.540000	132.000000
	132.880000	-24.624000	139.600000
	132.900000	-21.540000	146.800000
	132.920000	-18.348000	153.200000
	132.940000	-15.012000	160.200000
	132.960000	-11.640000	165.000000
	132.980000	-8.160000	169.800000
	133.000000	-4.692000	172.000000
	133.020000	-1.260000	173.000000
	133.040000	2.172000	172.200000
	133.060000	5.640000	172.200000
	133.080000	9.072000	172.200000
	133.100000	12.396000	170.400000
	133.120000	15.636000	166.600000
	133.140000	18.828000	162.600000
	133.160000	21.948000	159.200000
	133.180000	24.936000	155.000000
	133.200000	27.708000	148.000000
	133.220000	30.324000	139.600000
	133.240000	32.760000	130.400000
	133.260000	35.052000	122.400000
	133.280000	37.176000	114.200000
	133.300000	39.072000	105.200000
	133.320000	40.752000	95.000000
	133.340000	42.168000	83.200000
	133.360000	43.368000	71.600000
	133.380000	44.340000	59.800000
	133.400000	45.060000	48.200000
	133.420000	45.540000	36.200000
	133.440000	45.768000	23.800000
	133.460000	45.744000	11.400000
	133.480000	45.468000	-1.200000
	133.500000	44.952000	-13.600000
	133.520000	44.196000	-25.800000
	133.540000	43.212000	-37.600000
	133.560000	42.012000	-49.000000
	133.580000	40.572000	-60.400000
	133.600000	38.892000	-72.000000
	133.620000	37.044000	-82.800000
	133.640000	34.980000	-93.200000
	133.660000	32.772000	-102.000000
	133.680000	30.360000	-111.400000
	133.700000	27.828000	-119.200000
	133.720000	25.164000	-126.800000
	133.740000	22.332000	-133.800000
	133.760000	19.428000	-140.000000
	133.780000	16.332000	-147.200000
	133.800000	13.200000	-152.200000
	133.820000	9.996000	-157.200000
	133.840000	6.744000	-159.800000
	133.860000	3.468000	-162.200000
	133.880000	0.144000	-164.200000
	133.900000	-3.084000	-163.800000
	133.920000	-6.336000	-163.400000
	133.940000	-9.540000	-161.400000
	133.960000	-12.768000	-161.400000
	133.980000	-15.816000	-158.000000
	134.000000	-18.720000	-153.000000
	134.020000	-21.456000	-144.800000
	134.040000	-24.132000	-138.600000
	134.060000	-26.664000	-132.400000
	134.080000	-29.016000	-126.000000
	134.100000	-31.152000	-117.000000
	134.120000	-33.144000	-108.000000
	134.140000	-34.908000	-98.200000
	134.160000	-36.480000	-88.800000
	134.180000	-37.788000	-77.400000
	134.200000	-38.868000	-66.000000
	134.220000	-39.708000	-53.800000
	134.240000	-40.308000	-42.000000
	134.260000	-40.668000	-30.000000
	134.280000	-40.776000	-17.800000
	134.300000	-40.644000	-5.600000
	134.320000	-40.260000	6.800000
	134.340000	-39.648000	18.800000
	134.360000	-38.808000	30.600000
	134.380000	-37.752000	41.800000
	134.400000	-36.468000	53.000000
	134.420000	-34.980000	63.800000
	134.440000	-33.288000	74.400000
	134.460000	-31.392000	84.600000
	134.480000	-29.328000	94.200000
	134.500000	-27.132000	102.600000
	134.520000	-24.756000	110.600000
	134.540000	-22.248000	118.000000
	134.560000	-19.584000	125.800000
	134.580000	-16.896000	131.000000
	134.600000	-14.124000	135.400000
	134.620000	-11.280000	138.400000
	134.640000	-8.340000	142.600000
	134.660000	-5.280000	147.400000
	134.680000	-2.232000	150.800000
	134.700000	0.780000	152.000000
	134.720000	3.696000	149.600000
	134.740000	6.660000	148.200000
	134.760000	9.576000	146.600000
	134.780000	12.432000	145.600000
	134.800000	15.168000	141.800000
	134.820000	17.856000	138.000000
	134.840000	20.472000	134.000000
	134.860000	22.932000	129.400000
	134.880000	25.260000	123.400000
	134.900000	27.420000	115.800000
	134.920000	29.448000	108.600000
	134.940000	31.284000	100.400000
	134.960000	32.964000	92.400000
	134.980000	34.464000	83.600000
	135.000000	35.772000	74.800000
	135.020000	36.888000	65.400000
	135.040000	37.788000	55.400000
	135.060000	38.484000	45.200000
	135.080000	38.964000	34.600000
	135.100000	39.228000	24.000000
	135.120000	39.288000	13.400000
	135.140000	39.120000	2.600000
	135.160000	38.748000	-8.000000
	135.180000	38.160000	-18.800000
	135.200000	37.392000	-28.800000
	135.220000	36.420000	-38.800000
	135.240000	35.244000	-48.600000
	135.260000	33.888000	-58.400000
	135.280000	32.352000	-67.800000
	135.300000	30.648000	-76.600000
	135.320000	28.752000	-85.600000
	135.340000	26.724000	-93.800000
	135.360000	24.564000	-101.400000
	135.380000	22.308000	-107.400000
	135.400000	19.944000	-113.000000
	135.420000	17.436000	-118.800000
	135.440000	14.844000	-124.400000
	135.460000	12.144000	-130.000000
	135.480000	9.456000	-133.000000
	135.500000	6.684000	-136.000000
	135.520000	3.888000	-137.600000
	135.540000	1.068000	-139.800000
	135.560000	-1.752000	-140.600000
	135.580000	-4.512000	-140.000000
	135.600000	-7.272000	-139.000000
	135.620000	-9.972000	-137.000000
	135.640000	-12.648000	-135.600000
	135.660000	-15.168000	-131.600000
	135.680000	-17.592000	-127.000000
	135.700000	-19.896000	-120.800000
	135.720000	-22.104000	-115.600000
	135.740000	-24.156000	-109.400000
	135.760000	-26.052000	-102.600000
	135.780000	-27.792000	-94.800000
	135.800000	-29.364000	-86.800000
	135.820000	-30.744000	-78.200000
	135.840000	-31.944000	-69.200000
	135.860000	-32.928000	-59.400000
	135.880000	-33.696000	-49.200000
	135.900000	-34.248000	-38.400000
	135.920000	-34.596000	-27.800000
	135.940000	-34.752000	-17.600000
	135.960000	-34.692000	-7.400000
	135.980000	-34.428000	2.800000
	136.000000	-33.948000	13.400000
	136.020000	-33.264000	23.800000
	136.040000	-32.376000	34.200000
	136.060000	-31.308000	44.000000
	136.080000	-30.060000	53.400000
	136.100000	-28.656000	62.000000
	136.120000	-27.108000	70.000000
	136.140000	-25.404000	77.600000
	136.160000	-23.508000	85.800000
	136.180000	-21.468000	94.000000
	136.200000	-19.308000	101.600000
	136.220000	-17.112000	106.600000
	136.240000	-14.796000	111.200000
	136.260000	-12.444000	114.400000
	136.280000	-10.020000	118.200000
	136.300000	-7.512000	121.400000
	136.320000	-4.968000	124.600000
	136.340000	-2.376000	127.400000
	136.360000	0.144000	127.600000
	136.380000	2.700000	127.800000
	136.400000	5.196000	126.200000
	136.420000	7.692000	125.800000
	136.440000	10.128000	123.800000
	136.460000	12.504000	121.800000
	136.480000	14.808000	118.600000
	136.500000	17.016000	114.800000
	136.520000	19.128000	110.400000
	136.540000	21.120000	105.200000
	136.560000	22.980000	99.400000
	136.580000	24.756000	93.800000
	136.600000	26.364000	87.400000
	136.620000	27.816000	80.600000
	136.640000	29.088000	72.200000
	136.660000	30.216000	64.200000
	136.680000	31.176000	56.000000
	136.700000	31.956000	47.800000
	136.720000	32.556000	39.000000
	136.740000	32.976000	30.000000
	136.760000	33.216000	21.000000
	136.780000	33.276000	12.000000
	136.800000	33.156000	3.000000
	136.820000	32.856000	-6.000000
	136.840000	32.376000	-15.000000
	136.860000	31.740000	-23.600000
	136.880000	30.912000	-32.400000
	136.900000	29.928000	-40.800000
	136.920000	28.800000	-49.000000
	136.940000	27.528000	-56.400000
	136.960000	26.100000	-63.800000
	136.980000	24.480000	-72.000000
	137.000000	22.788000	-79.000000
	137.020000	21.000000	-85.000000
	137.040000	19.104000	-89.600000
	137.060000	17.112000	-94.600000
	137.080000	15.012000	-99.800000
	137.100000	12.852000	-104.200000
	137.120000	10.572000	-109.000000
	137.140000	8.268000	-112.400000
	137.160000	5.928000	-115.400000
	137.180000	3.564000	-116.800000
	137.200000	1.188000	-118.000000
	137.220000	-1.188000	-118.600000
	137.240000	-3.516000	-118.000000
	137.260000	-5.856000	-117.400000
	137.280000	-8.148000	-116.000000
	137.300000	-10.416000	-115.000000
	137.320000	-12.552000	-111.600000
	137.340000	-14.604000	-107.600000
	137.360000	-16.560000	-102.400000
	137.380000	-18.432000	-98.000000
	137.400000	-20.184000	-93.000000
	137.420000	-21.804000	-87.400000
	137.440000	-23.292000	-81.000000
	137.460000	-24.624000	-74.000000
	137.480000	-25.788000	-66.400000
	137.500000	-26.796000	-58.400000
	137.520000	-27.636000	-50.200000
	137.540000	-28.308000	-42.000000
	137.560000	-28.800000	-33.400000
	137.580000	-29.100000	-24.400000
	137.600000	-29.220000	-15.200000
	137.620000	-29.160000	-6.000000
	137.640000	-28.932000	2.800000
	137.660000	-28.524000	11.600000
	137.680000	-27.972000	19.800000
	137.700000	-27.252000	28.000000
	137.720000	-26.364000	36.000000
	137.740000	-25.296000	44.600000
	137.760000	-24.084000	52.800000
	137.780000	-22.752000	60.200000
	137.800000	-21.288000	66.800000
	137.820000	-19.716000	72.800000
	137.840000	-18.024000	78.800000
	137.860000	-16.236000	84.200000
	137.880000	-14.328000	89.800000
	137.900000	-12.336000	94.800000
	137.920000	-10.308000	98.800000
	137.940000	-8.268000	101.000000
	137.960000	-6.216000	102.000000
	137.980000	-4.104000	103.400000
	138.000000	-1.956000	105.200000
	138.020000	0.204000	107.000000
	138.040000	2.352000	107.600000
	138.060000	4.488000	107.400000
	138.080000	6.576000	106.200000
	138.100000	8.652000	105.000000
	138.120000	10.644000	102.600000
	138.140000	12.600000	100.400000
	138.160000	14.412000	96.000000
	138.180000	16.164000	92.000000
	138.200000	17.820000	87.000000
	138.220000	19.380000	82.800000
	138.240000	20.808000	77.400000
	138.260000	22.116000	71.600000
	138.280000	23.304000	65.400000
	138.300000	24.396000	59.800000
	138.320000	25.332000	53.600000
	138.340000	26.136000	47.200000
	138.360000	26.760000	39.400000
	138.380000	27.240000	31.800000
	138.400000	27.576000	24.000000
	138.420000	27.756000	16.600000
	138.440000	27.780000	9.000000
	138.460000	27.636000	1.000000
	138.480000	27.360000	-6.600000
	138.500000	26.940000	-14.000000
	138.520000	26.376000	-21.000000
	138.540000	25.656000	-28.400000
	138.560000	24.816000	-35.400000
	138.580000	23.844000	-42.200000
	138.600000	22.740000	-48.600000
	138.620000	21.540000	-54.600000
	138.640000	20.220000	-60.400000
	138.660000	18.804000	-65.600000
	138.680000	17.244000	-71.600000
	138.700000	15.612000	-76.800000
	138.720000	13.896000	-81.800000
	138.740000	12.108000	-85.600000
	138.760000	10.248000	-89.400000
	138.780000	8.352000	-92.400000
	138.800000	6.420000	-94.800000
	138.820000	4.476000	-96.200000
	138.840000	2.496000	-97.600000
	138.860000	0.516000	-98.400000
	138.880000	-1.452000	-98.800000
	138.900000	-3.408000	-98.400000
	138.920000	-5.316000	-97.200000
	138.940000	-7.212000	-96.000000
	138.960000	-9.072000	-94.400000
	138.980000	-10.860000	-92.400000
	139.000000	-12.576000	-89.400000
	139.020000	-14.160000	-84.800000
	139.040000	-15.696000	-80.600000
	139.060000	-17.124000	-75.800000
	139.080000	-18.468000	-71.800000
	139.100000	-19.668000	-66.200000
	139.120000	-20.736000	-60.200000
	139.140000	-21.660000	-53.200000
	139.160000	-22.440000	-46.200000
	139.180000	-23.088000	-39.200000
	139.200000	-23.592000	-32.200000
	139.220000	-23.952000	-25.200000
	139.240000	-24.156000	-17.800000
	139.260000	-24.204000	-10.200000
	139.280000	-24.108000	-2.600000
	139.300000	-23.868000	4.800000
	139.320000	-23.484000	12.000000
	139.340000	-22.968000	19.000000
	139.360000	-22.308000	26.000000
	139.380000	-21.516000	32.800000
	139.400000	-20.604000	39.400000
	139.420000	-19.572000	45.600000
	139.440000	-18.444000	51.200000
	139.460000	-17.196000	56.800000
	139.480000	-15.852000	62.000000
	139.500000	-14.412000	67.200000
	139.520000	-12.900000	71.600000
	139.540000	-11.304000	75.800000
	139.560000	-9.672000	79.000000
	139.580000	-7.980000	82.000000
	139.600000	-6.276000	83.800000
	139.620000	-4.512000	86.000000
	139.640000	-2.724000	87.600000
	139.660000	-0.900000	89.600000
	139.680000	0.876000	89.800000
	139.700000	2.652000	89.600000
	139.720000	4.380000	88.000000
	139.740000	6.120000	87.400000
	139.760000	7.776000	85.400000
	139.780000	9.396000	83.600000
	139.800000	10.944000	80.400000
	139.820000	12.444000	77.800000
	139.840000	13.848000	74.200000
	139.860000	15.192000	70.800000
	139.880000	16.440000	66.600000
	139.900000	17.604000	62.600000
	139.920000	18.648000	57.600000
	139.940000	19.596000	52.600000
	139.960000	20.436000	47.200000
	139.980000	21.144000	41.600000
	140.000000	21.720000	35.400000
	140.020000	22.176000	29.000000
	140.040000	22.524000	23.000000
	140.060000	22.740000	17.000000
	140.080000	22.824000	10.800000
	140.100000	22.776000	4.200000
	140.120000	22.608000	-2.200000
	140.140000	22.308000	-8.600000
	140.160000	21.900000	-14.600000
	140.180000	21.384000	-20.400000
	140.200000	20.748000	-26.000000
	140.220000	19.992000	-31.800000
	140.240000	19.128000	-37.600000
	140.260000	18.192000	-42.600000
	140.280000	17.160000	-47.200000
	140.300000	16.020000	-51.800000
	140.320000	14.796000	-56.600000
	140.340000	13.500000	-61.000000
	140.360000	12.156000	-64.400000
	140.380000	10.728000	-67.800000
	140.400000	9.216000	-71.400000
	140.420000	7.656000	-75.000000
	140.440000	6.084000	-77.400000
	140.460000	4.476000	-79.000000
	140.480000	2.868000	-79.800000
	140.500000	1.248000	-80.600000
	140.520000	-0.348000	-80.400000
	140.540000	-1.968000	-80.600000
	140.560000	-3.576000	-80.400000
	140.580000	-5.148000	-80.000000
	140.600000	-6.684000	-78.600000
	140.620000	-8.160000	-76.400000
	140.640000	-9.588000	-74.000000
	140.660000	-10.932000	-70.800000
	140.680000	-12.216000	-67.600000
	140.700000	-13.416000	-63.800000
	140.720000	-14.544000	-60.200000
	140.740000	-15.600000	-56.400000
	140.760000	-16.548000	-52.200000
	140.780000	-17.376000	-47.200000
	140.800000	-18.072000	-41.200000
	140.820000	-18.648000	-35.000000
	140.840000	-19.116000	-29.000000
	140.860000	-19.464000	-23.200000
	140.880000	-19.692000	-17.400000
	140.900000	-19.788000	-11.200000
	140.920000	-19.764000	-5.000000
	140.940000	-19.620000	1.200000
	140.960000	-19.356000	7.200000
	140.980000	-18.972000	13.200000
	141.000000	-18.480000	19.000000
	141.020000	-17.880000	24.600000
	141.040000	-17.184000	29.800000
	141.060000	-16.368000	35.200000
	141.080000	-15.480000	40.000000
	141.100000	-14.508000	44.600000
	141.120000	-13.464000	48.400000
	141.140000	-12.324000	52.600000
	141.160000	-11.100000	56.800000
	141.180000	-9.828000	60.600000
	141.200000	-8.496000	63.800000
	141.220000	-7.116000	66.400000
	141.240000	-5.712000	68.600000
	141.260000	-4.284000	70.200000
	141.280000	-2.856000	71.000000
	141.300000	-1.380000	72.200000
	141.320000	0.096000	73.000000
	141.340000	1.560000	73.600000
	141.360000	2.988000	72.800000
	141.380000	4.392000	71.600000
	141.400000	5.784000	70.400000
	141.420000	7.152000	69.400000
	141.440000	8.448000	67.600000
	141.460000	9.672000	64.800000
	141.480000	10.848000	61.600000
	141.500000	11.988000	59.000000
	141.520000	13.044000	56.200000
	141.540000	14.004000	52.600000
	141.560000	14.868000	48.000000
	141.580000	15.672000	43.800000
	141.600000	16.380000	39.600000
	141.620000	16.992000	35.400000
	141.640000	17.496000	30.400000
	141.660000	17.892000	25.200000
	141.680000	18.180000	19.800000
	141.700000	18.372000	14.600000
	141.720000	18.468000	9.600000
	141.740000	18.456000	4.600000
	141.760000	18.336000	-0.600000
	141.780000	18.120000	-5.800000
	141.800000	17.820000	-10.600000
	141.820000	17.424000	-15.200000
	141.840000	16.920000	-20.000000
	141.860000	16.332000	-24.800000
	141.880000	15.648000	-29.600000
	141.900000	14.892000	-33.800000
	141.920000	14.052000	-38.000000
	141.940000	13.164000	-41.400000
	141.960000	12.204000	-44.800000
	141.980000	11.172000	-48.000000
	142.000000	10.068000	-51.600000
	142.020000	8.940000	-54.400000
	142.040000	7.764000	-56.800000
	142.060000	6.552000	-58.600000
	142.080000	5.280000	-61.000000
	142.100000	3.996000	-62.800000
	142.120000	2.688000	-64.400000
	142.140000	1.368000	-65.200000
	142.160000	0.048000	-65.800000
	142.180000	-1.248000	-65.600000
	142.200000	-2.532000	-65.000000
	142.220000	-3.792000	-64.000000
	142.240000	-5.052000	-63.400000
	142.260000	-6.264000	-62.200000
	142.280000	-7.428000	-60.600000
	142.300000	-8.532000	-58.000000
	142.320000	-9.588000	-55.400000
	142.340000	-10.584000	-52.600000
	142.360000	-11.508000	-49.600000
	142.380000	-12.336000	-45.800000
	142.400000	-13.104000	-42.000000
	142.420000	-13.776000	-37.800000
	142.440000	-14.376000	-34.000000
	142.460000	-14.868000	-29.400000
	142.480000	-15.264000	-24.800000
	142.500000	-15.564000	-19.800000
	142.520000	-15.768000	-15.000000
	142.540000	-15.876000	-10.200000
	142.560000	-15.876000	-5.200000
	142.580000	-15.780000	-0.200000
	142.600000	-15.588000	4.800000
	142.620000	-15.300000	9.600000
	142.640000	-14.928000	14.200000
	142.660000	-14.460000	18.800000
	142.680000	-13.920000	23.000000
	142.700000	-13.296000	27.200000
	142.720000	-12.600000	31.000000
	142.740000	-11.832000	34.800000
	142.760000	-10.992000	38.400000
	142.780000	-10.092000	41.800000
	142.800000	-9.144000	44.800000
	142.820000	-8.148000	47.400000
	142.840000	-7.116000	49.600000
	142.860000	-6.036000	51.800000
	142.880000	-4.920000	53.800000
	142.900000	-3.768000	55.800000
	142.920000	-2.604000	57.200000
	142.940000	-1.428000	58.200000
	142.960000	-0.252000	58.600000
	142.980000	0.912000	58.600000
	143.000000	2.064000	58.200000
	143.020000	3.180000	57.200000
	143.040000	4.296000	56.400000
	143.060000	5.376000	55.200000
	143.080000	6.420000	54.000000
	143.100000	7.428000	52.200000
	143.120000	8.376000	50.000000
	143.140000	9.288000	47.800000
	143.160000	10.128000	45.000000
	143.180000	10.908000	42.200000
	143.200000	11.616000	38.800000
	143.220000	12.252000	35.400000
	143.240000	12.828000	32.000000
	143.260000	13.320000	28.400000
	143.280000	13.728000	24.600000
	143.300000	14.052000	20.400000
	143.320000	14.304000	16.400000
	143.340000	14.472000	12.400000
	143.360000	14.544000	8.200000
	143.380000	14.532000	3.800000
	143.400000	14.436000	-0.600000
	143.420000	14.268000	-4.600000
	143.440000	14.016000	-8.600000
	143.460000	13.692000	-12.400000
	143.480000	13.308000	-16.000000
	143.500000	12.852000	-19.400000
	143.520000	12.324000	-22.800000
	143.540000	11.736000	-26.200000
	143.560000	11.088000	-29.400000
	143.580000	10.380000	-32.400000
	143.600000	9.612000	-35.400000
	143.620000	8.808000	-38.000000
	143.640000	7.968000	-40.200000
	143.660000	7.068000	-42.400000
	143.680000	6.132000	-44.600000
	143.700000	5.172000	-46.600000
	143.720000	4.188000	-48.000000
	143.740000	3.168000	-49.400000
	143.760000	2.148000	-50.400000
	143.780000	1.140000	-50.800000
	143.800000	0.132000	-50.600000
	143.820000	-0.900000	-50.800000
	143.840000	-1.920000	-51.000000
	143.860000	-2.916000	-50.800000
	143.880000	-3.888000	-49.800000
	143.900000	-4.836000	-48.600000
	143.920000	-5.748000	-47.200000
	143.940000	-6.612000	-45.400000
	143.960000	-7.428000	-43.200000
	143.980000	-8.184000	-40.600000
	144.000000	-8.892000	-38.000000
	144.020000	-9.540000	-35.200000
	144.040000	-10.140000	-32.600000
	144.060000	-10.668000	-29.600000
	144.080000	-11.136000	-26.600000
	144.100000	-11.520000	-23.000000
	144.120000	-11.820000	-19.200000
	144.140000	-12.048000	-15.200000
	144.160000	-12.204000	-11.400000
	144.180000	-12.288000	-7.800000
	144.200000	-12.288000	-4.000000
	144.220000	-12.204000	0.000000
	144.240000	-12.048000	4.000000
	144.260000	-11.820000	7.800000
	144.280000	-11.532000	11.200000
	144.300000	-11.184000	14.400000
	144.320000	-10.764000	17.600000
	144.340000	-10.284000	20.800000
	144.360000	-9.744000	24.000000
	144.380000	-9.168000	26.600000
	144.400000	-8.532000	29.200000
	144.420000	-7.860000	31.400000
	144.440000	-7.140000	33.800000
	144.460000	-6.396000	35.600000
	144.480000	-5.604000	37.600000
	144.500000	-4.776000	39.400000
	144.520000	-3.912000	41.400000
	144.540000	-3.036000	42.800000
	144.560000	-2.148000	43.800000
	144.580000	-1.260000	44.200000
	144.600000	-0.360000	44.600000
	144.620000	0.540000	44.800000
	144.640000	1.416000	44.600000
	144.660000	2.280000	44.000000
	144.680000	3.132000	43.200000
	144.700000	3.960000	42.400000
	144.720000	4.752000	41.200000
	144.740000	5.508000	39.600000
	144.760000	6.252000	38.200000
	144.780000	6.948000	36.600000
	144.800000	7.596000	34.800000
	144.820000	8.184000	32.200000
	144.840000	8.724000	29.600000
	144.860000	9.204000	26.800000
	144.880000	9.624000	24.000000
	144.900000	9.984000	21.000000
	144.920000	10.284000	18.000000
	144.940000	10.524000	15.000000
	144.960000	10.704000	12.000000
	144.980000	10.812000	8.800000
	145.000000	10.848000	5.400000
	145.020000	10.824000	2.000000
	145.040000	10.740000	-1.200000
	145.060000	10.596000	-4.200000
	145.080000	10.392000	-7.200000
	145.100000	10.128000	-10.200000
	145.120000	9.816000	-13.000000
	145.140000	9.456000	-15.600000
	145.160000	9.048000	-18.000000
	145.180000	8.592000	-20.400000
	145.200000	8.088000	-22.800000
	145.220000	7.548000	-25.000000
	145.240000	6.972000	-27.000000
	145.260000	6.360000	-28.800000
	145.280000	5.700000	-30.800000
	145.300000	5.016000	-32.600000
	145.320000	4.320000	-34.000000
	145.340000	3.612000	-34.800000
	145.360000	2.892000	-35.400000
	145.380000	2.148000	-36.200000
	145.400000	1.404000	-36.800000
	145.420000	0.648000	-37.400000
	145.440000	-0.108000	-37.600000
	145.460000	-0.864000	-37.800000
	145.480000	-1.608000	-37.600000
	145.500000	-2.340000	-37.200000
	145.520000	-3.036000	-36.200000
	145.540000	-3.720000	-35.200000
	145.560000	-4.356000	-33.600000
	145.580000	-4.980000	-32.400000
	145.600000	-5.556000	-30.600000
	145.620000	-6.120000	-29.400000
	145.640000	-6.612000	-27.200000
	145.660000	-7.068000	-25.200000
	145.680000	-7.464000	-22.400000
	145.700000	-7.836000	-20.400000
	145.720000	-8.148000	-18.000000
	145.740000	-8.400000	-15.600000
	145.760000	-8.592000	-12.600000
	145.780000	-8.724000	-9.600000
	145.800000	-8.796000	-6.600000
	145.820000	-8.820000	-3.800000
	145.840000	-8.784000	-1.000000
	145.860000	-8.700000	1.600000
	145.880000	-8.556000	4.400000
	145.900000	-8.376000	6.800000
	145.920000	-8.136000	9.400000
	145.940000	-7.860000	11.600000
	145.960000	-7.524000	14.200000
	145.980000	-7.164000	16.200000
	146.000000	-6.768000	18.200000
	146.020000	-6.336000	19.800000
	146.040000	-5.868000	21.600000
	146.060000	-5.364000	23.400000
	146.080000	-4.848000	24.800000
	146.100000	-4.308000	26.000000
	146.120000	-3.744000	27.000000
	146.140000	-3.156000	28.200000
	146.160000	-2.556000	29.200000
	146.180000	-1.932000	30.200000
	146.200000	-1.296000	31.000000
	146.220000	-0.660000	31.600000
	146.240000	-0.036000	31.600000
	146.260000	0.588000	31.400000
	146.280000	1.200000	31.000000
	146.300000	1.812000	30.800000
	146.320000	2.400000	30.200000
	146.340000	2.976000	29.600000
	146.360000	3.528000	28.600000
	146.380000	4.044000	27.400000
	146.400000	4.536000	26.000000
	146.420000	4.992000	24.400000
	146.440000	5.424000	23.000000
	146.460000	5.820000	21.400000
	146.480000	6.168000	19.600000
	146.500000	6.480000	17.600000
	146.520000	6.744000	15.400000
	146.540000	6.972000	13.400000
	146.560000	7.152000	11.200000
	146.580000	7.284000	9.000000
	146.600000	7.368000	6.600000
	146.620000	7.404000	4.200000
	146.640000	7.392000	1.800000
	146.660000	7.344000	-0.400000
	146.680000	7.248000	-2.600000
	146.700000	7.116000	-4.600000
	146.720000	6.936000	-6.800000
	146.740000	6.720000	-8.800000
	146.760000	6.468000	-10.800000
	146.780000	6.180000	-12.600000
	146.800000	5.868000	-14.200000
	146.820000	5.520000	-15.800000
	146.840000	5.160000	-17.000000
	146.860000	4.764000	-18.400000
	146.880000	4.356000	-19.400000
	146.900000	3.924000	-20.600000
	146.920000	3.480000	-21.400000
	146.940000	3.024000	-22.200000
	146.960000	2.544000	-23.000000
	146.980000	2.052000	-23.800000
	147.000000	1.548000	-24.600000
	147.020000	1.044000	-25.000000
	147.040000	0.540000	-25.200000
	147.060000	0.036000	-25.200000
	147.080000	-0.456000	-25.000000
	147.100000	-0.936000	-24.600000
	147.120000	-1.404000	-24.000000
	147.140000	-1.872000	-23.600000
	147.160000	-2.328000	-23.200000
	147.180000	-2.748000	-22.400000
	147.200000	-3.156000	-21.400000
	147.220000	-3.528000	-20.000000
	147.240000	-3.888000	-19.000000
	147.260000	-4.200000	-17.400000
	147.280000	-4.488000	-16.000000
	147.300000	-4.752000	-14.400000
	147.320000	-4.980000	-13.000000
	147.340000	-5.172000	-11.400000
	147.360000	-5.316000	-9.400000
	147.380000	-5.424000	-7.400000
	147.400000	-5.496000	-5.400000
	147.420000	-5.532000	-3.600000
	147.440000	-5.532000	-1.800000
	147.460000	-5.496000	0.000000
	147.480000	-5.424000	1.800000
	147.500000	-5.316000	3.600000
	147.520000	-5.172000	5.400000
	147.540000	-4.992000	7.200000
	147.560000	-4.788000	8.800000
	147.580000	-4.560000	10.200000
	147.600000	-4.320000	11.200000
	147.620000	-4.044000	12.400000
	147.640000	-3.756000	13.400000
	147.660000	-3.456000	14.400000
	147.680000	-3.144000	15.000000
	147.700000	-2.820000	15.600000
	147.720000	-2.460000	16.600000
	147.740000	-2.100000	17.400000
	147.760000	-1.728000	18.200000
	147.780000	-1.368000	18.200000
	147.800000	-1.008000	18.200000
	147.820000	-0.636000	18.200000
	147.840000	-0.264000	18.400000
	147.860000	0.108000	18.600000
	147.880000	0.468000	18.400000
	147.900000	0.828000	18.200000
	147.920000	1.188000	18.000000
	147.940000	1.524000	17.600000
	147.960000	1.848000	17.000000
	147.980000	2.160000	16.200000
	148.000000	2.460000	15.600000
	148.020000	2.736000	14.800000
	148.040000	2.988000	13.800000
	148.060000	3.216000	12.600000
	148.080000	3.420000	11.400000
	148.100000	3.600000	10.200000
	148.120000	3.756000	9.000000
	148.140000	3.888000	7.800000
	148.160000	3.984000	6.400000
	148.180000	4.056000	5.000000
	148.200000	4.092000	3.400000
	148.220000	4.104000	2.000000
	148.240000	4.092000	0.600000
	148.260000	4.056000	-0.600000
	148.280000	3.996000	-1.800000
	148.300000	3.912000	-3.000000
	148.320000	3.804000	-4.200000
	148.340000	3.672000	-5.400000
	148.360000	3.516000	-6.600000
	148.380000	3.360000	-7.400000
	148.400000	3.180000	-8.200000
	148.420000	3.000000	-8.600000
	148.440000	2.784000	-9.600000
	148.460000	2.580000	-10.000000
	148.480000	2.352000	-10.800000
	148.500000	2.136000	-10.800000
	148.520000	1.908000	-11.200000
	148.540000	1.680000	-11.200000
	148.560000	1.440000	-11.600000
	148.580000	1.188000	-12.000000
	148.600000	0.948000	-12.200000
	148.620000	0.708000	-12.200000
	148.640000	0.468000	-12.000000
	148.660000	0.228000	-12.000000
	148.680000	0.000000	-11.800000
	148.700000	-0.216000	-11.400000
	148.720000	-0.432000	-11.000000
	148.740000	-0.648000	-10.800000
	148.760000	-0.852000	-10.600000
	148.780000	-1.044000	-10.200000
	148.800000	-1.224000	-9.600000
	148.820000	-1.404000	-9.200000
	148.840000	-1.560000	-8.600000
	148.860000	-1.704000	-8.000000
	148.880000	-1.824000	-7.000000
	148.900000	-1.944000	-6.400000
	148.920000	-2.040000	-5.600000
	148.940000	-2.112000	-4.800000
	148.960000	-2.160000	-3.600000
	148.980000	-2.196000	-2.600000
	149.000000	-2.220000	-1.800000
	149.020000	-2.220000	-1.000000
	149.040000	-2.196000	0.000000
	149.060000	-2.160000	1.000000
	149.080000	-2.112000	1.800000
	149.100000	-2.052000	2.400000
	149.120000	-1.980000	3.000000
	149.140000	-1.896000	3.600000
	149.160000	-1.800000	4.200000
	149.180000	-1.692000	4.800000
	149.200000	-1.584000	5.200000
	149.220000	-1.476000	5.400000
	149.240000	-1.356000	5.600000
	149.260000	-1.236000	5.800000
	149.280000	-1.104000	6.200000
	149.300000	-0.984000	6.200000
	149.320000	-0.852000	6.400000
	149.340000	-0.732000	6.200000
	149.360000	-0.612000	6.200000
	149.380000	-0.492000	6.000000
	149.400000	-0.384000	5.800000
	149.420000	-0.276000	5.600000
	149.440000	-0.180000	5.200000
	149.460000	-0.084000	5.000000
	149.480000	0.000000	4.600000
	149.500000	0.072000	4.200000
	149.520000	0.144000	3.800000
	149.540000	0.204000	3.400000
	149.560000	0.252000	3.000000
	149.580000	0.288000	2.400000
	149.600000	0.312000	1.800000
	149.620000	0.336000	1.400000
	149.640000	0.348000	1.000000
	149.660000	0.348000	0.600000
	149.680000	0.336000	0.000000
	149.700000	0.312000	-0.600000
	149.720000	0.288000	-1.000000
	149.740000	0.252000	-1.400000
	149.760000	0.228000	-1.400000
	149.780000	0.192000	-1.600000
	149.800000	0.156000	-1.600000
	149.820000	0.108000	-2.000000
	149.840000	0.072000	-2.000000
	149.860000	0.036000	-2.000000
	149.880000	0.000000	-1.800000
	149.900000	-0.036000	-1.800000
	149.920000	-0.072000	-1.800000
	149.940000	-0.108000	-1.800000
	149.960000	-0.132000	-1.600000
	149.980000	-0.156000	-1.400000
	150.000000	-0.180000	-1.200000
	150.020000	-0.204000	-1.200000
	150.040000	-0.216000	-1.000000
	150.060000	-0.216000	-0.600000
	150.080000	-0.228000	-0.400000
	150.100000	-0.240000	-0.400000
	150.120000	-0.252000	-0.600000
	150.140000	-0.240000	-0.200000
	150.160000	-0.228000	0.200000
	150.180000	-0.216000	0.600000
	150.200000	-0.216000	0.400000
	150.220000	-0.204000	0.400000
	150.240000	-0.192000	0.400000
	150.260000	-0.180000	0.600000
	150.280000	-0.180000	0.400000
	150.300000	-0.168000	0.400000
	150.320000	-0.156000	0.400000
	150.340000	-0.144000	0.600000
	150.360000	-0.144000	0.400000
	150.380000	-0.144000	0.200000
	150.400000	-0.144000	0.000000
	150.420000	-0.144000	0.000000
	150.440000	-0.144000	0.000000
	150.460000	-0.144000	0.000000
	150.480000	-0.144000	0.000000
	150.500000	-0.144000	0.000000
	150.520000	-0.144000	0.000000
	150.540000	-0.144000	0.000000
	150.560000	-0.144000	0.000000
	150.580000	-0.144000	0.000000
	150.600000	-0.144000	0.000000
	150.620000	-0.144000	0.000000
	150.640000	-0.144000	0.000000
	150.660000	-0.144000	0.000000
	150.680000	-0.144000	0.000000
	150.700000	-0.144000	0.000000
	150.720000	-0.144000	0.000000
	150.740000	-0.144000	0.000000
	150.760000	-0.144000	0.000000
	150.780000	-0.144000	0.000000
	150.800000	-0.144000	0.000000
	150.820000	-0.144000	0.000000
	150.840000	-0.144000	0.000000
	150.860000	-0.144000	0.000000
	150.880000	-0.144000	0.000000
	150.900000	-0.144000	0.000000
	150.920000	-0.144000	0.000000
	150.940000	-0.144000	0.000000
	150.960000	-0.144000	0.000000
	150.980000	-0.144000	0.000000
	151.000000	-0.144000	0.000000
	151.020000	-0.144000	0.000000
	151.040000	-0.144000	0.000000
	151.060000	-0.144000	0.000000
	151.080000	-0.144000	0.000000
	151.100000	-0.144000	0.000000
	151.120000	-0.144000	0.000000
	151.140000	-0.144000	0.000000
