333.348	0.3
333.679	0.3
334.011	1.0
334.343	2.3
334.674	2.3
335.006	2.7
335.338	4.0
335.670	3.7
336.002	3.0
336.334	1.0
336.666	0.3
336.998	0.0
337.330	-0.7
337.662	0.0
337.994	-0.7
338.326	0.7
338.658	1.0
338.990	3.3
339.323	4.7
339.655	3.7
339.987	1.7
340.320	0.0
340.652	0.7
340.984	0.3
341.317	0.7
341.649	0.3
341.982	0.3
342.314	0.7
342.647	2.0
342.979	2.7
343.312	1.7
343.645	1.3
343.978	1.3
344.310	1.3
344.643	0.3
344.976	-0.3
345.309	0.7
345.642	1.0
345.975	1.3
346.308	0.0
346.641	-1.0
346.974	-0.3
347.307	-0.3
347.640	0.0
347.973	-0.7
348.306	-1.3
348.639	-0.7
348.972	-1.0
349.306	1.0
349.639	1.7
349.972	4.0
350.306	4.0
350.639	3.3
350.972	3.3
351.306	2.3
351.639	2.3
351.973	-0.7
352.306	-1.0
352.640	-1.7
352.974	-0.7
353.307	-1.0
353.641	-1.3
353.975	-1.3
354.309	1.3
354.642	3.3
354.976	5.7
355.310	4.7
355.644	6.0
355.978	5.3
356.312	6.7
356.646	5.0
356.980	4.0
357.314	2.3
357.648	2.0
357.982	1.3
358.316	0.7
358.651	0.0
358.985	-0.7
359.319	-0.3
359.653	-0.7
359.988	0.3
360.322	-1.0
360.656	-0.7
360.991	-0.7
361.325	0.7
361.660	0.7
361.994	2.3
362.329	2.7
362.664	1.3
362.998	1.0
363.333	0.7
363.668	2.0
364.002	0.3
364.337	1.3
364.672	0.3
365.007	1.0
365.342	0.7
365.676	1.7
366.011	0.7
366.346	1.0
366.681	1.7
367.016	1.7
367.351	1.0
367.687	-1.0
368.022	0.3
368.357	-0.3
368.692	2.3
369.027	0.7
369.363	0.0
369.698	-0.3
370.033	1.3
370.369	2.7
370.704	2.3
371.039	1.3
371.375	0.3
371.710	0.7
372.046	-0.7
372.381	0.0
372.717	-2.0
373.053	-2.0
373.388	-2.7
373.724	0.0
374.060	1.7
374.395	3.7
374.731	4.3
375.067	5.0
375.403	4.7
375.739	3.3
376.075	3.0
376.411	3.0
376.747	3.3
377.083	3.3
377.419	3.3
377.755	4.7
378.091	3.7
378.427	2.3
378.763	1.7
379.099	2.7
379.436	3.3
379.772	2.3
380.108	2.3
380.445	2.7
380.781	2.0
381.117	2.0
381.454	1.0
381.790	2.3
382.127	3.0
382.463	3.3
382.800	4.0
383.137	2.0
383.473	2.0
383.810	0.3
384.147	1.0
384.483	0.3
384.820	0.3
385.157	-0.7
385.494	0.7
385.831	1.3
386.167	2.7
386.504	1.3
386.841	1.0
387.178	0.3
387.515	1.3
387.852	2.3
388.189	2.3
388.527	1.7
388.864	-0.3
389.201	1.0
389.538	0.3
389.875	1.0
390.213	0.3
390.550	1.7
390.887	4.0
391.225	4.7
391.562	3.7
391.899	1.7
392.237	1.3
392.574	2.3
392.912	2.3
393.250	2.0
393.587	2.0
393.925	2.7
394.262	1.7
394.600	1.0
394.938	-1.3
395.276	-1.3
395.613	-1.7
395.951	-0.3
396.289	2.0
396.627	2.7
396.965	4.3
397.303	3.7
397.641	4.3
397.979	3.3
398.317	4.0
398.655	4.3
398.993	4.0
399.331	2.0
399.669	0.7
400.008	1.3
400.346	2.0
400.684	2.7
401.022	2.7
401.361	3.0
401.699	4.3
402.037	4.0
402.376	3.3
402.714	0.7
403.053	1.7
403.391	3.0
403.730	4.7
404.068	5.3
404.407	4.0
404.746	4.0
405.084	2.3
405.423	2.7
405.762	3.0
406.101	3.0
406.439	3.3
406.778	2.7
407.117	3.3
407.456	3.3
407.795	3.7
408.134	3.7
408.473	4.3
408.812	4.3
409.151	3.0
409.490	2.7
409.829	2.0
410.168	3.3
410.508	2.3
410.847	2.7
411.186	2.0
411.525	2.3
411.865	3.3
412.204	4.3
412.543	6.7
412.883	6.3
413.222	7.3
413.562	6.3
413.901	7.3
414.241	8.3
414.580	9.7
414.920	11.3
415.259	11.7
415.599	13.7
415.939	13.0
416.278	12.0
416.618	9.3
416.958	9.3
417.298	11.3
417.637	14.7
417.977	17.0
418.317	19.7
418.657	21.3
418.997	25.0
419.337	26.0
419.677	24.7
420.017	20.3
420.357	16.3
420.697	14.7
421.037	15.0
421.378	15.3
421.718	17.0
422.058	18.7
422.398	21.3
422.739	22.7
423.079	22.3
423.419	22.3
423.760	22.3
424.100	23.0
424.441	23.3
424.781	25.7
425.122	30.0
425.462	32.7
425.803	33.7
426.143	31.7
426.484	33.3
426.825	34.0
427.165	35.7
427.506	34.7
427.847	33.7
428.187	33.7
428.528	33.3
428.869	35.3
429.210	37.3
429.551	39.3
429.892	41.0
430.233	42.0
430.574	43.3
430.915	43.0
431.256	42.3
431.597	44.3
431.938	46.0
432.279	49.7
432.620	52.3
432.962	55.0
433.303	56.3
433.644	56.3
433.985	59.0
434.327	59.3
434.668	60.0
435.010	59.3
435.351	60.0
435.692	62.0
436.034	64.3
436.375	67.0
436.717	68.0
437.058	69.7
437.400	71.0
437.742	72.3
438.083	73.7
438.425	77.7
438.767	80.7
439.109	83.0
439.450	86.0
439.792	90.0
440.134	93.0
440.476	92.7
440.818	92.7
441.160	95.3
441.502	98.7
441.844	101.7
442.186	103.3
442.528	106.7
442.870	110.3
443.212	112.3
443.554	114.0
443.896	116.0
444.238	118.0
444.581	120.7
444.923	121.3
445.265	123.0
445.608	125.0
445.950	129.0
446.292	131.0
446.635	133.0
446.977	134.7
447.320	136.3
447.662	137.0
448.005	138.3
448.347	141.7
448.690	145.0
449.032	145.3
449.375	145.7
449.718	145.7
450.060	147.3
450.403	148.7
450.746	148.0
451.089	146.3
451.431	145.3
451.774	141.3
452.117	139.0
452.460	137.7
452.803	140.0
453.146	142.0
453.489	142.0
453.832	141.0
454.175	138.0
454.518	132.0
454.861	128.7
455.204	126.7
455.548	127.7
455.891	123.3
456.234	119.7
456.577	116.3
456.921	116.3
457.264	118.3
457.607	117.7
457.951	117.0
458.294	113.7
458.638	109.7
458.981	107.3
459.325	103.0
459.668	100.3
460.012	98.3
460.355	97.0
460.699	96.3
461.042	93.0
461.386	91.3
461.730	89.0
462.074	89.0
462.417	88.0
462.761	85.3
463.105	83.0
463.449	80.3
463.793	82.0
464.137	81.7
464.481	80.0
464.824	78.7
465.168	78.0
465.513	79.3
465.857	78.0
466.201	75.3
466.545	73.3
466.889	71.7
467.233	70.0
467.577	68.7
467.921	67.0
468.266	66.7
468.610	64.3
468.954	63.3
469.299	62.7
469.643	63.3
469.987	64.3
470.332	63.3
470.676	62.7
471.021	60.7
471.365	58.7
471.710	59.0
472.054	58.7
472.399	59.0
472.744	58.0
473.088	57.0
473.433	57.0
473.778	55.7
474.122	53.7
474.467	51.7
474.812	50.3
475.157	50.3
475.502	52.0
475.847	53.7
476.191	55.0
476.536	51.7
476.881	48.0
477.226	45.0
477.571	44.0
477.916	44.0
478.262	45.3
478.607	45.3
478.952	44.3
479.297	42.7
479.642	44.3
479.987	44.7
480.333	45.0
480.678	43.7
481.023	43.0
481.369	42.3
481.714	41.0
482.059	41.7
482.405	41.7
482.750	41.3
483.096	40.3
483.441	40.3
483.787	43.0
484.132	44.3
484.478	47.3
484.824	48.0
485.169	49.7
485.515	49.3
485.861	48.0
486.206	46.3
486.552	46.3
486.898	47.3
487.244	48.7
487.590	48.3
487.935	49.0
488.281	47.0
488.627	46.0
488.973	45.7
489.319	46.7
489.665	48.0
490.011	49.0
490.357	51.0
490.703	52.3
491.050	52.3
491.396	52.0
491.742	51.7
492.088	51.3
492.434	52.0
492.781	52.7
493.127	55.3
493.473	56.7
493.820	58.7
494.166	58.7
494.512	60.7
494.859	61.0
495.205	63.7
495.552	65.0
495.898	65.7
496.245	65.0
496.591	64.3
496.938	64.3
497.285	64.7
497.631	66.0
497.978	68.3
498.325	70.7
498.671	74.3
499.018	76.7
499.365	77.7
499.712	79.3
500.059	81.3
500.405	85.0
500.752	86.7
501.099	87.7
501.446	87.3
501.793	86.0
502.140	86.3
502.487	89.0
502.834	91.3
503.181	93.7
503.529	96.7
503.876	100.0
504.223	101.7
504.570	101.0
504.917	102.0
505.265	105.7
505.612	108.3
505.959	109.3
506.306	109.3
506.654	109.7
507.001	112.0
507.349	111.3
507.696	112.3
508.044	112.7
508.391	115.3
508.739	117.7
509.086	117.7
509.434	117.0
509.781	117.3
510.129	119.3
510.477	122.7
510.824	124.3
511.172	127.0
511.520	127.3
511.868	127.7
512.215	129.3
512.563	131.3
512.911	134.0
513.259	133.3
513.607	134.3
513.955	134.7
514.303	138.0
514.651	140.3
514.999	141.7
515.347	142.0
515.695	143.0
516.043	145.7
516.391	146.3
516.739	147.7
517.087	148.7
517.436	150.3
517.784	150.3
518.132	151.3
518.480	152.0
518.829	151.0
519.177	150.7
519.525	151.0
519.874	155.7
520.222	156.3
520.571	158.0
520.919	158.7
521.268	162.7
521.616	163.7
521.965	162.7
522.313	160.0
522.662	162.3
523.011	164.0
523.359	166.0
523.708	164.7
524.057	165.0
524.405	166.7
524.754	169.0
525.103	171.0
525.452	169.7
525.801	169.3
526.150	170.7
526.498	172.3
526.847	171.7
527.196	171.0
527.545	172.0
527.894	172.7
528.243	171.7
528.592	173.0
528.941	173.3
529.291	177.3
529.640	178.0
529.989	180.3
530.338	180.3
530.687	180.3
531.037	179.0
531.386	178.7
531.735	179.7
532.084	182.3
532.434	183.3
532.783	182.0
533.132	185.0
533.482	186.0
533.831	188.3
534.181	186.0
534.530	186.7
534.880	188.3
535.229	187.3
535.579	189.0
535.929	190.3
536.278	194.7
536.628	194.3
536.978	195.7
537.327	196.0
537.677	196.7
538.027	197.3
538.377	195.7
538.726	199.0
539.076	199.0
539.426	199.3
539.776	198.0
540.126	197.0
540.476	200.3
540.826	200.3
541.176	200.3
541.526	200.7
541.876	202.0
542.226	203.7
542.576	204.0
542.926	205.7
543.276	208.3
543.627	208.0
543.977	209.7
544.327	211.0
544.677	214.3
545.028	213.3
545.378	212.0
545.728	212.3
546.079	214.3
546.429	214.0
546.779	215.3
547.130	215.7
547.480	218.0
547.831	215.0
548.181	217.3
548.532	219.7
548.882	223.0
549.233	221.7
549.584	219.7
549.934	219.3
550.285	217.3
550.636	220.0
550.986	222.3
551.337	228.0
551.688	227.3
552.039	228.3
552.389	226.7
552.740	227.7
553.091	227.0
553.442	227.0
553.793	227.3
554.144	227.7
554.495	228.0
554.846	230.0
555.197	232.3
555.548	229.7
555.899	221.7
556.250	215.0
556.601	209.3
556.952	208.0
557.303	205.7
557.655	208.3
558.006	210.3
558.357	213.0
558.708	213.0
559.060	212.7
559.411	212.0
559.762	213.3
560.114	216.3
560.465	219.0
560.817	220.3
561.168	221.0
561.519	222.0
561.871	223.7
562.223	225.7
562.574	229.3
562.926	236.0
563.277	243.3
563.629	249.3
563.980	255.7
564.332	262.7
564.684	268.0
565.036	270.3
565.387	269.3
565.739	268.0
566.091	266.7
566.443	267.7
566.795	268.0
567.146	271.7
567.498	271.7
567.850	275.3
568.202	272.7
568.554	273.3
568.906	272.3
569.258	273.0
569.610	273.7
569.962	274.0
570.314	274.0
570.667	274.7
571.019	274.3
571.371	275.7
571.723	274.3
572.075	274.0
572.428	274.0
572.780	276.7
573.132	279.7
573.484	277.0
573.837	275.0
574.189	272.0
574.541	275.0
574.894	273.0
575.246	271.0
575.599	272.0
575.951	273.0
576.304	275.3
576.656	275.3
577.009	276.3
577.361	277.0
577.714	274.7
578.067	275.3
578.419	275.7
578.772	274.7
579.125	275.3
579.478	274.3
579.830	277.3
580.183	274.0
580.536	274.3
580.889	272.3
581.242	275.3
581.594	275.0
581.947	275.3
582.300	274.0
582.653	276.3
583.006	277.0
583.359	275.7
583.712	272.3
584.065	272.3
584.418	274.7
584.771	277.0
585.125	278.0
585.478	277.3
585.831	276.7
586.184	276.7
586.537	273.7
586.890	273.3
587.244	272.0
587.597	277.0
587.950	279.0
588.304	282.3
588.657	280.3
589.010	277.3
589.364	273.0
589.717	274.0
590.071	277.7
590.424	281.7
590.778	279.7
591.131	274.0
591.485	271.3
591.838	273.0
592.192	276.7
592.546	273.3
592.899	272.3
593.253	268.3
593.607	268.7
593.960	264.3
594.314	261.7
594.668	258.7
595.022	258.0
595.375	258.0
595.729	258.0
596.083	258.7
596.437	257.0
596.791	258.0
597.145	255.7
597.499	255.0
597.853	254.3
598.207	253.7
598.561	256.3
598.915	255.7
599.269	255.3
599.623	255.0
599.977	253.7
600.331	253.3
600.685	249.0
601.040	249.0
601.394	247.0
601.748	250.3
602.102	257.7
602.457	267.0
602.811	269.3
603.165	261.7
603.520	254.0
603.874	247.7
604.228	244.3
604.583	241.3
604.937	241.3
605.292	240.3
605.646	237.0
606.001	229.7
606.355	223.0
606.710	219.0
607.064	219.3
607.419	222.0
607.774	224.3
608.128	225.7
608.483	225.7
608.838	225.7
609.192	226.7
609.547	225.0
609.902	220.7
610.257	216.7
610.612	214.0
610.966	213.3
611.321	209.0
611.676	209.0
612.031	207.0
612.386	205.3
612.741	201.0
613.096	203.0
613.451	207.3
613.806	206.7
614.161	204.0
614.516	202.3
614.871	201.3
615.226	198.7
615.581	195.3
615.937	195.3
616.292	195.0
616.647	196.3
617.002	195.0
617.357	192.7
617.713	185.7
618.068	184.7
618.423	182.7
618.779	181.7
619.134	177.7
619.489	176.7
619.845	176.3
620.200	176.0
620.556	176.3
620.911	176.0
621.267	173.3
621.622	171.0
621.978	169.0
622.333	169.3
622.689	167.0
623.045	163.7
623.400	162.0
623.756	160.0
624.112	161.0
624.467	158.3
624.823	158.0
625.179	155.7
625.535	156.3
625.890	155.7
626.246	153.7
626.602	153.0
626.958	151.0
627.314	152.0
627.670	151.0
628.026	149.3
628.382	146.7
628.738	144.3
629.093	145.0
629.450	146.7
629.806	147.0
630.162	147.7
630.518	146.0
630.874	144.3
631.230	141.0
631.586	139.0
631.942	137.7
632.298	137.3
632.655	136.3
633.011	134.3
633.367	132.0
633.724	131.0
634.080	130.3
634.436	128.3
634.792	127.3
635.149	125.7
635.505	126.0
635.862	124.3
636.218	124.7
636.575	124.7
636.931	123.3
637.288	123.0
637.644	123.0
638.001	122.0
638.357	120.7
638.714	117.0
639.070	116.3
639.427	113.3
639.784	113.7
640.140	112.0
640.497	115.3
640.854	119.7
641.211	121.3
641.567	117.3
641.924	110.7
642.281	107.7
642.638	107.0
642.995	108.0
643.352	107.7
643.708	108.7
644.065	107.3
644.422	106.0
644.779	104.0
645.136	101.7
645.493	103.0
645.850	105.0
646.207	106.7
646.564	103.0
646.922	99.0
647.279	96.3
647.636	95.3
647.993	94.7
648.350	93.0
648.707	93.0
649.065	93.7
649.422	96.3
649.779	98.0
650.136	98.0
650.494	96.7
650.851	95.0
651.208	93.7
651.566	94.0
651.923	94.3
652.281	93.3
652.638	92.3
652.996	91.7
653.353	93.0
653.711	91.3
654.068	88.3
654.426	84.7
654.783	86.3
655.141	95.7
655.498	110.3
655.856	118.0
656.214	111.0
656.571	97.0
656.929	85.3
657.287	81.7
657.644	81.0
658.002	80.3
658.360	80.7
658.718	80.0
659.076	81.7
659.434	81.7
659.791	81.0
660.149	78.7
660.507	81.7
660.865	82.7
661.223	84.0
661.581	81.3
661.939	79.3
662.297	76.0
662.655	72.3
663.013	71.0
663.371	70.0
663.729	68.3
664.087	66.0
664.446	65.7
664.804	66.7
665.162	68.3
665.520	71.7
665.878	73.0
666.237	74.7
666.595	76.0
666.953	79.3
667.311	80.0
667.670	78.0
668.028	74.7
668.386	71.7
668.745	69.0
669.103	68.7
669.462	70.0
669.820	72.3
670.179	69.0
670.537	65.7
670.896	60.7
671.254	61.7
671.613	62.7
671.971	61.7
672.330	58.0
672.689	55.7
673.047	57.0
673.406	58.3
673.765	60.0
674.123	68.7
674.482	83.0
674.841	90.3
675.199	84.3
675.558	72.3
675.917	66.0
676.276	64.3
676.635	64.7
676.994	64.0
677.352	63.0
677.711	60.0
678.070	58.7
678.429	55.0
678.788	53.3
679.147	51.0
679.506	50.7
679.865	50.0
680.224	49.0
680.583	50.3
680.942	50.7
681.302	50.7
681.661	50.0
682.020	49.7
682.379	50.3
682.738	49.3
683.097	48.0
683.457	47.3
683.816	47.0
684.175	47.7
684.534	47.3
684.894	48.0
685.253	48.7
685.612	50.0
685.972	58.0
686.331	70.7
686.691	77.0
687.050	71.7
687.409	59.7
687.769	52.0
688.128	48.0
688.488	46.3
688.847	45.3
689.207	43.7
689.567	42.0
689.926	39.0
690.286	38.7
690.645	38.0
691.005	39.7
691.365	39.0
691.724	39.3
692.084	39.3
692.444	41.7
692.804	44.0
693.163	46.0
693.523	45.7
693.883	43.7
694.243	40.3
694.603	40.7
694.963	44.0
695.322	77.3
695.682	143.0
696.042	194.7
696.402	182.3
696.762	117.3
697.122	61.7
697.482	39.0
697.842	36.3
698.202	34.7
698.562	34.0
698.922	31.7
699.282	31.7
699.643	32.0
700.003	31.0
700.363	30.7
700.723	30.3
701.083	30.7
701.444	31.0
701.804	36.3
702.164	47.7
702.524	57.3
702.885	56.3
703.245	47.3
703.605	37.0
703.966	33.0
704.326	31.3
704.686	32.0
705.047	34.0
705.407	53.7
705.768	114.3
706.128	182.7
706.489	196.3
706.849	141.7
707.210	72.0
707.570	40.0
707.931	33.0
708.291	31.7
708.652	29.7
709.013	29.0
709.373	28.7
709.734	29.0
710.095	32.0
710.455	33.0
710.816	33.3
711.177	30.7
711.538	28.7
711.898	28.3
712.259	29.7
712.620	30.7
712.981	29.3
713.342	29.3
713.703	35.0
714.063	43.7
714.424	45.0
714.785	41.7
715.146	36.3
715.507	34.0
715.868	32.0
716.229	28.3
716.590	26.7
716.951	24.0
717.312	23.0
717.673	22.7
718.035	23.3
718.396	24.3
718.757	25.0
719.118	25.7
719.479	29.7
719.840	36.0
720.202	42.0
720.563	39.7
720.924	32.0
721.285	24.0
721.647	22.0
722.008	23.3
722.369	26.0
722.731	27.3
723.092	28.0
723.453	28.0
723.815	28.0
724.176	27.0
724.538	27.0
724.899	26.0
725.261	26.3
725.622	28.3
725.984	36.7
726.345	55.3
726.707	74.0
727.068	76.3
727.430	58.3
727.791	35.3
728.153	23.3
728.515	21.3
728.876	20.7
729.238	19.7
729.600	18.3
729.961	21.0
730.323	26.7
730.685	34.0
731.047	36.0
731.408	33.3
731.770	27.7
732.132	23.7
732.494	22.7
732.856	23.0
733.218	24.7
733.580	25.7
733.941	27.0
734.303	34.3
734.665	45.3
735.027	50.7
735.389	45.7
735.751	37.3
736.113	47.7
736.475	76.3
736.837	98.0
737.200	141.7
737.562	256.7
737.924	376.0
738.286	368.0
738.648	230.3
739.010	88.0
739.372	34.0
739.735	23.0
740.097	21.3
740.459	22.3
740.821	26.0
741.184	25.7
741.546	25.7
741.908	25.3
742.271	26.3
742.633	31.0
742.995	34.3
743.358	36.0
743.720	31.7
744.082	27.3
744.445	27.0
744.807	28.7
745.170	32.0
745.532	32.3
745.895	35.0
746.257	35.3
746.620	36.0
746.982	36.0
747.345	37.0
747.708	41.7
748.070	45.3
748.433	51.3
748.796	64.3
749.158	238.3
749.521	843.7
749.884	1528.3
750.246	1723.7
750.609	1447.7
750.972	1079.7
751.335	834.0
751.697	514.7
752.060	179.0
752.423	46.7
752.786	24.7
753.149	21.0
753.512	19.7
753.875	19.3
754.237	20.0
754.600	21.0
754.963	21.3
755.326	22.0
755.689	22.7
756.052	24.0
756.415	26.0
756.778	29.0
757.141	33.3
757.504	35.3
757.868	38.0
758.231	37.0
758.594	36.3
758.957	34.0
759.320	35.7
759.683	37.3
760.046	39.7
760.410	42.0
760.773	44.3
761.136	45.0
761.499	44.3
761.863	53.0
762.226	127.0
762.589	503.0
762.953	1028.0
763.316	1236.3
763.679	903.0
764.043	366.0
764.406	76.7
764.769	26.7
765.133	19.3
765.496	17.0
765.860	15.0
766.223	18.0
766.587	20.0
766.950	21.0
767.314	19.0
767.677	19.0
768.041	19.3
768.405	22.0
768.768	24.0
769.132	27.3
769.495	30.7
769.859	33.3
770.223	35.0
770.586	37.0
770.950	44.3
771.314	119.3
771.678	305.7
772.041	465.0
772.405	441.0
772.769	258.7
773.133	95.3
773.496	45.3
773.860	38.0
774.224	35.3
774.588	35.3
774.952	35.7
775.316	29.0
775.680	21.0
776.044	15.0
776.408	13.7
776.772	13.3
777.136	12.3
777.500	11.0
777.864	9.3
778.228	8.7
778.592	8.3
778.956	8.7
779.320	8.7
779.684	8.0
780.048	6.7
780.412	5.3
780.776	4.7
781.140	5.0
781.505	6.3
781.869	6.7
782.233	7.0
782.597	6.3
782.961	6.3
783.326	6.7
783.690	5.3
784.054	5.7
784.419	5.0
784.783	6.7
785.147	7.3
785.512	7.7
785.876	8.3
786.240	8.0
786.605	9.0
786.969	8.3
787.334	8.7
787.698	7.3
788.063	9.0
788.427	14.3
788.792	18.0
789.156	18.0
789.521	11.7
789.885	8.0
790.250	4.7
790.614	5.7
790.979	6.0
791.344	6.7
791.708	5.3
792.073	5.0
792.438	6.7
792.802	7.7
793.167	9.3
793.532	24.0
793.896	125.7
794.261	299.0
794.626	394.0
794.991	311.3
795.355	137.7
795.720	25.3
796.085	6.7
796.450	5.3
796.815	7.3
797.180	6.7
797.545	6.7
797.909	7.0
798.274	8.0
798.639	8.7
799.004	10.0
799.369	15.7
799.734	59.7
800.099	134.3
800.464	232.3
800.829	354.3
801.194	418.3
801.559	346.0
801.924	183.7
802.289	44.0
802.655	13.0
803.020	9.3
803.385	9.7
803.750	10.3
804.115	11.3
804.480	13.0
804.846	14.0
805.211	13.7
805.576	11.7
805.941	9.3
806.306	7.3
806.672	6.0
807.037	4.3
807.402	6.7
807.768	8.3
808.133	11.3
808.498	12.3
808.864	18.3
809.229	61.7
809.594	244.7
809.960	469.3
810.325	591.0
810.691	803.7
811.056	1123.7
811.422	1262.3
811.787	915.0
812.153	374.3
812.518	73.3
812.884	24.7
813.249	16.0
813.615	12.7
813.980	11.7
814.346	9.7
814.712	8.0
815.077	6.3
815.443	5.0
815.809	6.0
816.174	7.0
816.540	8.0
816.906	7.3
817.271	5.3
817.637	4.3
818.003	3.3
818.369	2.0
818.734	1.0
819.100	0.7
819.466	1.7
819.832	2.3
820.198	2.7
820.563	4.0
820.929	4.0
821.295	4.3
821.661	4.0
822.027	4.3
822.393	3.7
822.759	3.0
823.125	2.3
823.491	2.7
823.857	4.3
824.223	4.0
824.589	5.0
824.955	7.3
825.321	26.7
825.687	103.0
826.053	194.0
826.419	221.0
826.785	151.3
827.151	59.3
827.517	13.7
827.883	6.3
828.250	3.7
828.616	3.0
828.982	3.0
829.348	2.3
829.714	3.3
830.081	3.7
830.447	5.0
830.813	4.7
831.179	5.7
831.546	6.0
831.912	7.7
832.278	7.7
832.645	7.0
833.011	5.7
833.377	3.7
833.744	2.3
834.110	0.7
834.476	0.7
834.843	0.7
835.209	1.3
835.576	1.7
835.942	3.7
836.309	4.7
836.675	6.0
837.042	6.3
837.408	7.3
837.775	7.3
838.141	7.3
838.508	7.7
838.874	8.0
839.241	10.7
839.608	32.0
839.974	148.3
840.341	334.0
840.707	443.3
841.074	367.0
841.441	264.0
841.808	365.0
842.174	558.0
842.541	563.0
842.908	349.3
843.274	121.7
843.641	33.7
844.008	17.0
844.375	13.3
844.741	10.7
845.108	7.7
845.475	5.0
845.842	5.3
846.209	6.0
846.576	5.7
846.943	4.0
847.309	3.7
847.676	3.7
848.043	5.3
848.410	6.7
848.777	8.3
849.144	8.0
849.511	7.7
849.878	6.3
850.245	5.3
850.612	5.7
850.979	17.3
851.346	66.7
851.713	135.3
852.080	168.0
852.447	131.0
852.814	63.7
853.182	21.0
853.549	10.0
853.916	7.3
854.283	5.0
854.650	3.7
855.017	2.7
855.385	3.3
855.752	2.7
856.119	3.3
856.486	3.0
856.853	3.0
857.221	2.7
857.588	2.7
857.955	3.7
858.323	3.7
858.690	3.7
859.057	4.3
859.425	4.3
859.792	6.3
860.159	8.0
860.527	9.7
860.894	8.3
861.261	8.0
861.629	8.7
861.996	9.0
862.364	8.0
862.731	7.0
863.099	7.3
863.466	7.0
863.834	6.7
864.201	7.7
864.569	9.0
864.936	11.3
865.304	12.0
865.671	16.0
866.039	25.3
866.407	39.0
866.774	45.7
867.142	39.3
867.509	27.3
867.877	18.0
868.245	15.0
868.612	14.0
868.980	14.0
869.348	15.3
869.715	14.7
870.083	14.3
870.451	12.3
870.819	13.3
871.186	15.0
871.554	18.7
871.922	18.0
872.290	14.3
872.658	9.3
873.025	7.0
873.393	5.7
873.761	5.7
874.129	4.7
874.497	4.0
874.865	2.7
875.233	4.3
875.601	7.3
875.969	9.3
876.336	9.3
876.704	7.7
877.072	6.0
877.440	4.3
877.808	4.7
878.176	4.7
878.544	4.3
878.912	3.0
879.280	3.7
879.648	5.0
880.017	6.0
880.385	6.7
880.753	6.7
881.121	7.7
881.489	6.7
881.857	7.3
882.225	8.0
882.593	10.3
882.962	9.7
883.330	11.7
883.698	13.3
884.066	15.3
884.434	15.0
884.803	15.7
885.171	17.0
885.539	18.0
885.907	17.0
886.276	16.0
886.644	15.3
887.012	16.0
887.380	16.7
887.749	16.7
888.117	16.3
888.485	16.0
888.854	15.3
889.222	14.7
889.591	13.7
889.959	14.0
890.327	15.7
890.696	17.3
891.064	15.7
891.433	12.0
891.801	8.7
892.170	7.0
892.538	5.7
892.907	4.7
893.275	5.0
893.644	3.7
894.012	2.7
894.381	0.0
894.749	0.0
895.118	0.0
895.486	1.0
895.855	3.3
896.224	4.3
896.592	4.3
896.961	2.3
897.329	1.7
897.698	2.0
898.067	1.7
898.435	1.3
898.804	0.7
899.173	0.7
899.542	0.3
899.910	-0.3
900.279	-0.3
900.648	-0.7
901.017	-0.3
901.385	0.3
901.754	1.3
902.123	3.0
902.492	2.3
902.860	2.3
903.229	0.7
903.598	1.0
903.967	-1.0
904.336	-1.3
904.705	-2.7
905.074	-1.7
905.443	-1.3
905.811	0.3
906.180	2.7
906.549	4.0
906.918	5.0
907.287	4.3
907.656	3.7
908.025	2.3
908.394	1.7
908.763	1.3
909.132	1.3
909.501	1.0
909.870	1.7
910.239	2.3
910.608	5.3
910.977	23.0
911.346	99.7
911.716	225.0
912.085	335.3
912.454	347.0
912.823	264.7
913.192	153.3
913.561	71.0
913.930	28.3
914.299	11.7
914.669	6.3
915.038	3.3
915.407	2.7
915.776	2.7
916.146	3.0
916.515	4.7
916.884	3.3
917.253	3.3
917.623	1.3
917.992	1.7
918.361	2.0
918.730	5.0
919.100	9.7
919.469	11.7
919.838	11.0
920.208	7.7
920.577	5.3
920.946	5.3
921.316	11.7
921.685	29.3
922.055	51.0
922.424	60.0
922.793	54.0
923.163	37.0
923.532	23.3
923.902	12.0
924.271	5.7
924.641	3.3
925.010	2.0
925.380	2.0
925.749	1.3
926.119	2.3
926.488	2.0
926.858	0.7
927.227	0.3
927.597	0.7
927.967	1.0
928.336	1.7
928.706	1.0
929.075	1.7
929.445	2.0
929.815	2.7
930.184	3.7
930.554	2.0
930.924	1.7
931.293	2.3
931.663	2.3
932.033	2.0
932.402	0.3
932.772	0.0
933.142	0.0
933.511	0.7
933.881	1.3
934.251	2.0
934.621	3.3
934.991	7.0
935.360	9.7
935.730	9.7
936.100	7.7
936.470	5.0
936.840	3.0
937.209	1.0
937.579	0.0
937.949	-0.3
938.319	0.0
938.689	1.3
939.059	1.7
939.429	2.0
939.799	3.0
940.168	4.0
940.538	4.0
940.908	2.3
941.278	1.0
941.648	0.7
942.018	1.3
942.388	2.3
942.758	3.0
943.128	2.7
943.498	2.7
943.868	2.3
944.238	1.3
944.608	1.0
944.978	0.0
945.348	1.3
945.718	0.3
946.089	0.3
946.459	0.3
946.829	1.0
947.199	2.0
947.569	2.0
947.939	2.0
948.309	2.3
948.679	1.3
949.050	1.0
949.420	-0.7
949.790	-0.7
950.160	0.3
950.530	1.3
950.901	1.3
951.271	1.3
951.641	1.7
952.011	1.7
952.382	0.7
952.752	0.0
953.122	0.0
953.492	0.7
953.863	1.0
954.233	2.3
954.603	2.0
954.974	1.7
955.344	0.7
955.714	0.7
956.085	1.0
956.455	1.0
956.825	0.7
957.196	1.3
957.566	1.3
957.936	1.7
958.307	1.0
958.677	2.3
959.048	4.0
959.418	4.3
959.789	3.7
960.159	2.3
960.529	1.3
960.900	1.3
961.270	0.3
961.641	1.3
962.011	1.0
962.382	2.7
962.752	2.7
963.123	2.0
963.494	2.3
963.864	2.7
964.235	3.7
964.605	7.0
964.976	19.7
965.346	37.3
965.717	48.0
966.088	46.3
966.458	37.7
966.829	27.7
967.199	18.7
967.570	11.0
967.941	6.7
968.311	3.3
968.682	2.3
969.053	1.3
969.423	3.0
969.794	2.7
970.165	3.3
970.535	2.7
970.906	1.3
971.277	2.0
971.648	1.3
972.018	2.0
972.389	-1.0
972.760	-2.0
973.131	-2.3
973.502	-1.0
973.872	0.3
974.243	1.3
974.614	2.0
974.985	2.7
975.356	2.3
975.726	3.0
976.097	2.7
976.468	1.7
976.839	1.0
977.210	2.3
977.581	3.7
977.952	5.3
978.323	6.7
978.693	8.3
979.064	9.7
979.435	8.0
979.806	5.7
980.177	1.7
980.548	0.7
980.919	0.7
981.290	3.0
981.661	3.0
982.032	2.7
982.403	0.7
982.774	1.7
983.145	2.0
983.516	2.7
983.887	1.0
984.258	0.0
984.629	-0.7
985.000	1.3
985.371	2.3
985.742	3.3
986.113	4.0
986.484	5.0
986.856	5.7
987.227	5.7
987.598	4.7
987.969	3.0
988.340	0.7
988.711	1.3
989.082	1.7
989.454	2.7
989.825	1.7
990.196	0.7
990.567	1.3
990.938	1.7
991.309	3.3
991.681	3.0
992.052	2.3
992.423	2.3
992.794	1.3
993.166	2.0
993.537	1.0
993.908	2.0
994.279	0.7
994.651	0.3
995.022	0.0
995.393	1.0
995.764	2.3
996.136	2.3
996.507	1.7
996.878	1.3
997.250	1.3
997.621	2.3
997.992	1.7
998.364	1.3
998.735	1.7
999.106	2.3
999.478	0.7
999.849	-1.0
1000.221	-1.7
1000.592	0.0
1000.963	0.0
1001.335	0.3
1001.706	1.7
1002.078	2.7
1002.449	2.7
1002.821	2.0
1003.192	2.0
1003.564	2.3
1003.935	2.0
1004.306	2.3
1004.678	2.3
1005.049	1.7
1005.421	1.0
1005.792	0.7
1006.164	1.0
1006.535	1.3
1006.907	2.3
1007.279	4.7
1007.650	5.3
1008.022	4.7
1008.393	3.0
1008.765	2.3
1009.136	2.0
1009.508	0.7
1009.880	0.7
1010.251	0.7
1010.623	2.7
1010.994	2.3
1011.366	2.0
1011.738	1.3
1012.109	2.0
1012.481	3.0
1012.853	3.3
1013.224	2.3
1013.596	1.7
1013.968	1.7
1014.339	3.0
1014.711	3.0
1015.083	3.0
1015.454	2.7
1015.826	2.7
1016.198	2.7
1016.570	2.3
1016.941	2.3
1017.313	1.3
1017.685	2.0
1018.057	1.3
1018.428	1.7
1018.800	1.7
1019.172	2.0
1019.544	2.3
1019.915	1.7
1020.287	1.7
1020.659	2.3
1021.031	2.7
1021.403	2.3
1021.775	1.0
1022.146	1.3
1022.518	2.7
1022.890	2.7
1023.262	1.7
1023.634	0.7
1024.006	0.3
1024.378	0.7
1024.749	2.3
1025.121	5.0
1025.493	6.0
1025.865	6.7
1026.237	6.0
1026.609	5.3
1026.981	4.0
1027.353	3.0
1027.725	3.3
1028.097	3.0
1028.469	4.0
1028.841	3.7
1029.213	4.7
1029.585	5.7
1029.957	6.3
1030.329	7.3
1030.701	8.0
1031.073	9.0
1031.445	8.3
1031.817	7.0
1032.189	5.0
1032.561	4.7
1032.933	4.7
1033.305	7.0
1033.677	7.7
1034.049	7.0
1034.421	6.3
1034.793	6.7
1035.165	8.0
1035.537	9.0
1035.909	10.0
1036.281	11.3
1036.653	11.7
1037.025	11.7
1037.398	10.7
1037.770	10.7
1038.142	9.7
1038.514	10.3
1038.886	10.7
1039.258	12.0
1039.630	12.3
1040.003	11.7
1040.375	11.3
1040.747	10.7
1041.119	11.3
1041.491	10.7
1041.863	12.0
1042.236	12.0
1042.608	13.0
1042.980	11.3
1043.352	12.0
1043.725	12.0
1044.097	13.0
1044.469	11.7
1044.841	10.7
1045.213	11.3
1045.586	11.3
1045.958	11.0
1046.330	11.3
1046.703	13.7
1047.075	16.3
1047.447	16.0
1047.819	15.3
1048.192	14.3
1048.564	12.7
1048.936	12.3
1049.309	11.3
1049.681	12.7
1050.053	12.3
1050.426	13.0
1050.798	13.0
1051.170	12.0
1051.543	12.7
1051.915	11.0
1052.287	11.7
1052.660	10.7
1053.032	11.7
1053.405	12.0
1053.777	11.3
1054.149	11.0
1054.522	9.3
1054.894	10.0
1055.267	10.7
1055.639	11.7
1056.011	11.7
1056.384	11.0
1056.756	10.3
1057.129	10.0
1057.501	10.0
1057.874	11.7
1058.246	13.3
1058.618	14.0
1058.991	13.0
1059.363	11.7
1059.736	11.7
1060.108	12.0
1060.481	10.7
1060.853	9.3
1061.226	7.7
1061.598	8.7
1061.971	9.3
1062.343	12.3
1062.716	12.3
1063.088	13.3
1063.461	12.7
1063.834	12.7
1064.206	12.7
