333.348	1.7
333.679	1.7
334.011	1.3
334.343	1.7
334.674	2.0
335.006	1.0
335.338	1.7
335.670	0.7
336.002	0.3
336.334	-0.3
336.666	0.3
336.998	0.0
337.330	-1.3
337.662	-2.3
337.994	-1.3
338.326	0.3
338.658	1.3
338.990	3.0
339.323	4.0
339.655	3.7
339.987	2.7
340.320	2.3
340.652	2.7
340.984	2.3
341.317	1.7
341.649	1.7
341.982	2.0
342.314	2.3
342.647	3.3
342.979	4.7
343.312	3.7
343.645	2.3
343.978	0.7
344.310	0.3
344.643	0.3
344.976	-0.3
345.309	-0.7
345.642	-0.7
345.975	-0.3
346.308	1.3
346.641	1.3
346.974	3.3
347.307	2.7
347.640	2.7
347.973	1.0
348.306	1.0
348.639	2.0
348.972	-0.3
349.306	1.0
349.639	-0.3
349.972	3.3
350.306	2.0
350.639	1.3
350.972	-0.3
351.306	-1.0
351.639	0.0
351.973	-0.3
352.306	-0.3
352.640	-0.7
352.974	0.0
353.307	0.7
353.641	0.7
353.975	-0.3
354.309	1.0
354.642	0.3
354.976	2.0
355.310	0.7
355.644	2.3
355.978	2.7
356.312	2.7
356.646	1.7
356.980	1.3
357.314	1.7
357.648	1.7
357.982	1.7
358.316	1.7
358.651	1.3
358.985	0.3
359.319	0.3
359.653	1.3
359.988	0.3
360.322	0.0
360.656	-0.7
360.991	1.0
361.325	1.0
361.660	1.7
361.994	0.7
362.329	1.0
362.664	0.0
362.998	2.0
363.333	0.3
363.668	0.7
364.002	0.0
364.337	1.7
364.672	1.7
365.007	0.7
365.342	0.7
365.676	1.3
366.011	2.7
366.346	2.7
366.681	4.7
367.016	3.0
367.351	3.0
367.687	0.0
368.022	0.3
368.357	0.7
368.692	0.7
369.027	1.0
369.363	-0.7
369.698	0.7
370.033	0.7
370.369	2.0
370.704	2.3
371.039	2.3
371.375	1.3
371.710	2.3
372.046	0.7
372.381	1.0
372.717	-0.7
373.053	-0.3
373.388	-2.0
373.724	-0.7
374.060	0.3
374.395	3.3
374.731	4.0
375.067	4.7
375.403	2.3
375.739	1.3
376.075	0.7
376.411	1.7
376.747	1.0
377.083	0.7
377.419	0.0
377.755	0.7
378.091	1.0
378.427	1.0
378.763	1.3
379.099	1.7
379.436	3.0
379.772	1.3
380.108	1.3
380.445	1.3
380.781	2.7
381.117	2.3
381.454	1.0
381.790	0.7
382.127	1.0
382.463	1.3
382.800	3.0
383.137	3.7
383.473	4.3
383.810	2.0
384.147	2.0
384.483	0.7
384.820	2.0
385.157	0.3
385.494	2.7
385.831	0.3
386.167	0.3
386.504	-2.0
386.841	-0.7
387.178	-1.0
387.515	-0.3
387.852	-0.3
388.189	1.0
388.527	2.0
388.864	2.0
389.201	2.7
389.538	1.3
389.875	1.7
390.213	0.3
390.550	1.7
390.887	1.7
391.225	1.3
391.562	-1.0
391.899	0.0
392.237	1.3
392.574	3.0
392.912	2.0
393.250	1.7
393.587	1.7
393.925	2.0
394.262	1.3
394.600	0.7
394.938	-1.0
395.276	-1.0
395.613	-0.7
395.951	0.0
396.289	1.3
396.627	1.7
396.965	3.0
397.303	2.0
397.641	2.7
397.979	2.7
398.317	3.3
398.655	2.7
398.993	2.0
399.331	0.7
399.669	0.7
400.008	0.3
400.346	0.7
400.684	0.0
401.022	0.3
401.361	0.7
401.699	2.0
402.037	2.7
402.376	1.7
402.714	-0.3
403.053	-0.3
403.391	1.3
403.730	2.3
404.068	3.3
404.407	3.0
404.746	3.3
405.084	2.3
405.423	2.3
405.762	2.3
406.101	2.3
406.439	2.0
406.778	2.0
407.117	2.0
407.456	1.7
407.795	0.7
408.134	0.3
408.473	1.7
408.812	3.3
409.151	3.3
409.490	3.0
409.829	1.3
410.168	1.7
410.508	2.0
410.847	3.0
411.186	2.3
411.525	1.7
411.865	2.7
412.204	2.7
412.543	4.0
412.883	2.3
413.222	3.7
413.562	4.0
413.901	6.0
414.241	7.0
414.580	6.3
414.920	6.3
415.259	5.0
415.599	6.0
415.939	7.0
416.278	8.7
416.618	8.7
416.958	8.0
417.298	8.7
417.637	10.7
417.977	12.7
418.317	13.7
418.657	12.3
418.997	13.3
419.337	12.7
419.677	13.7
420.017	14.0
420.357	15.7
420.697	16.0
421.037	17.0
421.378	17.3
421.718	18.0
422.058	18.3
422.398	18.7
422.739	20.7
423.079	20.0
423.419	20.0
423.760	19.7
424.100	19.7
424.441	20.7
424.781	22.3
425.122	25.3
425.462	27.7
425.803	27.7
426.143	28.0
426.484	28.0
426.825	29.3
427.165	30.0
427.506	31.7
427.847	34.0
428.187	35.7
428.528	35.3
428.869	35.3
429.210	36.3
429.551	37.7
429.892	40.7
430.233	41.3
430.574	44.0
430.915	44.0
431.256	45.0
431.597	47.3
431.938	47.3
432.279	49.3
432.620	48.7
432.962	51.0
433.303	53.0
433.644	54.7
433.985	55.7
434.327	55.7
434.668	58.0
435.010	60.0
435.351	63.0
435.692	64.0
436.034	66.0
436.375	68.3
436.717	70.0
437.058	70.7
437.400	71.0
437.742	72.7
438.083	74.3
438.425	76.7
438.767	79.3
439.109	83.7
439.450	87.7
439.792	91.3
440.134	93.3
440.476	95.7
440.818	96.7
441.160	98.3
441.502	99.0
441.844	102.3
442.186	105.3
442.528	108.3
442.870	111.0
443.212	113.3
443.554	116.7
443.896	116.7
444.238	119.0
444.581	121.0
444.923	123.7
445.265	124.7
445.608	126.0
445.950	129.0
446.292	131.3
446.635	135.0
446.977	137.0
447.320	139.0
447.662	138.3
448.005	141.3
448.347	144.0
448.690	145.3
449.032	144.0
449.375	142.7
449.718	144.7
450.060	146.0
450.403	148.3
450.746	146.7
451.089	146.7
451.431	145.3
451.774	147.0
452.117	148.7
452.460	149.0
452.803	147.3
453.146	141.3
453.489	139.7
453.832	136.7
454.175	137.3
454.518	136.0
454.861	134.3
455.204	132.0
455.548	129.0
455.891	125.7
456.234	123.0
456.577	121.0
456.921	120.3
457.264	118.7
457.607	115.0
457.951	111.3
458.294	109.3
458.638	107.0
458.981	105.7
459.325	104.0
459.668	100.7
460.012	98.7
460.355	94.3
460.699	95.0
461.042	94.7
461.386	94.7
461.730	93.0
462.074	91.3
462.417	91.0
462.761	90.3
463.105	90.0
463.449	88.7
463.793	86.7
464.137	83.3
464.481	80.3
464.824	78.0
465.168	77.3
465.513	75.7
465.857	76.3
466.201	77.0
466.545	76.3
466.889	75.7
467.233	73.3
467.577	72.0
467.921	68.0
468.266	65.3
468.610	64.3
468.954	64.3
469.299	64.3
469.643	64.3
469.987	64.7
470.332	64.3
470.676	63.7
471.021	59.7
471.365	58.3
471.710	55.7
472.054	55.7
472.399	54.3
472.744	54.0
473.088	54.7
473.433	53.3
473.778	52.7
474.122	51.0
474.467	49.7
474.812	49.7
475.157	47.3
475.502	47.3
475.847	46.0
476.191	47.3
476.536	48.3
476.881	47.7
477.226	45.7
477.571	43.0
477.916	43.0
478.262	44.3
478.607	44.7
478.952	42.3
479.297	40.3
479.642	40.7
479.987	42.0
480.333	43.0
480.678	42.7
481.023	42.0
481.369	42.7
481.714	41.7
482.059	43.3
482.405	42.3
482.750	42.0
483.096	41.0
483.441	40.3
483.787	41.7
484.132	42.7
484.478	44.3
484.824	44.3
485.169	43.0
485.515	43.0
485.861	42.7
486.206	43.0
486.552	43.0
486.898	43.7
487.244	44.3
487.590	44.7
487.935	44.0
488.281	43.3
488.627	43.3
488.973	45.3
489.319	47.0
489.665	49.0
490.011	49.0
490.357	50.7
490.703	52.0
491.050	54.0
491.396	54.7
491.742	54.3
492.088	54.0
492.434	54.3
492.781	55.0
493.127	54.7
493.473	55.7
493.820	56.3
494.166	58.7
494.512	59.0
494.859	61.3
495.205	62.7
495.552	63.3
495.898	61.7
496.245	61.7
496.591	65.0
496.938	68.3
497.285	70.0
497.631	69.7
497.978	71.3
498.325	74.7
498.671	77.3
499.018	80.3
499.365	80.7
499.712	82.7
500.059	81.7
500.405	84.0
500.752	85.7
501.099	87.3
501.446	86.3
501.793	85.0
502.140	85.0
502.487	88.3
502.834	92.0
503.181	95.0
503.529	96.3
503.876	96.3
504.223	97.3
504.570	99.7
504.917	101.3
505.265	102.7
505.612	102.7
505.959	105.0
506.306	107.0
506.654	108.7
507.001	109.7
507.349	111.3
507.696	112.0
508.044	112.7
508.391	114.0
508.739	116.0
509.086	117.7
509.434	118.0
509.781	119.7
510.129	121.3
510.477	124.0
510.824	125.0
511.172	125.3
511.520	127.0
511.868	126.7
512.215	131.0
512.563	132.0
512.911	137.3
513.259	137.7
513.607	138.3
513.955	138.3
514.303	140.0
514.651	140.0
514.999	139.3
515.347	137.0
515.695	139.3
516.043	141.3
516.391	146.7
516.739	146.7
517.087	148.3
517.436	149.0
517.784	150.0
518.132	151.0
518.480	148.0
518.829	149.3
519.177	148.7
519.525	152.7
519.874	154.7
520.222	157.0
520.571	158.7
520.919	160.7
521.268	161.0
521.616	159.7
521.965	160.0
522.313	162.0
522.662	163.0
523.011	166.7
523.359	165.7
523.708	168.0
524.057	166.7
524.405	169.7
524.754	170.7
525.103	170.3
525.452	169.3
525.801	168.0
526.150	169.7
526.498	171.0
526.847	171.7
527.196	171.0
527.545	173.0
527.894	175.0
528.243	176.3
528.592	176.0
528.941	178.0
529.291	179.3
529.640	181.0
529.989	181.3
530.338	181.3
530.687	181.0
531.037	181.3
531.386	181.7
531.735	182.3
532.084	184.0
532.434	185.7
532.783	185.3
533.132	188.3
533.482	188.7
533.831	190.0
534.181	185.3
534.530	185.3
534.880	186.7
535.229	188.3
535.579	190.0
535.929	191.3
536.278	195.0
536.628	196.3
536.978	199.0
537.327	198.3
537.677	198.7
538.027	196.7
538.377	197.3
538.726	196.7
539.076	198.0
539.426	198.3
539.776	197.3
540.126	197.3
540.476	197.3
540.826	200.7
541.176	199.3
541.526	199.0
541.876	199.0
542.226	202.3
542.576	204.7
542.926	206.0
543.276	206.0
543.627	207.3
543.977	207.3
544.327	209.3
544.677	208.0
545.028	210.0
545.378	210.7
545.728	213.0
546.079	213.7
546.429	212.7
546.779	215.3
547.130	215.7
547.480	218.7
547.831	213.0
548.181	213.0
548.532	210.7
548.882	215.3
549.233	216.3
549.584	217.3
549.934	218.7
550.285	219.7
550.636	224.3
550.986	224.7
551.337	225.3
551.688	224.7
552.039	227.7
552.389	228.7
552.740	230.7
553.091	230.3
553.442	229.7
553.793	227.7
554.144	226.0
554.495	226.3
554.846	225.0
555.197	223.3
555.548	219.3
555.899	215.3
556.250	214.7
556.601	214.3
556.952	214.3
557.303	212.0
557.655	211.0
558.006	211.3
558.357	211.7
558.708	211.0
559.060	210.3
559.411	209.3
559.762	211.0
560.114	212.3
560.465	213.7
560.817	215.3
561.168	215.3
561.519	217.3
561.871	221.0
562.223	224.0
562.574	226.7
562.926	231.0
563.277	238.7
563.629	248.0
563.980	253.3
564.332	260.3
564.684	266.0
565.036	270.7
565.387	270.7
565.739	269.0
566.091	267.0
566.443	269.3
566.795	271.7
567.146	275.7
567.498	274.3
567.850	274.7
568.202	273.3
568.554	272.3
568.906	272.3
569.258	273.0
569.610	278.3
569.962	280.3
570.314	279.3
570.667	275.3
571.019	272.7
571.371	275.7
571.723	278.7
572.075	277.0
572.428	275.7
572.780	276.0
573.132	278.0
573.484	276.3
573.837	271.7
574.189	270.0
574.541	272.0
574.894	272.7
575.246	272.3
575.599	274.0
575.951	276.3
576.304	279.7
576.656	276.3
577.009	276.0
577.361	273.7
577.714	274.7
578.067	273.7
578.419	273.3
578.772	269.0
579.125	271.0
579.478	270.3
579.830	275.7
580.183	274.7
580.536	276.0
580.889	273.3
581.242	272.0
581.594	273.3
581.947	274.3
582.300	275.0
582.653	275.0
583.006	275.0
583.359	275.7
583.712	275.7
584.065	273.7
584.418	272.7
584.771	273.0
585.125	275.0
585.478	274.7
585.831	274.7
586.184	275.7
586.537	276.0
586.890	274.3
587.244	272.3
587.597	272.3
587.950	272.3
588.304	271.0
588.657	269.3
589.010	268.0
589.364	270.3
589.717	270.7
590.071	269.7
590.424	267.7
590.778	266.0
591.131	266.7
591.485	266.3
591.838	269.7
592.192	267.3
592.546	265.7
592.899	263.3
593.253	263.0
593.607	263.3
593.960	261.3
594.314	261.7
594.668	260.3
595.022	258.0
595.375	255.7
595.729	256.0
596.083	256.0
596.437	257.3
596.791	257.3
597.145	256.7
597.499	255.7
597.853	251.7
598.207	250.0
598.561	249.0
598.915	249.7
599.269	250.3
599.623	248.7
599.977	247.3
600.331	247.3
600.685	249.0
601.040	248.3
601.394	245.3
601.748	242.0
602.102	240.7
602.457	240.0
602.811	239.3
603.165	238.7
603.520	237.3
603.874	235.0
604.228	235.0
604.583	235.0
604.937	235.3
605.292	234.3
605.646	233.0
606.001	229.3
606.355	224.7
606.710	221.3
607.064	219.7
607.419	219.3
607.774	219.0
608.128	219.3
608.483	218.3
608.838	217.3
609.192	217.0
609.547	215.0
609.902	213.7
610.257	212.0
610.612	210.7
610.966	210.7
611.321	205.3
611.676	205.3
612.031	202.7
612.386	204.0
612.741	204.0
613.096	207.3
613.451	205.3
613.806	203.3
614.161	199.0
614.516	197.0
614.871	194.3
615.226	192.3
615.581	191.7
615.937	190.7
616.292	189.0
616.647	186.7
617.002	186.7
617.357	185.7
617.713	184.3
618.068	181.0
618.423	179.3
618.779	177.7
619.134	177.3
619.489	174.7
619.845	174.7
620.200	172.0
620.556	171.0
620.911	169.7
621.267	168.3
621.622	168.7
621.978	169.0
622.333	167.3
622.689	166.0
623.045	162.3
623.400	163.0
623.756	160.7
624.112	160.3
624.467	156.7
624.823	157.3
625.179	156.3
625.535	155.7
625.890	153.0
626.246	151.3
626.602	151.0
626.958	148.3
627.314	146.3
627.670	145.3
628.026	145.3
628.382	145.3
628.738	144.0
629.093	142.3
629.450	141.3
629.806	139.7
630.162	140.0
630.518	139.0
630.874	139.3
631.230	138.0
631.586	137.7
631.942	136.3
632.298	136.7
632.655	133.3
633.011	129.3
633.367	126.3
633.724	127.3
634.080	129.0
634.436	127.7
634.792	125.0
635.149	124.0
635.505	122.7
635.862	121.0
636.218	119.3
636.575	120.3
636.931	120.0
637.288	120.3
637.644	117.7
638.001	116.0
638.357	114.7
638.714	113.3
639.070	111.7
639.427	111.0
639.784	110.0
640.140	108.7
640.497	106.3
640.854	105.7
641.211	105.0
641.567	104.0
641.924	104.0
642.281	103.3
642.638	103.0
642.995	101.7
643.352	101.0
643.708	100.3
644.065	99.0
644.422	97.3
644.779	96.0
645.136	95.0
645.493	95.0
645.850	94.3
646.207	95.0
646.564	94.0
646.922	93.7
647.279	93.3
647.636	93.0
647.993	93.7
648.350	92.0
648.707	93.3
649.065	91.0
649.422	89.3
649.779	87.0
650.136	86.0
650.494	85.7
650.851	84.0
651.208	84.0
651.566	85.0
651.923	85.3
652.281	84.7
652.638	83.3
652.996	82.7
653.353	82.3
653.711	81.3
654.068	81.0
654.426	80.3
654.783	80.0
655.141	78.3
655.498	77.3
655.856	76.7
656.214	77.0
656.571	76.0
656.929	74.3
657.287	73.0
657.644	73.3
658.002	73.0
658.360	72.7
658.718	71.7
659.076	71.0
659.434	69.7
659.791	68.7
660.149	67.7
660.507	68.7
660.865	68.7
661.223	70.0
661.581	69.7
661.939	69.3
662.297	66.7
662.655	65.0
663.013	63.7
663.371	64.3
663.729	63.3
664.087	63.0
664.446	62.0
664.804	61.7
665.162	59.7
665.520	58.7
665.878	57.3
666.237	57.3
666.595	58.3
666.953	58.7
667.311	58.7
667.670	57.3
668.028	56.7
668.386	56.7
668.745	56.7
669.103	57.0
669.462	57.7
669.820	59.7
670.179	59.0
670.537	57.0
670.896	53.3
671.254	53.7
671.613	55.7
671.971	56.0
672.330	55.0
672.689	52.7
673.047	51.7
673.406	49.0
673.765	49.0
674.123	50.0
674.482	50.0
674.841	49.7
675.199	48.7
675.558	49.0
675.917	49.0
676.276	47.7
676.635	48.7
676.994	47.3
677.352	47.3
677.711	46.0
678.070	45.3
678.429	44.3
678.788	44.0
679.147	43.3
679.506	43.0
679.865	43.3
680.224	43.3
680.583	44.7
680.942	44.0
681.302	45.0
681.661	43.7
682.020	42.3
682.379	41.3
682.738	40.0
683.097	39.7
683.457	39.3
683.816	38.3
684.175	39.3
684.534	38.7
684.894	39.0
685.253	37.3
685.612	36.3
685.972	37.0
686.331	36.7
686.691	36.3
687.050	35.3
687.409	36.3
687.769	36.3
688.128	36.0
688.488	35.7
688.847	36.0
689.207	36.7
689.567	36.0
689.926	34.3
690.286	35.3
690.645	36.3
691.005	37.7
691.365	35.0
691.724	33.7
692.084	32.7
692.444	34.0
692.804	33.3
693.163	31.7
693.523	28.0
693.883	27.0
694.243	28.7
694.603	31.7
694.963	34.3
695.322	33.3
695.682	34.0
696.042	33.0
696.402	34.0
696.762	33.0
697.122	33.0
697.482	31.3
697.842	30.3
698.202	29.0
698.562	30.0
698.922	29.3
699.282	29.3
699.643	27.3
700.003	26.7
700.363	26.3
700.723	27.7
701.083	28.3
701.444	27.7
701.804	27.0
702.164	27.7
702.524	29.3
702.885	30.0
703.245	29.7
703.605	27.0
703.966	25.7
704.326	24.7
704.686	26.7
705.047	28.0
705.407	29.3
705.768	28.3
706.128	27.7
706.489	26.3
706.849	26.7
707.210	26.3
707.570	26.0
707.931	24.0
708.291	22.3
708.652	21.0
709.013	21.3
709.373	22.0
709.734	23.0
710.095	23.7
710.455	24.0
710.816	23.3
711.177	23.3
711.538	21.7
711.898	21.0
712.259	21.0
712.620	23.0
712.981	23.7
713.342	23.7
713.703	22.3
714.063	22.3
714.424	20.3
714.785	21.0
715.146	21.3
715.507	21.7
715.868	20.3
716.229	19.0
716.590	19.7
716.951	19.0
717.312	18.7
717.673	17.7
718.035	18.3
718.396	19.0
718.757	19.7
719.118	20.0
719.479	20.7
719.840	19.7
720.202	18.7
720.563	18.3
720.924	18.7
721.285	18.7
721.647	17.3
722.008	17.7
722.369	18.7
722.731	19.3
723.092	20.0
723.453	19.0
723.815	18.7
724.176	17.7
724.538	17.0
724.899	16.7
725.261	15.0
725.622	16.3
725.984	16.7
726.345	18.0
726.707	17.7
727.068	16.7
727.430	15.7
727.791	13.7
728.153	13.3
728.515	14.0
728.876	15.0
729.238	15.3
729.600	14.7
729.961	14.3
730.323	14.0
730.685	13.7
731.047	12.7
731.408	13.7
731.770	14.0
732.132	15.0
732.494	15.3
732.856	14.7
733.218	15.3
733.580	14.7
733.941	14.7
734.303	13.7
734.665	13.3
735.027	13.0
735.389	12.0
735.751	11.7
736.113	12.3
736.475	14.3
736.837	14.0
737.200	13.3
737.562	12.7
737.924	12.0
738.286	13.0
738.648	13.0
739.010	14.0
739.372	13.0
739.735	11.7
740.097	12.3
740.459	12.7
740.821	12.7
741.184	12.3
741.546	12.0
741.908	12.7
742.271	13.0
742.633	13.7
742.995	13.3
743.358	11.7
743.720	10.7
744.082	10.0
744.445	10.7
744.807	11.0
745.170	11.3
745.532	10.0
745.895	11.0
746.257	10.3
746.620	10.7
746.982	9.7
747.345	9.3
747.708	9.7
748.070	8.3
748.433	9.0
748.796	8.7
749.158	10.0
749.521	11.3
749.884	11.3
750.246	10.3
750.609	8.0
750.972	8.3
751.335	8.3
751.697	9.3
752.060	8.3
752.423	8.3
752.786	7.7
753.149	8.0
753.512	7.0
753.875	7.3
754.237	7.7
754.600	10.0
754.963	10.0
755.326	9.7
755.689	7.0
756.052	6.7
756.415	7.7
756.778	8.3
757.141	8.0
757.504	6.7
757.868	8.0
758.231	8.3
758.594	9.0
758.957	8.0
759.320	8.0
759.683	6.7
760.046	5.3
760.410	6.0
760.773	6.7
761.136	8.0
761.499	6.7
761.863	6.7
762.226	6.3
762.589	6.3
762.953	5.7
763.316	5.3
763.679	4.3
764.043	3.7
764.406	3.3
764.769	6.0
765.133	7.0
765.496	7.3
765.860	6.0
766.223	5.0
766.587	5.0
766.950	4.7
767.314	4.7
767.677	3.7
768.041	3.7
768.405	5.0
768.768	5.7
769.132	5.7
769.495	5.7
769.859	5.3
770.223	5.7
770.586	4.7
770.950	4.7
771.314	3.7
771.678	4.3
772.041	4.7
772.405	5.0
772.769	3.7
773.133	4.7
773.496	4.7
773.860	6.3
774.224	4.7
774.588	5.3
774.952	5.0
775.316	5.7
775.680	4.3
776.044	3.0
776.408	2.3
776.772	2.7
777.136	3.7
777.500	4.7
777.864	5.0
778.228	5.7
778.592	5.3
778.956	5.7
779.320	4.7
779.684	5.7
780.048	5.3
780.412	5.3
780.776	4.0
781.140	3.7
781.505	4.0
781.869	4.7
782.233	5.0
782.597	3.7
782.961	2.7
783.326	2.3
783.690	2.3
784.054	3.0
784.419	3.3
784.783	4.3
785.147	4.0
785.512	5.0
785.876	5.0
786.240	3.7
786.605	2.7
786.969	3.0
787.334	3.7
787.698	3.0
788.063	3.0
788.427	4.0
788.792	4.0
789.156	3.7
789.521	3.3
789.885	4.3
790.250	3.0
790.614	2.3
790.979	1.0
791.344	0.7
791.708	1.0
792.073	0.7
792.438	1.0
792.802	1.0
793.167	1.7
793.532	2.7
793.896	2.0
794.261	1.7
794.626	1.3
794.991	2.0
795.355	1.0
795.720	-0.7
796.085	-0.3
796.450	0.3
796.815	2.0
797.180	2.0
797.545	2.7
797.909	2.7
798.274	2.3
798.639	1.3
799.004	2.0
799.369	1.3
799.734	2.3
800.099	1.3
800.464	1.7
800.829	0.7
801.194	0.3
801.559	0.3
801.924	1.3
802.289	2.0
802.655	3.0
803.020	3.7
803.385	4.0
803.750	3.3
804.115	2.3
804.480	1.7
804.846	1.7
805.211	1.3
805.576	2.0
805.941	3.3
806.306	3.7
806.672	3.3
807.037	2.0
807.402	3.7
807.768	4.7
808.133	5.7
808.498	4.0
808.864	2.7
809.229	1.7
809.594	1.3
809.960	1.3
810.325	1.3
810.691	2.7
811.056	3.7
811.422	4.3
811.787	4.3
812.153	3.3
812.518	2.3
812.884	1.3
813.249	2.7
813.615	2.7
813.980	3.7
814.346	2.3
814.712	2.3
815.077	2.3
815.443	2.3
815.809	3.3
816.174	3.0
816.540	3.3
816.906	3.3
817.271	2.0
817.637	0.0
818.003	-0.3
818.369	-0.7
818.734	-0.3
819.100	-1.3
819.466	-1.3
819.832	0.3
820.198	1.3
820.563	3.3
820.929	3.7
821.295	3.3
821.661	2.7
822.027	3.0
822.393	2.7
822.759	2.7
823.125	1.7
823.491	0.3
823.857	1.3
824.223	1.0
824.589	2.7
824.955	1.7
825.321	1.7
825.687	2.3
826.053	2.3
826.419	3.7
826.785	3.0
827.151	3.7
827.517	3.0
827.883	2.7
828.250	1.0
828.616	0.0
828.982	-0.3
829.348	0.0
829.714	0.3
830.081	1.3
830.447	2.3
830.813	2.7
831.179	3.3
831.546	3.3
831.912	4.7
832.278	3.7
832.645	3.0
833.011	2.7
833.377	2.0
833.744	1.7
834.110	0.0
834.476	-0.3
834.843	0.3
835.209	0.7
835.576	2.0
835.942	3.0
836.309	3.0
836.675	2.0
837.042	0.7
837.408	1.3
837.775	0.7
838.141	-0.7
838.508	-1.0
838.874	-0.7
839.241	1.3
839.608	2.3
839.974	3.3
840.341	4.0
840.707	4.0
841.074	3.0
841.441	1.0
841.808	0.0
842.174	0.7
842.541	1.7
842.908	2.0
843.274	3.0
843.641	3.3
844.008	3.7
844.375	4.0
844.741	4.0
845.108	3.7
845.475	3.3
845.842	2.3
846.209	2.7
846.576	1.7
846.943	2.0
847.309	0.3
847.676	0.0
848.043	0.3
848.410	1.3
848.777	1.7
849.144	2.0
849.511	3.0
849.878	2.0
850.245	0.7
850.612	-0.3
850.979	1.3
851.346	2.3
851.713	1.3
852.080	0.3
852.447	1.0
852.814	1.7
853.182	1.7
853.549	1.3
853.916	0.7
854.283	0.0
854.650	-0.3
855.017	-0.3
855.385	0.7
855.752	-0.3
856.119	1.0
856.486	1.7
856.853	1.7
857.221	1.0
857.588	0.7
857.955	1.7
858.323	2.0
858.690	1.3
859.057	1.7
859.425	1.7
859.792	2.0
860.159	1.7
860.527	2.3
860.894	2.3
861.261	2.3
861.629	0.7
861.996	0.7
862.364	1.0
862.731	2.3
863.099	3.0
863.466	1.7
863.834	0.3
864.201	-0.7
864.569	-0.3
864.936	-0.7
865.304	-1.7
865.671	-1.3
866.039	-0.7
866.407	0.7
866.774	1.0
867.142	1.0
867.509	1.0
867.877	1.0
868.245	2.0
868.612	2.0
868.980	1.0
869.348	0.7
869.715	0.0
870.083	0.0
870.451	0.0
870.819	1.7
871.186	3.0
871.554	4.3
871.922	3.3
872.290	2.7
872.658	1.7
873.025	1.7
873.393	1.0
873.761	0.7
874.129	0.0
874.497	0.0
874.865	-1.0
875.233	-0.7
875.601	0.3
875.969	1.3
876.336	2.3
876.704	2.3
877.072	2.7
877.440	2.7
877.808	3.3
878.176	3.0
878.544	2.7
878.912	1.7
879.280	2.7
879.648	3.3
880.017	2.7
880.385	1.7
880.753	0.3
881.121	1.3
881.489	1.0
881.857	2.3
882.225	2.7
882.593	2.0
882.962	1.0
883.330	0.7
883.698	1.7
884.066	-0.3
884.434	-1.0
884.803	-2.0
885.171	0.0
885.539	0.3
885.907	1.0
886.276	1.3
886.644	1.0
887.012	1.3
887.380	0.3
887.749	1.0
888.117	0.3
888.485	0.0
888.854	-1.0
889.222	-0.7
889.591	0.7
889.959	1.7
890.327	2.3
890.696	1.3
891.064	1.7
891.433	1.3
891.801	2.0
892.170	1.3
892.538	0.7
892.907	0.0
893.275	-0.3
893.644	0.3
894.012	0.3
894.381	0.0
894.749	-1.0
895.118	0.0
895.486	1.0
895.855	1.7
896.224	1.7
896.592	2.0
896.961	2.3
897.329	1.7
897.698	0.3
898.067	-0.7
898.435	-1.0
898.804	0.0
899.173	0.3
899.542	-0.3
899.910	-0.3
900.279	0.7
900.648	2.0
901.017	1.3
901.385	2.3
901.754	2.0
902.123	3.7
902.492	1.7
902.860	1.3
903.229	-0.3
903.598	0.0
903.967	-0.7
904.336	-1.0
904.705	-1.0
905.074	0.3
905.443	1.3
905.811	1.7
906.180	2.3
906.549	2.7
906.918	3.3
907.287	2.7
907.656	1.3
908.025	0.3
908.394	-0.7
908.763	-0.7
909.132	-0.7
909.501	-0.3
909.870	0.3
910.239	0.0
910.608	1.0
910.977	0.0
911.346	1.0
911.716	0.7
912.085	1.7
912.454	2.3
912.823	1.7
913.192	1.0
913.561	-0.3
913.930	-0.3
914.299	1.0
914.669	1.3
915.038	0.7
915.407	-1.0
915.776	-1.3
916.146	0.7
916.515	2.0
916.884	3.0
917.253	2.3
917.623	0.3
917.992	-0.7
918.361	-1.3
918.730	-0.3
919.100	0.0
919.469	0.3
919.838	0.3
920.208	0.0
920.577	0.3
920.946	0.0
921.316	-0.3
921.685	-0.3
922.055	1.0
922.424	2.0
922.793	1.3
923.163	1.0
923.532	2.0
923.902	4.0
924.271	4.0
924.641	2.3
925.010	0.0
925.380	-0.3
925.749	-0.7
926.119	0.7
926.488	0.0
926.858	-1.0
927.227	-0.7
927.597	1.0
927.967	2.0
928.336	1.7
928.706	-1.0
929.075	0.0
929.445	-1.3
929.815	0.7
930.184	0.7
930.554	1.7
930.924	2.0
931.293	1.3
931.663	1.0
932.033	-0.3
932.402	-0.3
932.772	-1.3
933.142	-0.3
933.511	-0.3
933.881	1.0
934.251	1.3
934.621	1.3
934.991	2.3
935.360	1.7
935.730	1.7
936.100	1.0
936.470	1.3
936.840	1.0
937.209	0.3
937.579	1.0
937.949	1.3
938.319	0.7
938.689	0.0
939.059	0.7
939.429	1.7
939.799	1.7
940.168	1.7
940.538	1.7
940.908	2.7
941.278	0.7
941.648	0.7
942.018	0.3
942.388	2.0
942.758	2.0
943.128	2.0
943.498	2.3
943.868	1.7
944.238	2.3
944.608	1.0
944.978	1.7
945.348	1.7
945.718	2.0
946.089	1.3
946.459	1.0
946.829	1.0
947.199	1.3
947.569	1.3
947.939	1.7
948.309	1.7
948.679	1.0
949.050	0.7
949.420	0.7
949.790	1.7
950.160	2.3
950.530	3.3
950.901	3.0
951.271	3.0
951.641	3.0
952.011	3.7
952.382	2.3
952.752	1.7
953.122	1.3
953.492	1.7
953.863	0.3
954.233	0.0
954.603	-0.7
954.974	0.7
955.344	1.0
955.714	2.3
956.085	1.7
956.455	1.3
956.825	1.0
957.196	2.0
957.566	1.7
957.936	1.7
958.307	1.0
958.677	1.3
959.048	3.3
959.418	3.3
959.789	3.3
960.159	1.7
960.529	1.3
960.900	1.7
961.270	-0.3
961.641	0.3
962.011	-1.0
962.382	2.0
962.752	2.3
963.123	3.3
963.494	3.0
963.864	2.7
964.235	3.7
964.605	1.7
964.976	2.0
965.346	1.7
965.717	2.3
966.088	0.3
966.458	-1.7
966.829	-1.3
967.199	-0.3
967.570	1.0
967.941	2.3
968.311	2.3
968.682	2.7
969.053	1.7
969.423	2.7
969.794	2.3
970.165	2.0
970.535	1.3
970.906	1.3
971.277	3.0
971.648	3.3
972.018	2.7
972.389	1.0
972.760	0.3
973.131	1.3
973.502	1.0
973.872	1.7
974.243	1.0
974.614	2.3
974.985	3.0
975.356	3.7
975.726	2.7
976.097	2.0
976.468	1.7
976.839	2.3
977.210	3.3
977.581	2.3
977.952	1.0
978.323	1.0
978.693	2.0
979.064	2.0
979.435	2.3
979.806	-0.3
980.177	-0.7
980.548	-1.7
980.919	0.3
981.290	0.7
981.661	0.3
982.032	0.3
982.403	-0.3
982.774	1.3
983.145	2.0
983.516	2.7
983.887	0.7
984.258	-1.0
984.629	-2.0
985.000	-1.0
985.371	-0.3
985.742	0.0
986.113	1.0
986.484	1.0
986.856	2.3
987.227	2.3
987.598	2.7
987.969	2.0
988.340	0.0
988.711	-0.3
989.082	0.0
989.454	1.7
989.825	2.0
990.196	2.3
990.567	3.0
990.938	2.7
991.309	3.0
991.681	1.3
992.052	1.0
992.423	-0.3
992.794	-1.3
993.166	-2.0
993.537	-2.3
993.908	0.0
994.279	0.7
994.651	1.3
995.022	-0.7
995.393	0.7
995.764	2.3
996.136	4.0
996.507	3.3
996.878	1.3
997.250	2.0
997.621	2.3
997.992	1.7
998.364	1.3
998.735	1.0
999.106	2.3
999.478	-0.7
999.849	-1.3
1000.221	-1.7
1000.592	1.3
1000.963	1.0
1001.335	1.0
1001.706	1.7
1002.078	2.7
1002.449	3.3
1002.821	2.0
1003.192	2.0
1003.564	0.7
1003.935	0.7
1004.306	-0.3
1004.678	-0.3
1005.049	-1.0
1005.421	-1.0
1005.792	-0.3
1006.164	0.3
1006.535	1.7
1006.907	1.3
1007.279	2.0
1007.650	1.7
1008.022	2.3
1008.393	2.0
1008.765	1.3
1009.136	1.3
1009.508	1.7
1009.880	2.7
1010.251	2.3
1010.623	3.3
1010.994	3.0
1011.366	3.7
1011.738	2.7
1012.109	2.3
1012.481	1.7
1012.853	1.0
1013.224	1.3
1013.596	1.0
1013.968	2.0
1014.339	2.7
1014.711	1.7
1015.083	1.3
1015.454	0.7
1015.826	1.7
1016.198	2.0
1016.570	2.0
1016.941	2.3
1017.313	1.3
1017.685	1.7
1018.057	1.0
1018.428	1.7
1018.800	1.3
1019.172	1.7
1019.544	2.0
1019.915	1.3
1020.287	1.3
1020.659	2.3
1021.031	2.0
1021.403	1.7
1021.775	0.0
1022.146	2.0
1022.518	2.0
1022.890	2.3
1023.262	1.7
1023.634	3.0
1024.006	3.3
1024.378	2.0
1024.749	1.7
1025.121	1.7
1025.493	4.0
1025.865	5.3
1026.237	6.3
1026.609	6.3
1026.981	5.0
1027.353	4.0
1027.725	3.0
1028.097	4.0
1028.469	4.3
1028.841	5.3
1029.213	5.3
1029.585	5.7
1029.957	6.3
1030.329	7.7
1030.701	8.7
1031.073	7.7
1031.445	6.7
1031.817	6.3
1032.189	6.0
1032.561	5.7
1032.933	5.3
1033.305	6.0
1033.677	6.3
1034.049	6.3
1034.421	6.7
1034.793	7.7
1035.165	7.7
1035.537	7.7
1035.909	7.3
1036.281	8.3
1036.653	9.3
1037.025	9.7
1037.398	10.0
1037.770	9.3
1038.142	9.3
1038.514	9.3
1038.886	10.0
1039.258	9.7
1039.630	9.3
1040.003	10.0
1040.375	11.3
1040.747	11.3
1041.119	11.3
1041.491	10.0
1041.863	10.7
1042.236	10.0
1042.608	10.3
1042.980	9.7
1043.352	9.0
1043.725	8.7
1044.097	10.3
1044.469	11.3
1044.841	12.7
1045.213	11.7
1045.586	10.7
1045.958	10.3
1046.330	10.0
1046.703	11.7
1047.075	11.0
1047.447	11.0
1047.819	9.3
1048.192	10.3
1048.564	10.7
1048.936	11.0
1049.309	10.7
1049.681	10.7
1050.053	11.7
1050.426	12.7
1050.798	13.7
1051.170	13.0
1051.543	12.0
1051.915	11.0
1052.287	11.3
1052.660	11.0
1053.032	9.0
1053.405	8.7
1053.777	9.3
1054.149	12.0
1054.522	12.0
1054.894	12.0
1055.267	12.7
1055.639	13.3
1056.011	14.0
1056.384	12.3
1056.756	10.3
1057.129	9.0
1057.501	8.3
1057.874	10.7
1058.246	11.7
1058.618	13.3
1058.991	12.0
1059.363	11.3
1059.736	10.0
1060.108	11.0
1060.481	9.7
1060.853	10.3
1061.226	8.7
1061.598	8.7
1061.971	8.3
1062.343	10.0
1062.716	10.0
1063.088	10.3
1063.461	10.7
1063.834	10.7
1064.206	10.7
