333.348	-0.3
333.679	-0.3
334.011	-1.0
334.343	0.3
334.674	0.7
335.006	2.0
335.338	2.7
335.670	2.3
336.002	2.3
336.334	1.3
336.666	1.7
336.998	0.0
337.330	-0.3
337.662	0.0
337.994	1.0
338.326	1.7
338.658	1.0
338.990	1.0
339.323	1.7
339.655	1.3
339.987	0.7
340.320	-0.3
340.652	0.7
340.984	1.3
341.317	1.0
341.649	0.3
341.982	-0.7
342.314	0.3
342.647	2.7
342.979	3.7
343.312	3.3
343.645	1.3
343.978	0.3
344.310	-0.3
344.643	-1.0
344.976	-1.7
345.309	-1.3
345.642	-0.7
345.975	1.0
346.308	1.3
346.641	1.7
346.974	2.3
347.307	1.7
347.640	1.3
347.973	1.0
348.306	-0.3
348.639	-1.3
348.972	-3.3
349.306	-2.0
349.639	-1.0
349.972	1.7
350.306	3.0
350.639	3.3
350.972	2.7
351.306	2.3
351.639	2.7
351.973	0.7
352.306	0.3
352.640	0.3
352.974	1.0
353.307	-0.7
353.641	-2.0
353.975	-2.3
354.309	0.0
354.642	0.3
354.976	1.7
355.310	0.7
355.644	1.7
355.978	1.0
356.312	1.3
356.646	0.3
356.980	0.7
357.314	0.7
357.648	0.0
357.982	-0.7
358.316	-0.3
358.651	0.7
358.985	1.7
359.319	1.7
359.653	1.7
359.988	2.0
360.322	1.7
360.656	2.3
360.991	2.0
361.325	1.7
361.660	0.7
361.994	0.0
362.329	0.7
362.664	-0.7
362.998	0.0
363.333	-1.0
363.668	0.7
364.002	0.3
364.337	2.7
364.672	1.7
365.007	1.7
365.342	-0.3
365.676	0.3
366.011	0.3
366.346	2.0
366.681	3.0
367.016	1.7
367.351	0.0
367.687	-2.3
368.022	-1.0
368.357	-1.0
368.692	0.3
369.027	-0.7
369.363	-0.3
369.698	0.7
370.033	1.3
370.369	1.7
370.704	0.7
371.039	0.3
371.375	-0.3
371.710	0.3
372.046	-1.3
372.381	-0.3
372.717	0.3
373.053	2.3
373.388	1.7
373.724	2.3
374.060	3.0
374.395	3.3
374.731	3.3
375.067	3.0
375.403	2.0
375.739	1.0
376.075	0.3
376.411	2.3
376.747	1.7
377.083	2.3
377.419	1.3
377.755	2.7
378.091	3.3
378.427	3.3
378.763	4.0
379.099	4.0
379.436	3.3
379.772	1.7
380.108	1.3
380.445	2.7
380.781	2.0
381.117	1.3
381.454	-0.3
381.790	0.3
382.127	1.3
382.463	2.3
382.800	3.7
383.137	3.3
383.473	3.3
383.810	2.0
384.147	2.0
384.483	1.3
384.820	2.3
385.157	0.7
385.494	1.3
385.831	0.7
386.167	1.0
386.504	-0.3
386.841	0.0
387.178	0.7
387.515	2.0
387.852	2.3
388.189	2.3
388.527	2.3
388.864	1.7
389.201	2.7
389.538	2.0
389.875	1.3
390.213	0.0
390.550	0.7
390.887	1.0
391.225	1.3
391.562	0.3
391.899	1.7
392.237	2.7
392.574	4.3
392.912	3.0
393.250	2.7
393.587	1.0
393.925	1.3
394.262	0.3
394.600	0.0
394.938	-2.3
395.276	-2.3
395.613	-1.7
395.951	0.3
396.289	1.7
396.627	2.3
396.965	3.7
397.303	3.0
397.641	4.0
397.979	3.0
398.317	2.7
398.655	1.7
398.993	1.3
399.331	0.3
399.669	-1.0
400.008	-0.7
400.346	0.0
400.684	1.7
401.022	2.7
401.361	3.3
401.699	3.7
402.037	3.3
402.376	3.3
402.714	2.3
403.053	1.7
403.391	0.7
403.730	0.0
404.068	1.0
404.407	1.7
404.746	1.3
405.084	1.0
405.423	1.3
405.762	3.0
406.101	2.7
406.439	3.0
406.778	3.3
407.117	3.7
407.456	2.7
407.795	2.7
408.134	2.7
408.473	2.3
408.812	1.0
409.151	0.7
409.490	2.3
409.829	3.0
410.168	2.3
410.508	2.3
410.847	2.0
411.186	2.3
411.525	2.7
411.865	5.0
412.204	5.7
412.543	5.3
412.883	3.7
413.222	4.3
413.562	5.3
413.901	6.0
414.241	6.3
414.580	5.3
414.920	5.3
415.259	4.3
415.599	4.7
415.939	5.0
416.278	7.0
416.618	8.0
416.958	8.3
417.298	9.3
417.637	12.3
417.977	13.7
418.317	14.3
418.657	12.7
418.997	13.3
419.337	12.3
419.677	12.0
420.017	12.3
420.357	14.7
420.697	15.3
421.037	15.7
421.378	15.0
421.718	16.7
422.058	17.7
422.398	19.3
422.739	20.0
423.079	20.3
423.419	19.7
423.760	20.0
424.100	20.0
424.441	21.0
424.781	22.0
425.122	23.7
425.462	25.3
425.803	26.0
426.143	27.3
426.484	28.3
426.825	30.3
427.165	31.0
427.506	31.7
427.847	32.0
428.187	33.7
428.528	34.3
428.869	34.3
429.210	34.7
429.551	35.0
429.892	39.0
430.233	41.3
430.574	43.7
430.915	42.7
431.256	43.3
431.597	45.0
431.938	46.3
432.279	48.0
432.620	48.7
432.962	50.3
433.303	50.7
433.644	53.0
433.985	55.0
434.327	55.0
434.668	54.7
435.010	57.0
435.351	59.7
435.692	61.7
436.034	61.3
436.375	64.3
436.717	66.0
437.058	69.0
437.400	69.3
437.742	72.3
438.083	74.7
438.425	77.3
438.767	80.3
439.109	82.3
439.450	85.7
439.792	88.7
440.134	91.7
440.476	94.0
440.818	95.0
441.160	97.0
441.502	98.7
441.844	99.7
442.186	100.3
442.528	105.0
442.870	108.7
443.212	111.0
443.554	111.7
443.896	113.3
444.238	116.7
444.581	118.7
444.923	120.7
445.265	121.0
445.608	120.7
445.950	123.3
446.292	126.3
446.635	131.0
446.977	135.0
447.320	137.7
447.662	140.0
448.005	140.7
448.347	143.7
448.690	143.3
449.032	143.0
449.375	140.0
449.718	140.7
450.060	140.3
450.403	142.3
450.746	141.3
451.089	142.0
451.431	142.3
451.774	143.7
452.117	143.0
452.460	142.7
452.803	141.7
453.146	139.7
453.489	136.7
453.832	135.0
454.175	133.7
454.518	130.3
454.861	127.7
455.204	124.7
455.548	126.0
455.891	124.3
456.234	123.7
456.577	122.0
456.921	121.0
457.264	118.0
457.607	113.0
457.951	108.7
458.294	107.0
458.638	106.0
458.981	104.7
459.325	101.7
459.668	98.7
460.012	96.3
460.355	95.0
460.699	94.0
461.042	92.0
461.386	91.3
461.730	90.7
462.074	89.3
462.417	88.7
462.761	86.7
463.105	88.0
463.449	86.0
463.793	85.0
464.137	81.0
464.481	78.7
464.824	76.7
465.168	75.7
465.513	75.0
465.857	75.0
466.201	75.0
466.545	74.7
466.889	74.0
467.233	72.7
467.577	71.7
467.921	68.0
468.266	66.0
468.610	63.3
468.954	62.0
469.299	61.0
469.643	60.3
469.987	61.3
470.332	60.0
470.676	58.7
471.021	57.0
471.365	57.0
471.710	56.7
472.054	55.0
472.399	53.7
472.744	52.3
473.088	53.7
473.433	53.3
473.778	53.3
474.122	49.7
474.467	47.7
474.812	46.7
475.157	48.7
475.502	49.3
475.847	49.0
476.191	48.7
476.536	47.7
476.881	46.0
477.226	43.7
477.571	42.7
477.916	44.7
478.262	43.3
478.607	44.3
478.952	42.7
479.297	42.7
479.642	42.0
479.987	41.7
480.333	44.0
480.678	44.7
481.023	44.0
481.369	42.0
481.714	41.3
482.059	41.7
482.405	42.0
482.750	41.0
483.096	41.0
483.441	41.7
483.787	42.0
484.132	42.3
484.478	44.7
484.824	45.7
485.169	46.3
485.515	44.7
485.861	43.7
486.206	43.0
486.552	43.0
486.898	43.3
487.244	43.0
487.590	44.0
487.935	45.3
488.281	46.0
488.627	45.7
488.973	45.3
489.319	45.7
489.665	46.3
490.011	48.7
490.357	51.0
490.703	51.0
491.050	50.3
491.396	51.0
491.742	53.0
492.088	54.7
492.434	55.0
492.781	54.3
493.127	55.3
493.473	55.7
493.820	57.7
494.166	59.3
494.512	60.3
494.859	60.0
495.205	58.7
495.552	59.3
495.898	60.3
496.245	62.7
496.591	64.3
496.938	65.0
497.285	65.3
497.631	68.7
497.978	73.0
498.325	75.7
498.671	75.3
499.018	77.0
499.365	76.7
499.712	79.3
500.059	79.0
500.405	82.3
500.752	82.3
501.099	85.0
501.446	87.7
501.793	88.7
502.140	89.0
502.487	90.0
502.834	92.0
503.181	94.0
503.529	95.7
503.876	96.3
504.223	97.0
504.570	98.3
504.917	100.3
505.265	103.3
505.612	103.3
505.959	105.7
506.306	107.0
506.654	107.0
507.001	109.7
507.349	110.0
507.696	113.0
508.044	111.7
508.391	114.7
508.739	116.3
509.086	120.3
509.434	119.0
509.781	120.3
510.129	119.7
510.477	122.3
510.824	122.3
511.172	126.3
511.520	128.7
511.868	131.7
512.215	132.7
512.563	132.3
512.911	134.3
513.259	133.7
513.607	136.0
513.955	136.7
514.303	137.0
514.651	137.7
514.999	137.3
515.347	139.0
515.695	138.7
516.043	142.0
516.391	144.3
516.739	145.7
517.087	147.0
517.436	148.0
517.784	148.7
518.132	147.7
518.480	149.7
518.829	150.7
519.177	151.0
519.525	152.3
519.874	154.7
520.222	156.3
520.571	156.0
520.919	157.7
521.268	159.0
521.616	159.7
521.965	160.0
522.313	160.7
522.662	161.7
523.011	164.7
523.359	168.0
523.708	169.7
524.057	169.3
524.405	169.7
524.754	170.3
525.103	170.0
525.452	168.3
525.801	168.3
526.150	170.7
526.498	173.0
526.847	174.0
527.196	174.0
527.545	174.0
527.894	174.3
528.243	176.0
528.592	177.0
528.941	177.7
529.291	177.7
529.640	178.3
529.989	179.3
530.338	180.0
530.687	180.3
531.037	180.3
531.386	178.7
531.735	181.7
532.084	183.7
532.434	187.3
532.783	186.3
533.132	187.7
533.482	188.3
533.831	189.3
534.181	188.7
534.530	187.7
534.880	189.0
535.229	190.0
535.579	193.0
535.929	191.7
536.278	192.7
536.628	192.7
536.978	195.3
537.327	197.0
537.677	198.7
538.027	199.0
538.377	199.7
538.726	199.3
539.076	201.3
539.426	200.3
539.776	200.0
540.126	198.3
540.476	200.0
540.826	201.7
541.176	202.0
541.526	203.7
541.876	203.3
542.226	204.7
542.576	206.7
542.926	208.3
543.276	211.0
543.627	208.3
543.977	208.0
544.327	207.0
544.677	209.0
545.028	211.3
545.378	212.0
545.728	212.0
546.079	212.0
546.429	213.7
546.779	216.0
547.130	218.0
547.480	218.0
547.831	217.7
548.181	217.0
548.532	216.0
548.882	214.7
549.233	214.3
549.584	217.3
549.934	222.0
550.285	224.3
550.636	226.3
550.986	224.7
551.337	226.3
551.688	225.0
552.039	227.0
552.389	226.3
552.740	226.3
553.091	225.7
553.442	225.3
553.793	224.3
554.144	225.0
554.495	225.0
554.846	224.3
555.197	222.0
555.548	218.3
555.899	217.0
556.250	214.7
556.601	212.3
556.952	210.3
557.303	211.3
557.655	212.7
558.006	213.3
558.357	212.3
558.708	213.0
559.060	212.7
559.411	214.7
559.762	213.3
560.114	214.7
560.465	213.3
560.817	218.0
561.168	222.7
561.519	225.3
561.871	225.3
562.223	224.0
562.574	228.7
562.926	233.7
563.277	240.7
563.629	247.0
563.980	254.7
564.332	262.0
564.684	263.0
565.036	265.3
565.387	266.0
565.739	269.7
566.091	268.0
566.443	266.3
566.795	266.7
567.146	270.7
567.498	272.0
567.850	271.7
568.202	269.7
568.554	271.7
568.906	273.7
569.258	274.7
569.610	274.0
569.962	274.3
570.314	275.7
570.667	277.3
571.019	275.7
571.371	275.7
571.723	274.3
572.075	273.3
572.428	272.7
572.780	276.3
573.132	279.0
573.484	278.3
573.837	277.0
574.189	277.0
574.541	278.3
574.894	276.0
575.246	276.0
575.599	278.3
575.951	280.3
576.304	279.7
576.656	275.3
577.009	275.7
577.361	273.7
577.714	274.0
578.067	274.3
578.419	278.0
578.772	278.7
579.125	275.7
579.478	272.3
579.830	273.3
580.183	275.3
580.536	277.3
580.889	275.7
581.242	274.0
581.594	273.3
581.947	274.0
582.300	272.7
582.653	272.0
583.006	271.7
583.359	273.0
583.712	273.0
584.065	272.7
584.418	272.7
584.771	273.7
585.125	274.7
585.478	275.7
585.831	275.3
586.184	273.7
586.537	271.0
586.890	270.3
587.244	272.3
587.597	274.3
587.950	273.7
588.304	272.7
588.657	274.3
589.010	274.0
589.364	272.3
589.717	270.3
590.071	271.7
590.424	272.3
590.778	270.7
591.131	268.7
591.485	268.7
591.838	269.3
592.192	268.7
592.546	267.7
592.899	265.3
593.253	263.7
593.607	262.3
593.960	261.0
594.314	263.0
594.668	264.0
595.022	264.3
595.375	263.7
595.729	262.7
596.083	259.7
596.437	258.7
596.791	257.7
597.145	259.0
597.499	258.0
597.853	256.3
598.207	254.3
598.561	253.0
598.915	250.0
599.269	250.3
599.623	248.3
599.977	248.0
600.331	247.3
600.685	247.0
601.040	249.3
601.394	245.7
601.748	245.0
602.102	239.7
602.457	240.7
602.811	239.7
603.165	240.3
603.520	239.3
603.874	237.7
604.228	235.3
604.583	233.3
604.937	233.3
605.292	235.3
605.646	235.0
606.001	231.7
606.355	226.3
606.710	223.3
607.064	223.0
607.419	225.7
607.774	224.7
608.128	221.3
608.483	218.3
608.838	219.0
609.192	222.0
609.547	216.7
609.902	214.3
610.257	209.0
610.612	212.3
610.966	211.0
611.321	210.3
611.676	209.0
612.031	205.7
612.386	205.3
612.741	203.7
613.096	206.0
613.451	204.7
613.806	200.3
614.161	198.7
614.516	196.0
614.871	197.0
615.226	194.3
615.581	193.7
615.937	190.3
616.292	189.7
616.647	187.0
617.002	187.3
617.357	185.3
617.713	184.3
618.068	185.0
618.423	183.0
618.779	181.3
619.134	179.0
619.489	180.0
619.845	177.7
620.200	176.0
620.556	174.3
620.911	175.7
621.267	174.0
621.622	170.7
621.978	165.0
622.333	162.7
622.689	163.3
623.045	164.0
623.400	161.7
623.756	159.7
624.112	159.0
624.467	160.3
624.823	158.3
625.179	159.3
625.535	156.0
625.890	155.3
626.246	152.3
626.602	153.0
626.958	150.7
627.314	151.0
627.670	148.3
628.026	148.3
628.382	145.0
628.738	144.3
629.093	140.3
629.450	141.0
629.806	138.7
630.162	141.7
630.518	140.0
630.874	141.3
631.230	140.0
631.586	139.0
631.942	137.7
632.298	136.3
632.655	134.7
633.011	130.7
633.367	128.0
633.724	127.7
634.080	128.3
634.436	126.7
634.792	124.0
635.149	123.3
635.505	123.7
635.862	122.7
636.218	123.0
636.575	123.0
636.931	121.7
637.288	119.3
637.644	117.7
638.001	115.7
638.357	116.0
638.714	114.3
639.070	114.7
639.427	114.0
639.784	111.7
640.140	109.7
640.497	109.0
640.854	110.7
641.211	109.7
641.567	106.7
641.924	104.7
642.281	106.3
642.638	106.7
642.995	105.0
643.352	103.0
643.708	101.0
644.065	100.7
644.422	100.0
644.779	99.0
645.136	98.7
645.493	95.7
645.850	95.0
646.207	95.0
646.564	93.0
646.922	94.7
647.279	92.7
647.636	94.7
647.993	93.0
648.350	93.0
648.707	91.3
649.065	88.7
649.422	87.0
649.779	87.3
650.136	86.7
650.494	87.3
650.851	84.7
651.208	83.7
651.566	83.7
651.923	86.0
652.281	87.3
652.638	85.7
652.996	86.0
653.353	86.0
653.711	85.0
654.068	82.7
654.426	79.3
654.783	78.3
655.141	77.3
655.498	77.7
655.856	77.7
656.214	77.0
656.571	76.3
656.929	76.7
657.287	76.7
657.644	78.3
658.002	76.3
658.360	74.3
658.718	74.0
659.076	74.0
659.434	74.0
659.791	71.0
660.149	70.0
660.507	69.3
660.865	70.3
661.223	70.7
661.581	70.3
661.939	69.3
662.297	67.7
662.655	67.3
663.013	66.3
663.371	66.3
663.729	66.3
664.087	65.3
664.446	64.3
664.804	62.7
665.162	61.3
665.520	61.7
665.878	61.3
666.237	61.0
666.595	59.7
666.953	60.0
667.311	59.7
667.670	59.0
668.028	59.0
668.386	59.0
668.745	59.0
669.103	58.3
669.462	59.7
669.820	60.0
670.179	60.0
670.537	58.3
670.896	57.0
671.254	56.7
671.613	57.3
671.971	57.0
672.330	54.3
672.689	52.3
673.047	53.3
673.406	53.3
673.765	53.7
674.123	53.0
674.482	54.0
674.841	54.0
675.199	53.3
675.558	51.0
675.917	49.3
676.276	48.7
676.635	50.0
676.994	50.0
677.352	48.7
677.711	48.0
678.070	47.7
678.429	47.0
678.788	45.7
679.147	45.3
679.506	46.0
679.865	47.3
680.224	48.3
680.583	49.3
680.942	47.7
681.302	46.0
681.661	44.7
682.020	44.7
682.379	44.3
682.738	43.0
683.097	42.3
683.457	42.7
683.816	41.3
684.175	42.3
684.534	42.7
684.894	44.0
685.253	43.3
685.612	42.7
685.972	43.3
686.331	43.0
686.691	41.0
687.050	38.7
687.409	38.3
687.769	39.3
688.128	39.3
688.488	39.0
688.847	38.7
689.207	38.7
689.567	38.7
689.926	37.7
690.286	39.0
690.645	39.7
691.005	41.0
691.365	39.3
691.724	38.0
692.084	36.3
692.444	36.7
692.804	36.0
693.163	35.7
693.523	34.0
693.883	34.0
694.243	33.7
694.603	35.3
694.963	36.0
695.322	36.3
695.682	36.0
696.042	36.3
696.402	36.7
696.762	36.0
697.122	35.0
697.482	33.3
697.842	33.3
698.202	32.0
698.562	31.0
698.922	28.3
699.282	28.7
699.643	30.0
700.003	31.7
700.363	32.7
700.723	32.0
701.083	31.7
701.444	31.0
701.804	32.3
702.164	33.7
702.524	32.7
702.885	32.0
703.245	30.3
703.605	30.0
703.966	29.3
704.326	28.7
704.686	30.3
705.047	29.3
705.407	30.7
705.768	30.3
706.128	32.0
706.489	31.7
706.849	30.0
707.210	30.0
707.570	30.0
707.931	29.7
708.291	29.0
708.652	27.3
709.013	28.0
709.373	26.7
709.734	26.7
710.095	27.3
710.455	28.0
710.816	28.3
711.177	27.3
711.538	26.3
711.898	26.0
712.259	25.0
712.620	25.7
712.981	26.0
713.342	27.0
713.703	26.7
714.063	26.3
714.424	25.0
714.785	25.7
715.146	25.7
715.507	26.0
715.868	24.7
716.229	24.3
716.590	24.0
716.951	23.0
717.312	23.3
717.673	23.7
718.035	24.3
718.396	23.7
718.757	23.7
719.118	24.0
719.479	23.7
719.840	22.7
720.202	21.7
720.563	22.0
720.924	21.7
721.285	21.7
721.647	20.3
722.008	20.3
722.369	21.0
722.731	21.0
723.092	22.0
723.453	21.3
723.815	21.0
724.176	19.0
724.538	18.0
724.899	18.3
725.261	18.0
725.622	19.0
725.984	19.3
726.345	20.3
726.707	20.0
727.068	20.3
727.430	20.7
727.791	20.3
728.153	19.0
728.515	18.0
728.876	16.7
729.238	16.0
729.600	15.0
729.961	15.3
730.323	15.7
730.685	15.7
731.047	15.3
731.408	16.0
731.770	17.7
732.132	18.3
732.494	19.0
732.856	17.0
733.218	17.0
733.580	16.3
733.941	17.0
734.303	16.0
734.665	14.7
735.027	13.7
735.389	14.3
735.751	13.7
736.113	13.7
736.475	13.3
736.837	14.0
737.200	15.3
737.562	16.7
737.924	16.3
738.286	15.7
738.648	14.7
739.010	15.3
739.372	14.0
739.735	13.3
740.097	13.0
740.459	13.3
740.821	13.0
741.184	13.3
741.546	14.0
741.908	15.0
742.271	14.7
742.633	16.0
742.995	15.3
743.358	14.7
743.720	12.7
744.082	11.7
744.445	12.3
744.807	11.7
745.170	11.3
745.532	10.0
745.895	11.7
746.257	12.0
746.620	12.3
746.982	11.7
747.345	12.0
747.708	13.0
748.070	12.3
748.433	13.0
748.796	11.7
749.158	12.0
749.521	11.7
749.884	12.0
750.246	12.0
750.609	11.0
750.972	10.7
751.335	9.7
751.697	9.0
752.060	8.0
752.423	7.3
752.786	8.3
753.149	9.3
753.512	9.7
753.875	9.7
754.237	10.3
754.600	11.3
754.963	10.7
755.326	10.3
755.689	8.0
756.052	7.3
756.415	6.7
756.778	7.0
757.141	8.0
757.504	6.7
757.868	8.0
758.231	7.3
758.594	8.0
758.957	8.3
759.320	10.3
759.683	10.0
760.046	8.7
760.410	7.3
760.773	8.0
761.136	8.0
761.499	6.3
761.863	5.7
762.226	5.7
762.589	6.3
762.953	5.7
763.316	6.3
763.679	5.7
764.043	4.3
764.406	4.0
764.769	6.0
765.133	8.0
765.496	7.3
765.860	5.3
766.223	5.3
766.587	5.7
766.950	5.3
767.314	4.0
767.677	3.7
768.041	4.3
768.405	5.7
768.768	6.3
769.132	6.3
769.495	7.7
769.859	7.3
770.223	7.0
770.586	4.7
770.950	5.3
771.314	5.0
771.678	5.7
772.041	4.3
772.405	5.3
772.769	4.3
773.133	5.0
773.496	4.3
773.860	5.3
774.224	6.3
774.588	6.3
774.952	7.3
775.316	7.0
775.680	6.0
776.044	4.0
776.408	2.3
776.772	4.0
777.136	4.3
777.500	4.7
777.864	4.3
778.228	5.3
778.592	4.7
778.956	3.7
779.320	2.7
779.684	3.0
780.048	4.3
780.412	4.0
780.776	4.0
781.140	3.7
781.505	5.0
781.869	5.3
782.233	6.0
782.597	4.7
782.961	4.3
783.326	4.0
783.690	3.7
784.054	3.3
784.419	2.3
784.783	3.3
785.147	4.7
785.512	4.3
785.876	4.0
786.240	2.7
786.605	4.7
786.969	5.3
787.334	5.7
787.698	3.3
788.063	2.0
788.427	2.0
788.792	2.7
789.156	3.3
789.521	3.7
789.885	4.0
790.250	2.3
790.614	2.0
790.979	1.3
791.344	2.0
791.708	1.3
792.073	0.3
792.438	0.7
792.802	1.7
793.167	2.7
793.532	3.3
793.896	2.3
794.261	2.7
794.626	2.0
794.991	2.0
795.355	0.7
795.720	-1.7
796.085	0.0
796.450	1.0
796.815	4.3
797.180	2.3
797.545	2.0
797.909	1.0
798.274	2.3
798.639	1.7
799.004	1.3
799.369	0.7
799.734	1.7
800.099	2.7
800.464	2.7
800.829	1.7
801.194	1.3
801.559	1.0
801.924	2.0
802.289	2.0
802.655	3.3
803.020	3.7
803.385	3.7
803.750	2.3
804.115	1.0
804.480	1.0
804.846	0.7
805.211	0.7
805.576	0.7
805.941	2.3
806.306	2.7
806.672	2.3
807.037	1.0
807.402	3.3
807.768	3.7
808.133	4.7
808.498	3.0
808.864	2.3
809.229	2.0
809.594	0.7
809.960	0.7
810.325	0.0
810.691	1.3
811.056	3.3
811.422	4.0
811.787	3.7
812.153	1.7
812.518	1.7
812.884	1.7
813.249	2.7
813.615	2.0
813.980	2.3
814.346	1.3
814.712	1.0
815.077	1.0
815.443	0.7
815.809	2.0
816.174	3.0
816.540	4.3
816.906	3.3
817.271	2.0
817.637	0.7
818.003	1.0
818.369	0.0
818.734	0.0
819.100	-1.3
819.466	-1.3
819.832	-0.7
820.198	0.0
820.563	1.3
820.929	0.7
821.295	1.0
821.661	0.7
822.027	0.7
822.393	1.0
822.759	1.3
823.125	1.7
823.491	0.3
823.857	0.7
824.223	0.7
824.589	2.3
824.955	2.0
825.321	1.7
825.687	1.3
826.053	0.0
826.419	1.3
826.785	0.7
827.151	1.3
827.517	1.0
827.883	1.7
828.250	2.3
828.616	2.3
828.982	1.7
829.348	1.0
829.714	0.3
830.081	0.3
830.447	0.7
830.813	0.3
831.179	1.3
831.546	1.3
831.912	3.0
832.278	3.3
832.645	3.0
833.011	3.0
833.377	1.7
833.744	2.0
834.110	0.7
834.476	1.3
834.843	0.7
835.209	0.0
835.576	-0.3
835.942	2.3
836.309	4.3
836.675	4.0
837.042	1.7
837.408	1.3
837.775	0.7
838.141	0.7
838.508	-0.3
838.874	-0.3
839.241	0.7
839.608	2.0
839.974	4.0
840.341	4.0
840.707	3.7
841.074	2.7
841.441	1.7
841.808	1.0
842.174	0.3
842.541	-0.3
842.908	-1.0
843.274	1.0
843.641	0.3
844.008	0.0
844.375	-0.7
844.741	1.0
845.108	2.3
845.475	2.0
845.842	1.3
846.209	0.0
846.576	0.0
846.943	-1.0
847.309	-1.7
847.676	-2.7
848.043	-1.7
848.410	0.0
848.777	1.0
849.144	1.3
849.511	1.7
849.878	2.0
850.245	2.3
850.612	2.3
850.979	2.3
851.346	2.0
851.713	1.0
852.080	0.3
852.447	0.0
852.814	0.3
853.182	-0.3
853.549	-0.7
853.916	-1.7
854.283	-2.0
854.650	-1.3
855.017	-0.3
855.385	0.7
855.752	0.7
856.119	1.7
856.486	2.7
856.853	2.7
857.221	2.0
857.588	0.3
857.955	0.3
858.323	-0.3
858.690	-0.7
859.057	-0.3
859.425	0.0
859.792	2.0
860.159	0.3
860.527	1.0
860.894	0.3
861.261	2.0
861.629	2.0
861.996	1.3
862.364	2.0
862.731	1.0
863.099	1.3
863.466	-0.7
863.834	-2.0
864.201	-2.7
864.569	-2.3
864.936	-1.3
865.304	-2.0
865.671	-1.0
866.039	-0.7
866.407	0.3
866.774	0.3
867.142	1.0
867.509	2.0
867.877	1.3
868.245	0.3
868.612	-1.0
868.980	-1.0
869.348	-0.3
869.715	0.0
870.083	-0.7
870.451	-1.0
870.819	-0.7
871.186	0.7
871.554	2.0
871.922	2.3
872.290	2.7
872.658	1.0
873.025	1.0
873.393	0.0
873.761	0.0
874.129	-1.0
874.497	-1.7
874.865	-2.7
875.233	-2.7
875.601	-1.0
875.969	1.3
876.336	3.0
876.704	2.7
877.072	3.3
877.440	2.7
877.808	3.7
878.176	2.7
878.544	2.3
878.912	1.3
879.280	2.0
879.648	2.0
880.017	0.7
880.385	-0.3
880.753	-0.7
881.121	0.7
881.489	0.3
881.857	1.3
882.225	1.3
882.593	1.3
882.962	1.3
883.330	1.0
883.698	2.0
884.066	0.0
884.434	-0.3
884.803	-1.7
885.171	-0.3
885.539	0.3
885.907	1.0
886.276	1.7
886.644	1.7
887.012	1.7
887.380	-0.3
887.749	0.7
888.117	1.0
888.485	2.0
888.854	0.7
889.222	-0.3
889.591	-0.3
889.959	-0.7
890.327	0.7
890.696	1.0
891.064	1.3
891.433	0.0
891.801	-1.0
892.170	-2.0
892.538	-2.7
892.907	-2.7
893.275	-2.0
893.644	-0.7
894.012	0.7
894.381	0.7
894.749	0.3
895.118	-0.7
895.486	-0.3
895.855	0.3
896.224	0.0
896.592	-0.7
896.961	-1.3
897.329	-0.3
897.698	0.3
898.067	0.0
898.435	-0.3
898.804	0.0
899.173	0.7
899.542	0.3
899.910	0.3
900.279	-0.3
900.648	0.0
901.017	0.0
901.385	1.0
901.754	1.0
902.123	1.0
902.492	-0.3
902.860	-0.3
903.229	-0.7
903.598	0.7
903.967	-0.3
904.336	-1.3
904.705	-2.0
905.074	-1.0
905.443	-0.7
905.811	0.0
906.180	0.7
906.549	1.7
906.918	1.3
907.287	0.7
907.656	-1.0
908.025	-2.0
908.394	-3.0
908.763	-2.3
909.132	-1.0
909.501	-0.3
909.870	0.7
910.239	0.7
910.608	1.7
910.977	1.0
911.346	1.0
911.716	0.7
912.085	0.7
912.454	0.3
912.823	-1.3
913.192	-1.7
913.561	-1.3
913.930	-0.7
914.299	0.3
914.669	0.3
915.038	1.3
915.407	1.3
915.776	2.0
916.146	3.0
916.515	3.7
916.884	2.7
917.253	0.7
917.623	-2.0
917.992	-2.7
918.361	-3.0
918.730	-2.3
919.100	-2.0
919.469	0.0
919.838	1.0
920.208	-0.3
920.577	-1.0
920.946	-1.3
921.316	1.3
921.685	2.0
922.055	2.7
922.424	0.3
922.793	-1.0
923.163	-2.3
923.532	-1.0
923.902	-0.3
924.271	-0.3
924.641	0.7
925.010	-0.3
925.380	1.0
925.749	0.0
926.119	1.3
926.488	1.3
926.858	1.3
927.227	1.0
927.597	1.3
927.967	0.3
928.336	0.3
928.706	-1.3
929.075	-1.3
929.445	-1.0
929.815	-1.3
930.184	0.0
930.554	-0.7
930.924	1.3
931.293	0.7
931.663	0.7
932.033	-0.3
932.402	-0.3
932.772	-0.3
933.142	-0.7
933.511	-0.7
933.881	0.0
934.251	0.3
934.621	-0.3
934.991	-0.7
935.360	-0.3
935.730	1.0
936.100	2.0
936.470	2.0
936.840	1.0
937.209	0.3
937.579	0.3
937.949	1.3
938.319	1.0
938.689	1.3
939.059	0.3
939.429	-0.3
939.799	-1.0
940.168	0.0
940.538	0.3
940.908	0.0
941.278	-1.3
941.648	-1.7
942.018	-1.0
942.388	-0.3
942.758	0.7
943.128	0.0
943.498	1.3
943.868	1.3
944.238	2.0
944.608	1.7
944.978	1.0
945.348	0.7
945.718	0.0
946.089	-0.3
946.459	0.0
946.829	0.0
947.199	0.0
947.569	-0.3
947.939	-0.7
948.309	-0.7
948.679	0.0
949.050	0.0
949.420	0.3
949.790	-1.0
950.160	-0.7
950.530	-0.7
950.901	0.0
951.271	0.0
951.641	0.3
952.011	1.3
952.382	0.7
952.752	0.7
953.122	-0.7
953.492	0.0
953.863	-0.7
954.233	0.7
954.603	0.3
954.974	1.3
955.344	0.3
955.714	0.7
956.085	-1.0
956.455	-0.3
956.825	-1.3
957.196	0.7
957.566	0.3
957.936	1.3
958.307	1.3
958.677	2.7
959.048	4.3
959.418	3.7
959.789	3.0
960.159	-0.3
960.529	0.0
960.900	-0.7
961.270	-0.7
961.641	-0.7
962.011	-2.0
962.382	0.3
962.752	1.0
963.123	3.3
963.494	3.3
963.864	3.0
964.235	3.0
964.605	0.7
964.976	0.3
965.346	0.0
965.717	0.7
966.088	0.0
966.458	-1.0
966.829	-1.0
967.199	-0.7
967.570	0.3
967.941	1.3
968.311	1.7
968.682	2.0
969.053	2.0
969.423	2.7
969.794	2.7
970.165	3.0
970.535	3.3
970.906	3.0
971.277	3.7
971.648	2.0
972.018	1.7
972.389	-1.3
972.760	-1.7
973.131	-1.7
973.502	-1.0
973.872	0.3
974.243	1.3
974.614	3.7
974.985	4.3
975.356	4.0
975.726	4.0
976.097	4.0
976.468	4.0
976.839	2.3
977.210	1.0
977.581	0.0
977.952	0.7
978.323	1.0
978.693	1.7
979.064	1.7
979.435	2.0
979.806	1.7
980.177	1.3
980.548	1.7
980.919	1.7
981.290	2.7
981.661	2.0
982.032	3.0
982.403	2.0
982.774	2.3
983.145	1.0
983.516	1.3
983.887	-0.7
984.258	-1.3
984.629	-2.0
985.000	0.3
985.371	1.3
985.742	2.3
986.113	3.0
986.484	4.0
986.856	5.0
987.227	5.3
987.598	4.3
987.969	2.3
988.340	0.3
988.711	1.3
989.082	2.0
989.454	1.7
989.825	0.7
990.196	1.3
990.567	3.3
990.938	3.7
991.309	3.0
991.681	2.0
992.052	1.7
992.423	1.0
992.794	0.7
993.166	0.3
993.537	1.0
993.908	0.7
994.279	-0.3
994.651	-1.0
995.022	-2.3
995.393	-0.3
995.764	1.0
996.136	3.0
996.507	2.0
996.878	1.7
997.250	2.0
997.621	2.7
997.992	2.0
998.364	1.3
998.735	0.3
999.106	1.3
999.478	-0.3
999.849	-0.7
1000.221	-1.3
1000.592	1.0
1000.963	1.0
1001.335	0.3
1001.706	1.3
1002.078	2.3
1002.449	2.3
1002.821	0.7
1003.192	-0.3
1003.564	0.0
1003.935	0.0
1004.306	-0.7
1004.678	-1.3
1005.049	-2.3
1005.421	-1.3
1005.792	-1.0
1006.164	0.7
1006.535	1.0
1006.907	2.0
1007.279	2.7
1007.650	3.7
1008.022	4.3
1008.393	4.0
1008.765	3.0
1009.136	2.7
1009.508	2.0
1009.880	2.0
1010.251	1.0
1010.623	1.7
1010.994	1.0
1011.366	1.0
1011.738	0.0
1012.109	2.0
1012.481	2.3
1012.853	3.0
1013.224	1.7
1013.596	1.3
1013.968	2.3
1014.339	2.7
1014.711	2.0
1015.083	1.0
1015.454	1.3
1015.826	1.3
1016.198	1.3
1016.570	1.0
1016.941	2.0
1017.313	2.0
1017.685	1.3
1018.057	0.3
1018.428	0.7
1018.800	1.3
1019.172	1.7
1019.544	2.3
1019.915	1.7
1020.287	2.7
1020.659	2.3
1021.031	3.0
1021.403	2.0
1021.775	2.7
1022.146	4.0
1022.518	3.7
1022.890	2.0
1023.262	0.7
1023.634	1.3
1024.006	0.0
1024.378	-0.3
1024.749	0.7
1025.121	3.7
1025.493	5.3
1025.865	6.0
1026.237	5.3
1026.609	5.0
1026.981	3.7
1027.353	4.3
1027.725	4.0
1028.097	5.3
1028.469	4.3
1028.841	4.0
1029.213	4.0
1029.585	6.0
1029.957	7.0
1030.329	8.3
1030.701	7.7
1031.073	8.0
1031.445	7.0
1031.817	6.7
1032.189	4.7
1032.561	4.7
1032.933	4.3
1033.305	5.0
1033.677	4.7
1034.049	5.3
1034.421	7.3
1034.793	9.3
1035.165	9.7
1035.537	9.0
1035.909	8.7
1036.281	8.7
1036.653	10.0
1037.025	9.7
1037.398	10.3
1037.770	8.7
1038.142	8.3
1038.514	8.3
1038.886	9.0
1039.258	9.3
1039.630	9.3
1040.003	10.0
1040.375	10.0
1040.747	9.7
1041.119	10.3
1041.491	10.0
1041.863	11.7
1042.236	12.0
1042.608	12.0
1042.980	10.0
1043.352	9.0
1043.725	9.7
1044.097	10.3
1044.469	10.7
1044.841	11.3
1045.213	12.0
1045.586	11.3
1045.958	11.0
1046.330	11.7
1046.703	12.3
1047.075	12.7
1047.447	11.7
1047.819	11.3
1048.192	11.3
1048.564	10.7
1048.936	10.7
1049.309	9.3
1049.681	10.3
1050.053	11.0
1050.426	12.0
1050.798	11.3
1051.170	10.0
1051.543	11.0
1051.915	10.7
1052.287	11.7
1052.660	11.3
1053.032	10.7
1053.405	10.0
1053.777	8.0
1054.149	9.0
1054.522	9.0
1054.894	10.3
1055.267	12.0
1055.639	13.3
1056.011	12.7
1056.384	11.3
1056.756	10.0
1057.129	9.0
1057.501	8.7
1057.874	10.0
1058.246	12.7
1058.618	13.0
1058.991	12.0
1059.363	11.3
1059.736	10.7
1060.108	10.3
1060.481	8.3
1060.853	9.3
1061.226	9.7
1061.598	10.7
1061.971	9.7
1062.343	11.3
1062.716	11.3
1063.088	13.3
1063.461	12.3
1063.834	12.3
1064.206	12.3
