0.000
0.000
0.000
0.000
0.000
0.000
0.000
0.000
0.000
0.000
0.000
0.000
0.000
0.000
0.000
0.000
0.000
0.000
0.000
0.000
0.000
0.000
0.000
0.000
0.000
1.000
2.000
1.000
0.000
3.000
1.000
3.000
3.000
1.000
4.000
3.000
1.000
3.000
1.000
3.000
2.000
1.000
1.000
0.000
0.000
1.000
1.000
1.000
0.000
1.000
1.000
2.000
2.000
2.000
3.000
2.000
3.000
4.000
3.000
0.000
2.000
1.000
3.000
2.000
3.000
2.000
0.000
1.000
2.000
1.000
0.000
3.000
2.000
3.000
0.000
0.000
2.000
1.000
1.000
1.000
4.000
1.000
0.000
2.000
1.000
5.000
1.000
0.000
1.000
0.000
0.000
3.000
1.000
2.000
1.000
0.000
1.000
1.000
3.000
2.000
0.000
1.000
2.000
0.000
1.000
3.000
1.000
0.000
2.000
0.000
1.000
3.000
1.000
0.000
2.000
1.000
3.000
1.000
3.000
1.000
1.000
0.000
2.000
3.000
3.000
2.000
0.000
3.000
0.000
3.000
2.000
0.000
2.000
1.000
1.000
1.000
1.000
0.000
3.000
2.000
0.000
0.000
2.000
0.000
7.000
2.000
3.000
6.000
3.000
1.000
2.000
2.000
2.000
2.000
0.000
0.000
1.000
2.000
0.000
1.000
3.000
4.000
2.000
2.000
2.000
0.000
1.000
2.000
1.000
1.000
1.000
0.000
2.000
5.000
3.000
0.000
1.000
1.000
2.000
4.000
4.000
1.000
5.000
4.000
6.000
2.000
2.000
2.000
3.000
0.000
0.000
2.000
4.000
1.000
2.000
1.000
2.000
2.000
6.000
2.000
2.000
3.000
6.000
1.000
1.000
2.000
2.000
1.000
3.000
1.000
1.000
1.000
0.000
0.000
1.000
2.000
2.000
2.000
1.000
4.000
3.000
3.000
5.000
0.000
2.000
3.000
2.000
3.000
1.000
3.000
5.000
2.000
2.000
1.000
3.000
4.000
1.000
3.000
2.000
3.000
1.000
3.000
4.000
5.000
2.000
1.000
4.000
4.000
2.000
4.000
2.000
4.000
7.000
5.000
0.000
3.000
2.000
1.000
5.000
1.000
5.000
4.000
5.000
4.000
6.000
4.000
3.000
1.000
1.000
7.000
3.000
4.000
3.000
5.000
6.000
2.000
2.000
2.000
3.000
1.000
2.000
3.000
2.000
2.000
5.000
4.000
4.000
5.000
4.000
9.000
3.000
5.000
2.000
1.000
2.000
3.000
4.000
3.000
2.000
1.000
5.000
10.000
5.000
1.000
5.000
3.000
5.000
3.000
4.000
7.000
3.000
5.000
4.000
2.000
3.000
3.000
3.000
5.000
5.000
9.000
5.000
2.000
7.000
6.000
5.000
4.000
8.000
6.000
3.000
3.000
6.000
2.000
2.000
3.000
7.000
4.000
3.000
1.000
2.000
2.000
7.000
3.000
10.000
5.000
5.000
4.000
6.000
2.000
4.000
6.000
3.000
8.000
3.000
6.000
10.000
7.000
5.000
7.000
5.000
2.000
1.000
4.000
5.000
5.000
7.000
6.000
3.000
7.000
3.000
4.000
2.000
6.000
6.000
2.000
8.000
1.000
10.000
4.000
4.000
5.000
5.000
1.000
2.000
5.000
1.000
1.000
3.000
4.000
2.000
2.000
6.000
5.000
6.000
4.000
3.000
2.000
6.000
6.000
4.000
4.000
4.000
8.000
2.000
7.000
3.000
5.000
3.000
8.000
3.000
1.000
3.000
7.000
3.000
3.000
3.000
4.000
11.000
8.000
3.000
1.000
2.000
1.000
4.000
4.000
5.000
4.000
4.000
1.000
2.000
5.000
6.000
2.000
5.000
5.000
2.000
2.000
7.000
3.000
8.000
5.000
2.000
2.000
4.000
7.000
4.000
3.000
5.000
3.000
4.000
6.000
2.000
6.000
2.000
2.000
4.000
4.000
3.000
2.000
4.000
1.000
2.000
2.000
0.000
2.000
4.000
2.000
2.000
2.000
4.000
4.000
2.000
2.000
6.000
3.000
1.000
1.000
9.000
6.000
5.000
8.000
2.000
1.000
4.000
5.000
2.000
2.000
7.000
5.000
6.000
1.000
2.000
2.000
3.000
2.000
3.000
1.000
6.000
2.000
1.000
1.000
8.000
0.000
4.000
2.000
2.000
2.000
7.000
5.000
5.000
1.000
6.000
5.000
5.000
4.000
2.000
4.000
4.000
2.000
2.000
4.000
4.000
5.000
3.000
0.000
4.000
2.000
3.000
5.000
1.000
1.000
5.000
3.000
2.000
5.000
4.000
3.000
4.000
2.000
4.000
3.000
2.000
5.000
5.000
3.000
6.000
3.000
2.000
5.000
3.000
4.000
2.000
4.000
3.000
5.000
0.000
5.000
10.000
2.000
4.000
5.000
8.000
7.000
4.000
3.000
3.000
2.000
1.000
3.000
1.000
6.000
5.000
2.000
6.000
2.000
5.000
4.000
4.000
6.000
5.000
4.000
6.000
4.000
8.000
5.000
2.000
3.000
5.000
2.000
5.000
0.000
7.000
4.000
9.000
10.000
2.000
4.000
6.000
1.000
6.000
5.000
3.000
3.000
2.000
7.000
2.000
2.000
3.000
6.000
7.000
9.000
6.000
4.000
8.000
13.000
6.000
8.000
6.000
3.000
6.000
6.000
6.000
9.000
11.000
6.000
6.000
5.000
3.000
7.000
14.000
7.000
5.000
10.000
8.000
9.000
11.000
12.000
4.000
13.000
6.000
6.000
5.000
8.000
8.000
13.000
11.000
7.000
14.000
7.000
6.000
10.000
9.000
6.000
7.000
11.000
12.000
9.000
6.000
8.000
8.000
8.000
12.000
10.000
12.000
5.000
13.000
8.000
8.000
14.000
6.000
6.000
7.000
10.000
8.000
22.000
13.000
10.000
14.000
12.000
13.000
8.000
9.000
6.000
9.000
15.000
10.000
11.000
10.000
12.000
15.000
12.000
9.000
12.000
10.000
16.000
10.000
13.000
13.000
10.000
7.000
9.000
18.000
10.000
10.000
13.000
14.000
10.000
17.000
15.000
14.000
15.000
15.000
13.000
14.000
14.000
15.000
9.000
16.000
17.000
26.000
18.000
18.000
19.000
15.000
18.000
11.000
9.000
21.000
20.000
21.000
17.000
15.000
21.000
18.000
23.000
20.000
15.000
21.000
22.000
26.000
16.000
15.000
28.000
28.000
27.000
20.000
20.000
19.000
24.000
28.000
33.000
17.000
20.000
29.000
27.000
27.000
24.000
31.000
30.000
24.000
30.000
29.000
24.000
31.000
32.000
27.000
22.000
23.000
33.000
24.000
41.000
28.000
38.000
35.000
31.000
30.000
41.000
27.000
32.000
30.000
42.000
51.000
43.000
50.000
43.000
38.000
33.000
49.000
45.000
44.000
45.000
51.000
58.000
55.000
49.000
56.000
57.000
52.000
85.000
71.000
70.000
66.000
65.000
76.000
58.000
78.000
89.000
91.000
83.000
105.000
80.000
109.000
89.000
108.000
113.000
127.000
107.000
105.000
131.000
136.000
140.000
148.000
182.000
183.000
171.000
187.000
183.000
194.000
230.000
268.000
292.000
337.000
303.000
356.000
423.000
478.000
523.000
686.000
672.000
748.000
597.000
467.000
199.000
58.000
14.000
2.000
0.000
0.000
0.000
0.000
0.000
0.000
0.000
0.000
0.000
0.000
0.000
0.000
0.000
0.000
0.000
0.000
0.000
0.000
0.000
0.000
0.000
0.000
0.000
0.000
0.000
0.000
0.000
0.000
0.000
0.000
0.000
0.000
0.000
0.000
0.000
0.000
0.000
0.000
0.000
0.000
0.000
0.000
0.000
0.000
0.000
0.000
0.000
0.000
0.000
0.000
0.000
0.000
0.000
0.000
0.000
0.000
0.000
0.000
0.000
0.000
0.000
0.000
0.000
0.000
0.000
0.000
0.000
0.000
0.000
0.000
0.000
0.000
0.000
0.000
0.000
0.000
0.000
0.000
0.000
0.000
0.000
0.000
0.000
0.000
0.000
0.000
0.000
0.000
0.000
0.000
0.000
0.000
0.000
0.000
0.000
0.000
0.000
0.000
0.000
0.000
0.000
0.000
0.000
0.000
0.000
0.000
0.000
0.000
0.000
0.000
0.000
0.000
0.000
0.000
0.000
0.000
0.000
0.000
0.000
0.000
0.000
0.000
0.000
0.000
0.000
0.000
0.000
0.000
0.000
0.000
0.000
0.000
0.000
0.000
0.000
0.000
0.000
0.000
0.000
0.000
0.000
0.000
0.000
0.000
0.000
0.000
0.000
0.000
0.000
0.000
0.000
0.000
0.000
0.000
0.000
0.000
0.000
0.000
0.000
0.000
0.000
0.000
0.000
0.000
0.000
0.000
0.000
0.000
0.000
0.000
0.000
0.000
0.000
0.000
0.000
0.000
0.000
0.000
0.000
