0.000
0.000
0.000
0.000
0.000
0.000
0.000
0.000
0.000
0.000
0.000
0.000
0.000
0.000
0.000
0.000
0.000
0.000
0.000
0.000
0.000
0.000
0.000
0.000
0.000
3.000
4.000
1.000
3.000
3.000
1.000
5.000
1.000
7.000
6.000
2.000
0.000
3.000
3.000
0.000
3.000
4.000
3.000
2.000
2.000
3.000
2.000
3.000
1.000
3.000
3.000
3.000
5.000
3.000
3.000
6.000
3.000
2.000
3.000
2.000
2.000
2.000
4.000
1.000
2.000
1.000
2.000
1.000
3.000
3.000
3.000
0.000
4.000
2.000
5.000
6.000
2.000
1.000
9.000
0.000
2.000
1.000
3.000
2.000
2.000
2.000
5.000
3.000
2.000
4.000
3.000
3.000
0.000
4.000
2.000
4.000
2.000
5.000
1.000
2.000
3.000
1.000
2.000
1.000
3.000
2.000
4.000
4.000
3.000
0.000
6.000
4.000
3.000
4.000
1.000
3.000
2.000
3.000
4.000
3.000
3.000
4.000
2.000
2.000
2.000
5.000
6.000
5.000
5.000
4.000
3.000
3.000
2.000
2.000
3.000
1.000
2.000
4.000
2.000
1.000
2.000
6.000
3.000
3.000
5.000
4.000
6.000
9.000
3.000
6.000
6.000
3.000
1.000
5.000
1.000
3.000
0.000
4.000
4.000
5.000
3.000
6.000
4.000
4.000
4.000
2.000
2.000
3.000
2.000
3.000
5.000
8.000
4.000
3.000
5.000
4.000
1.000
7.000
3.000
6.000
7.000
2.000
6.000
6.000
4.000
3.000
3.000
2.000
7.000
1.000
6.000
3.000
2.000
3.000
8.000
4.000
2.000
3.000
5.000
3.000
8.000
2.000
1.000
5.000
7.000
6.000
3.000
2.000
2.000
2.000
4.000
5.000
4.000
4.000
4.000
9.000
4.000
5.000
3.000
4.000
3.000
8.000
4.000
5.000
6.000
8.000
2.000
3.000
3.000
12.000
3.000
3.000
3.000
4.000
5.000
1.000
4.000
5.000
8.000
5.000
5.000
4.000
6.000
10.000
4.000
12.000
10.000
6.000
3.000
5.000
5.000
3.000
6.000
11.000
8.000
4.000
8.000
8.000
10.000
2.000
6.000
9.000
7.000
7.000
7.000
6.000
6.000
11.000
5.000
5.000
5.000
7.000
3.000
8.000
6.000
5.000
9.000
8.000
8.000
7.000
8.000
8.000
8.000
8.000
6.000
10.000
4.000
3.000
8.000
10.000
10.000
9.000
7.000
10.000
8.000
7.000
11.000
6.000
5.000
4.000
7.000
8.000
10.000
9.000
10.000
8.000
8.000
5.000
9.000
11.000
9.000
11.000
10.000
6.000
7.000
12.000
11.000
10.000
7.000
10.000
7.000
8.000
6.000
12.000
7.000
11.000
9.000
4.000
13.000
9.000
4.000
9.000
4.000
11.000
10.000
9.000
15.000
13.000
15.000
16.000
8.000
7.000
13.000
9.000
8.000
10.000
6.000
8.000
12.000
11.000
4.000
17.000
12.000
16.000
8.000
13.000
14.000
7.000
10.000
13.000
9.000
6.000
16.000
17.000
11.000
12.000
12.000
6.000
21.000
10.000
11.000
8.000
13.000
16.000
10.000
15.000
14.000
21.000
14.000
20.000
16.000
22.000
17.000
16.000
17.000
14.000
15.000
12.000
10.000
14.000
17.000
16.000
10.000
12.000
19.000
13.000
12.000
9.000
12.000
17.000
20.000
10.000
13.000
25.000
26.000
17.000
25.000
12.000
16.000
21.000
24.000
16.000
17.000
17.000
11.000
22.000
23.000
22.000
25.000
20.000
27.000
21.000
19.000
12.000
21.000
23.000
22.000
18.000
24.000
28.000
11.000
30.000
23.000
24.000
21.000
30.000
23.000
33.000
27.000
27.000
25.000
26.000
26.000
28.000
28.000
25.000
33.000
28.000
32.000
34.000
24.000
31.000
25.000
38.000
36.000
32.000
38.000
20.000
21.000
29.000
25.000
30.000
44.000
23.000
34.000
33.000
46.000
37.000
36.000
35.000
42.000
37.000
41.000
31.000
45.000
49.000
47.000
53.000
49.000
52.000
49.000
44.000
48.000
46.000
43.000
59.000
72.000
59.000
46.000
64.000
57.000
52.000
48.000
80.000
65.000
68.000
64.000
62.000
73.000
66.000
74.000
83.000
93.000
74.000
82.000
75.000
59.000
90.000
64.000
94.000
101.000
116.000
107.000
100.000
143.000
108.000
142.000
128.000
112.000
151.000
146.000
119.000
172.000
151.000
153.000
203.000
224.000
186.000
214.000
251.000
262.000
250.000
247.000
246.000
267.000
293.000
281.000
298.000
340.000
276.000
293.000
341.000
333.000
330.000
312.000
316.000
309.000
288.000
283.000
228.000
240.000
229.000
208.000
161.000
174.000
147.000
121.000
113.000
95.000
79.000
79.000
46.000
53.000
29.000
32.000
22.000
23.000
10.000
8.000
9.000
4.000
7.000
4.000
1.000
0.000
0.000
1.000
0.000
1.000
0.000
0.000
0.000
0.000
0.000
0.000
0.000
0.000
0.000
0.000
0.000
0.000
0.000
0.000
0.000
0.000
0.000
0.000
0.000
0.000
0.000
0.000
0.000
0.000
0.000
0.000
0.000
0.000
0.000
0.000
0.000
0.000
0.000
0.000
0.000
0.000
0.000
0.000
0.000
0.000
0.000
0.000
0.000
0.000
0.000
0.000
0.000
0.000
0.000
0.000
0.000
0.000
0.000
0.000
0.000
0.000
0.000
0.000
0.000
0.000
0.000
0.000
0.000
0.000
0.000
0.000
0.000
0.000
0.000
0.000
0.000
0.000
0.000
0.000
0.000
0.000
0.000
0.000
0.000
0.000
0.000
0.000
0.000
0.000
0.000
0.000
0.000
0.000
0.000
0.000
0.000
0.000
0.000
0.000
0.000
0.000
0.000
0.000
0.000
0.000
0.000
0.000
0.000
0.000
0.000
0.000
0.000
0.000
0.000
0.000
0.000
0.000
0.000
0.000
0.000
0.000
0.000
0.000
0.000
0.000
0.000
0.000
0.000
0.000
0.000
0.000
0.000
0.000
0.000
0.000
0.000
0.000
0.000
0.000
0.000
0.000
0.000
0.000
0.000
0.000
0.000
0.000
0.000
0.000
0.000
0.000
0.000
0.000
0.000
0.000
0.000
0.000
0.000
0.000
0.000
0.000
0.000
0.000
0.000
0.000
0.000
0.000
0.000
0.000
0.000
0.000
0.000
0.000
0.000
0.000
0.000
0.000
0.000
0.000
0.000
0.000
0.000
0.000
0.000
0.000
0.000
0.000
0.000
0.000
0.000
0.000
0.000
0.000
0.000
0.000
0.000
0.000
0.000
0.000
0.000
0.000
0.000
0.000
0.000
0.000
0.000
0.000
0.000
0.000
0.000
0.000
0.000
0.000
0.000
0.000
0.000
0.000
0.000
0.000
0.000
0.000
0.000
0.000
0.000
0.000
0.000
0.000
0.000
0.000
0.000
0.000
0.000
0.000
0.000
0.000
0.000
0.000
0.000
0.000
0.000
0.000
0.000
0.000
0.000
0.000
0.000
0.000
0.000
0.000
0.000
0.000
0.000
0.000
0.000
0.000
0.000
0.000
0.000
0.000
0.000
0.000
0.000
0.000
0.000
0.000
0.000
0.000
0.000
0.000
0.000
0.000
0.000
0.000
0.000
0.000
0.000
0.000
0.000
0.000
0.000
0.000
0.000
0.000
0.000
0.000
0.000
0.000
0.000
0.000
0.000
0.000
0.000
0.000
0.000
0.000
0.000
0.000
0.000
0.000
0.000
0.000
0.000
0.000
0.000
0.000
0.000
0.000
0.000
0.000
0.000
0.000
0.000
0.000
0.000
0.000
0.000
0.000
0.000
0.000
0.000
0.000
0.000
0.000
0.000
0.000
0.000
0.000
0.000
0.000
0.000
0.000
0.000
0.000
0.000
0.000
0.000
0.000
0.000
0.000
0.000
0.000
0.000
0.000
0.000
0.000
0.000
0.000
0.000
0.000
0.000
0.000
0.000
0.000
0.000
0.000
0.000
0.000
0.000
0.000
0.000
0.000
0.000
0.000
0.000
0.000
0.000
0.000
0.000
0.000
0.000
0.000
0.000
0.000
0.000
0.000
0.000
0.000
0.000
0.000
0.000
0.000
0.000
0.000
0.000
0.000
0.000
0.000
0.000
0.000
0.000
0.000
0.000
0.000
0.000
0.000
0.000
0.000
0.000
0.000
0.000
0.000
0.000
0.000
0.000
0.000
0.000
0.000
0.000
0.000
0.000
0.000
0.000
0.000
0.000
0.000
0.000
0.000
0.000
0.000
0.000
0.000
0.000
0.000
0.000
0.000
0.000
0.000
0.000
0.000
0.000
0.000
0.000
0.000
0.000
0.000
0.000
0.000
0.000
0.000
0.000
0.000
0.000
0.000
0.000
0.000
0.000
0.000
0.000
0.000
0.000
