0.000
0.000
0.000
0.000
0.000
0.000
0.000
0.000
0.000
0.000
0.000
0.000
0.000
0.000
0.000
0.000
0.000
0.000
0.000
0.000
0.000
0.000
0.000
0.000
0.000
3.000
2.000
3.000
3.000
6.000
5.000
4.000
1.000
10.000
1.000
2.000
2.000
2.000
2.000
3.000
1.000
2.000
2.000
1.000
1.000
0.000
4.000
2.000
5.000
3.000
1.000
2.000
5.000
1.000
1.000
2.000
2.000
4.000
2.000
2.000
2.000
5.000
1.000
0.000
1.000
1.000
0.000
0.000
1.000
2.000
3.000
2.000
1.000
2.000
2.000
3.000
1.000
2.000
0.000
2.000
2.000
1.000
1.000
1.000
1.000
4.000
1.000
2.000
2.000
0.000
3.000
0.000
1.000
1.000
2.000
2.000
3.000
2.000
4.000
5.000
2.000
1.000
2.000
0.000
3.000
0.000
2.000
2.000
2.000
2.000
1.000
2.000
1.000
0.000
1.000
2.000
3.000
4.000
3.000
1.000
0.000
2.000
0.000
1.000
1.000
2.000
1.000
3.000
2.000
3.000
2.000
3.000
4.000
2.000
1.000
3.000
4.000
1.000
2.000
2.000
3.000
1.000
1.000
1.000
3.000
5.000
2.000
1.000
2.000
2.000
3.000
6.000
1.000
5.000
3.000
1.000
1.000
1.000
3.000
2.000
1.000
5.000
2.000
2.000
2.000
2.000
3.000
0.000
0.000
0.000
2.000
1.000
3.000
4.000
0.000
2.000
2.000
1.000
1.000
1.000
1.000
4.000
1.000
2.000
4.000
2.000
4.000
4.000
1.000
5.000
4.000
4.000
3.000
0.000
1.000
3.000
0.000
3.000
2.000
1.000
1.000
5.000
1.000
4.000
2.000
0.000
4.000
3.000
3.000
3.000
5.000
1.000
3.000
5.000
1.000
5.000
1.000
5.000
1.000
0.000
3.000
4.000
4.000
2.000
1.000
3.000
6.000
0.000
3.000
2.000
0.000
2.000
3.000
2.000
0.000
2.000
3.000
3.000
4.000
2.000
2.000
7.000
3.000
3.000
5.000
1.000
0.000
4.000
6.000
3.000
4.000
6.000
3.000
2.000
4.000
5.000
3.000
1.000
1.000
1.000
3.000
7.000
4.000
3.000
2.000
4.000
6.000
6.000
3.000
2.000
8.000
2.000
3.000
1.000
3.000
4.000
4.000
1.000
3.000
3.000
3.000
4.000
0.000
5.000
4.000
4.000
2.000
1.000
2.000
0.000
4.000
7.000
6.000
3.000
4.000
5.000
3.000
6.000
2.000
3.000
6.000
1.000
5.000
7.000
3.000
3.000
8.000
4.000
1.000
4.000
2.000
2.000
5.000
3.000
4.000
7.000
6.000
7.000
1.000
6.000
6.000
2.000
5.000
1.000
5.000
5.000
8.000
4.000
3.000
3.000
5.000
3.000
9.000
3.000
2.000
3.000
4.000
10.000
5.000
2.000
13.000
4.000
5.000
5.000
4.000
1.000
4.000
1.000
4.000
8.000
8.000
3.000
7.000
5.000
9.000
6.000
10.000
6.000
4.000
3.000
4.000
6.000
3.000
4.000
6.000
7.000
8.000
7.000
5.000
4.000
6.000
8.000
7.000
7.000
5.000
3.000
4.000
6.000
3.000
6.000
9.000
3.000
3.000
9.000
7.000
4.000
8.000
8.000
9.000
5.000
3.000
4.000
6.000
6.000
9.000
8.000
6.000
8.000
4.000
6.000
9.000
9.000
2.000
3.000
4.000
4.000
7.000
5.000
1.000
9.000
10.000
10.000
10.000
9.000
7.000
5.000
4.000
4.000
6.000
4.000
6.000
5.000
7.000
7.000
10.000
11.000
6.000
4.000
7.000
10.000
4.000
6.000
3.000
6.000
4.000
9.000
4.000
15.000
5.000
5.000
3.000
10.000
3.000
6.000
8.000
5.000
7.000
8.000
5.000
6.000
7.000
8.000
5.000
6.000
8.000
11.000
3.000
6.000
7.000
4.000
4.000
6.000
4.000
2.000
9.000
3.000
3.000
4.000
4.000
3.000
10.000
3.000
6.000
4.000
1.000
5.000
5.000
8.000
6.000
14.000
6.000
5.000
11.000
2.000
4.000
8.000
5.000
5.000
4.000
4.000
8.000
3.000
3.000
6.000
6.000
7.000
4.000
4.000
4.000
4.000
5.000
4.000
1.000
4.000
9.000
6.000
1.000
4.000
5.000
3.000
4.000
5.000
6.000
4.000
7.000
5.000
3.000
8.000
5.000
4.000
4.000
7.000
3.000
6.000
5.000
3.000
4.000
1.000
5.000
5.000
8.000
7.000
3.000
1.000
5.000
5.000
4.000
7.000
7.000
4.000
2.000
3.000
2.000
5.000
10.000
6.000
3.000
2.000
4.000
6.000
5.000
3.000
9.000
8.000
6.000
3.000
10.000
4.000
4.000
1.000
5.000
4.000
9.000
4.000
7.000
6.000
4.000
8.000
8.000
6.000
4.000
5.000
2.000
7.000
5.000
2.000
7.000
7.000
8.000
5.000
3.000
5.000
9.000
1.000
9.000
3.000
7.000
8.000
1.000
6.000
3.000
6.000
8.000
7.000
8.000
7.000
9.000
9.000
4.000
3.000
7.000
7.000
7.000
9.000
11.000
11.000
9.000
3.000
5.000
4.000
7.000
7.000
6.000
6.000
6.000
4.000
11.000
6.000
3.000
5.000
6.000
4.000
10.000
8.000
5.000
5.000
10.000
10.000
3.000
9.000
5.000
8.000
4.000
7.000
6.000
10.000
7.000
7.000
9.000
6.000
5.000
12.000
7.000
9.000
14.000
9.000
8.000
11.000
10.000
4.000
13.000
11.000
10.000
2.000
9.000
6.000
7.000
4.000
14.000
9.000
10.000
14.000
12.000
16.000
9.000
9.000
9.000
11.000
6.000
12.000
16.000
10.000
12.000
9.000
9.000
10.000
13.000
12.000
11.000
13.000
13.000
10.000
10.000
14.000
4.000
8.000
14.000
6.000
13.000
10.000
8.000
15.000
16.000
11.000
23.000
18.000
14.000
16.000
12.000
10.000
15.000
15.000
17.000
16.000
21.000
15.000
14.000
17.000
13.000
8.000
15.000
12.000
20.000
13.000
25.000
12.000
14.000
17.000
11.000
19.000
16.000
19.000
8.000
20.000
14.000
12.000
19.000
14.000
7.000
8.000
17.000
19.000
18.000
30.000
20.000
16.000
12.000
20.000
23.000
23.000
24.000
12.000
20.000
18.000
21.000
16.000
21.000
27.000
9.000
32.000
19.000
16.000
26.000
29.000
24.000
16.000
22.000
21.000
21.000
29.000
31.000
26.000
24.000
29.000
22.000
23.000
23.000
24.000
37.000
22.000
22.000
20.000
22.000
19.000
39.000
25.000
21.000
26.000
30.000
34.000
24.000
32.000
35.000
32.000
37.000
30.000
32.000
42.000
32.000
43.000
49.000
34.000
36.000
35.000
32.000
39.000
35.000
46.000
49.000
36.000
29.000
41.000
51.000
50.000
56.000
43.000
51.000
54.000
42.000
58.000
45.000
62.000
68.000
55.000
55.000
53.000
71.000
61.000
58.000
78.000
65.000
69.000
58.000
60.000
77.000
64.000
94.000
93.000
81.000
94.000
91.000
78.000
109.000
100.000
97.000
116.000
104.000
101.000
108.000
131.000
146.000
108.000
137.000
133.000
127.000
136.000
178.000
175.000
187.000
210.000
223.000
188.000
212.000
230.000
261.000
297.000
319.000
291.000
327.000
337.000
375.000
498.000
585.000
618.000
707.000
723.000
883.000
844.000
830.000
687.000
458.000
172.000
56.000
9.000
3.000
0.000
0.000
0.000
0.000
0.000
0.000
0.000
0.000
0.000
0.000
0.000
0.000
0.000
0.000
0.000
0.000
0.000
0.000
0.000
0.000
0.000
0.000
0.000
0.000
0.000
0.000
0.000
0.000
0.000
0.000
0.000
0.000
0.000
0.000
0.000
0.000
0.000
0.000
0.000
0.000
0.000
0.000
0.000
0.000
0.000
0.000
0.000
0.000
0.000
0.000
0.000
0.000
0.000
0.000
0.000
0.000
0.000
0.000
0.000
0.000
0.000
0.000
0.000
0.000
0.000
0.000
0.000
0.000
0.000
0.000
0.000
0.000
0.000
0.000
0.000
0.000
0.000
0.000
0.000
0.000
0.000
0.000
0.000
0.000
0.000
0.000
0.000
0.000
0.000
0.000
0.000
0.000
0.000
0.000
0.000
0.000
0.000
0.000
0.000
0.000
0.000
0.000
0.000
0.000
0.000
0.000
0.000
0.000
0.000
0.000
0.000
0.000
0.000
0.000
0.000
0.000
0.000
0.000
0.000
0.000
0.000
0.000
0.000
0.000
0.000
0.000
0.000
0.000
0.000
0.000
0.000
0.000
0.000
0.000
0.000
0.000
0.000
0.000
0.000
0.000
0.000
0.000
0.000
0.000
0.000
0.000
0.000
0.000
0.000
