0.000
0.000
0.000
0.000
0.000
0.000
0.000
0.000
0.000
0.000
0.000
0.000
0.000
0.000
0.000
0.000
0.000
0.000
0.000
0.000
0.000
0.000
0.000
0.000
0.000
7.000
4.000
7.000
2.000
4.000
5.000
4.000
5.000
5.000
3.000
2.000
5.000
8.000
5.000
6.000
4.000
1.000
1.000
2.000
1.000
6.000
3.000
2.000
0.000
0.000
5.000
1.000
5.000
3.000
2.000
3.000
2.000
4.000
4.000
3.000
2.000
5.000
1.000
5.000
3.000
3.000
4.000
3.000
5.000
1.000
2.000
1.000
3.000
3.000
3.000
3.000
3.000
3.000
2.000
2.000
2.000
5.000
1.000
2.000
2.000
2.000
0.000
1.000
1.000
3.000
2.000
0.000
4.000
1.000
0.000
4.000
0.000
4.000
2.000
2.000
2.000
3.000
2.000
1.000
2.000
1.000
2.000
3.000
4.000
1.000
2.000
3.000
4.000
3.000
2.000
1.000
1.000
1.000
3.000
2.000
1.000
4.000
1.000
3.000
3.000
1.000
2.000
5.000
4.000
5.000
3.000
4.000
2.000
1.000
2.000
4.000
1.000
2.000
2.000
2.000
2.000
6.000
1.000
3.000
1.000
2.000
2.000
2.000
3.000
2.000
1.000
1.000
1.000
3.000
4.000
4.000
1.000
3.000
2.000
1.000
5.000
1.000
2.000
2.000
0.000
4.000
1.000
2.000
1.000
2.000
5.000
3.000
1.000
0.000
2.000
3.000
1.000
1.000
1.000
1.000
1.000
1.000
1.000
1.000
2.000
2.000
2.000
1.000
1.000
0.000
1.000
1.000
2.000
1.000
2.000
3.000
1.000
2.000
2.000
2.000
4.000
3.000
3.000
3.000
0.000
0.000
3.000
1.000
3.000
1.000
1.000
1.000
0.000
4.000
0.000
5.000
3.000
3.000
1.000
1.000
3.000
3.000
4.000
3.000
1.000
2.000
9.000
2.000
0.000
2.000
1.000
2.000
2.000
5.000
3.000
4.000
2.000
3.000
3.000
0.000
6.000
3.000
3.000
1.000
4.000
3.000
3.000
6.000
6.000
3.000
3.000
1.000
2.000
7.000
3.000
5.000
1.000
3.000
3.000
4.000
2.000
4.000
5.000
2.000
3.000
5.000
1.000
3.000
3.000
3.000
4.000
3.000
5.000
2.000
4.000
2.000
4.000
3.000
0.000
3.000
1.000
0.000
4.000
6.000
3.000
1.000
7.000
1.000
3.000
2.000
6.000
2.000
3.000
3.000
3.000
1.000
3.000
3.000
3.000
1.000
1.000
3.000
6.000
5.000
3.000
4.000
5.000
7.000
3.000
2.000
4.000
4.000
3.000
4.000
5.000
4.000
8.000
7.000
6.000
2.000
3.000
2.000
4.000
1.000
4.000
4.000
3.000
2.000
6.000
3.000
6.000
8.000
7.000
7.000
5.000
4.000
5.000
6.000
6.000
1.000
10.000
2.000
3.000
4.000
8.000
2.000
8.000
6.000
5.000
7.000
7.000
5.000
4.000
3.000
5.000
3.000
11.000
3.000
4.000
7.000
9.000
3.000
6.000
2.000
4.000
6.000
3.000
5.000
4.000
1.000
6.000
4.000
9.000
4.000
4.000
3.000
7.000
9.000
5.000
6.000
9.000
5.000
4.000
3.000
5.000
5.000
6.000
5.000
5.000
6.000
6.000
7.000
9.000
4.000
4.000
7.000
7.000
7.000
4.000
6.000
3.000
5.000
8.000
9.000
6.000
14.000
5.000
6.000
10.000
5.000
4.000
8.000
7.000
3.000
9.000
9.000
5.000
6.000
7.000
7.000
5.000
4.000
6.000
2.000
5.000
9.000
8.000
9.000
10.000
8.000
8.000
11.000
7.000
8.000
5.000
8.000
12.000
7.000
8.000
5.000
4.000
11.000
11.000
7.000
10.000
8.000
6.000
7.000
11.000
4.000
11.000
8.000
7.000
3.000
11.000
5.000
13.000
7.000
8.000
10.000
8.000
5.000
6.000
10.000
12.000
14.000
10.000
16.000
9.000
11.000
6.000
12.000
16.000
13.000
18.000
14.000
8.000
21.000
18.000
11.000
11.000
14.000
8.000
4.000
12.000
12.000
15.000
15.000
14.000
8.000
13.000
6.000
13.000
11.000
10.000
10.000
8.000
5.000
15.000
11.000
11.000
9.000
11.000
12.000
13.000
12.000
8.000
8.000
16.000
6.000
15.000
12.000
16.000
8.000
13.000
12.000
19.000
10.000
17.000
14.000
14.000
13.000
9.000
20.000
10.000
25.000
10.000
20.000
17.000
13.000
16.000
15.000
14.000
14.000
18.000
15.000
15.000
21.000
22.000
21.000
25.000
22.000
18.000
28.000
18.000
17.000
22.000
15.000
29.000
19.000
13.000
18.000
19.000
19.000
23.000
26.000
15.000
22.000
24.000
23.000
34.000
25.000
28.000
19.000
22.000
19.000
25.000
29.000
22.000
29.000
24.000
22.000
26.000
37.000
31.000
33.000
32.000
27.000
28.000
30.000
26.000
19.000
24.000
25.000
33.000
23.000
34.000
32.000
26.000
43.000
36.000
21.000
32.000
38.000
46.000
53.000
49.000
38.000
48.000
40.000
41.000
25.000
34.000
36.000
37.000
61.000
53.000
47.000
54.000
54.000
46.000
48.000
49.000
47.000
67.000
48.000
48.000
54.000
53.000
50.000
54.000
62.000
64.000
72.000
61.000
70.000
79.000
61.000
76.000
74.000
66.000
79.000
81.000
85.000
74.000
96.000
106.000
82.000
109.000
117.000
111.000
101.000
115.000
115.000
132.000
125.000
139.000
150.000
148.000
151.000
144.000
165.000
192.000
212.000
168.000
209.000
227.000
246.000
264.000
271.000
294.000
325.000
342.000
354.000
351.000
365.000
381.000
409.000
393.000
374.000
396.000
360.000
346.000
335.000
341.000
279.000
262.000
261.000
182.000
140.000
120.000
95.000
62.000
74.000
52.000
38.000
22.000
22.000
14.000
9.000
8.000
2.000
4.000
0.000
2.000
0.000
2.000
0.000
0.000
0.000
0.000
0.000
0.000
0.000
0.000
0.000
0.000
0.000
0.000
0.000
0.000
0.000
0.000
0.000
0.000
0.000
0.000
0.000
0.000
0.000
0.000
0.000
0.000
0.000
0.000
0.000
0.000
0.000
0.000
0.000
0.000
0.000
0.000
0.000
0.000
0.000
0.000
0.000
0.000
0.000
0.000
0.000
0.000
0.000
0.000
0.000
0.000
0.000
0.000
0.000
0.000
0.000
0.000
0.000
0.000
0.000
0.000
0.000
0.000
0.000
0.000
0.000
0.000
0.000
0.000
0.000
0.000
0.000
0.000
0.000
0.000
0.000
0.000
0.000
0.000
0.000
0.000
0.000
0.000
0.000
0.000
0.000
0.000
0.000
0.000
0.000
0.000
0.000
0.000
0.000
0.000
0.000
0.000
0.000
0.000
0.000
0.000
0.000
0.000
0.000
0.000
0.000
0.000
0.000
0.000
0.000
0.000
0.000
0.000
0.000
0.000
0.000
0.000
0.000
0.000
0.000
0.000
0.000
0.000
0.000
0.000
0.000
0.000
0.000
0.000
0.000
0.000
0.000
0.000
0.000
0.000
0.000
0.000
0.000
0.000
0.000
0.000
0.000
0.000
0.000
0.000
0.000
0.000
0.000
0.000
0.000
0.000
0.000
0.000
0.000
0.000
0.000
0.000
0.000
0.000
0.000
0.000
0.000
0.000
0.000
0.000
0.000
0.000
0.000
0.000
0.000
0.000
0.000
0.000
0.000
0.000
0.000
0.000
0.000
0.000
0.000
0.000
0.000
0.000
0.000
0.000
0.000
0.000
0.000
0.000
0.000
0.000
0.000
0.000
0.000
0.000
0.000
0.000
0.000
0.000
0.000
0.000
0.000
0.000
0.000
0.000
0.000
0.000
0.000
0.000
0.000
0.000
0.000
0.000
0.000
0.000
0.000
0.000
0.000
0.000
0.000
0.000
0.000
0.000
0.000
0.000
0.000
0.000
0.000
0.000
0.000
0.000
0.000
0.000
0.000
0.000
0.000
0.000
0.000
0.000
0.000
0.000
0.000
0.000
0.000
0.000
0.000
0.000
0.000
0.000
0.000
0.000
0.000
0.000
0.000
0.000
0.000
0.000
0.000
0.000
0.000
0.000
0.000
0.000
0.000
0.000
0.000
0.000
0.000
0.000
0.000
0.000
0.000
0.000
0.000
0.000
0.000
0.000
0.000
0.000
0.000
0.000
0.000
0.000
0.000
0.000
0.000
0.000
0.000
0.000
0.000
0.000
0.000
0.000
0.000
0.000
0.000
0.000
0.000
0.000
0.000
0.000
0.000
0.000
0.000
0.000
0.000
0.000
0.000
0.000
0.000
0.000
0.000
0.000
0.000
0.000
0.000
0.000
0.000
0.000
0.000
0.000
0.000
0.000
0.000
0.000
0.000
0.000
0.000
