0.000
0.000
0.000
0.000
0.000
0.000
0.000
0.000
0.000
0.000
0.000
0.000
0.000
0.000
0.000
0.000
0.000
0.000
0.000
0.000
0.000
0.000
0.000
0.000
0.000
0.000
0.000
0.000
0.000
1.000
0.000
0.000
0.000
0.000
0.000
0.000
0.000
0.000
1.000
0.000
1.000
6.000
3.000
9.000
10.000
16.000
26.000
47.000
95.000
109.000
153.000
207.000
313.000
344.000
460.000
408.000
563.000
607.000
697.000
745.000
799.000
897.000
869.000
909.000
929.000
731.000
849.000
894.000
956.000
926.000
889.000
867.000
891.000
823.000
758.000
651.000
728.000
802.000
928.000
829.000
766.000
698.000
848.000
800.000
814.000
768.000
763.000
815.000
776.000
680.000
651.000
701.000
822.000
824.000
782.000
648.000
670.000
788.000
759.000
692.000
710.000
720.000
799.000
707.000
707.000
577.000
706.000
763.000
793.000
751.000
728.000
704.000
788.000
726.000
756.000
676.000
730.000
792.000
779.000
724.000
722.000
651.000
769.000
766.000
658.000
688.000
726.000
778.000
790.000
649.000
689.000
823.000
799.000
720.000
741.000
632.000
681.000
710.000
751.000
759.000
757.000
747.000
782.000
755.000
705.000
670.000
698.000
737.000
767.000
620.000
667.000
633.000
744.000
701.000
603.000
544.000
642.000
593.000
652.000
579.000
605.000
627.000
667.000
602.000
564.000
510.000
593.000
542.000
616.000
514.000
508.000
476.000
490.000
576.000
539.000
454.000
535.000
517.000
542.000
521.000
505.000
535.000
575.000
473.000
502.000
440.000
499.000
509.000
544.000
480.000
536.000
520.000
524.000
470.000
439.000
427.000
456.000
428.000
524.000
450.000
464.000
467.000
438.000
429.000
409.000
437.000
492.000
478.000
474.000
419.000
451.000
461.000
491.000
469.000
405.000
431.000
494.000
435.000
511.000
414.000
433.000
514.000
519.000
445.000
403.000
398.000
452.000
429.000
467.000
458.000
467.000
452.000
543.000
455.000
389.000
425.000
449.000
483.000
466.000
419.000
426.000
470.000
530.000
402.000
442.000
424.000
492.000
456.000
430.000
395.000
413.000
455.000
493.000
435.000
375.000
363.000
413.000
417.000
444.000
446.000
503.000
448.000
478.000
447.000
436.000
417.000
474.000
488.000
455.000
443.000
412.000
436.000
434.000
442.000
474.000
442.000
467.000
426.000
495.000
436.000
438.000
435.000
507.000
370.000
412.000
450.000
474.000
433.000
389.000
402.000
469.000
433.000
451.000
380.000
411.000
378.000
447.000
430.000
397.000
375.000
377.000
418.000
392.000
357.000
320.000
368.000
408.000
341.000
373.000
342.000
349.000
329.000
330.000
295.000
274.000
318.000
318.000
343.000
249.000
255.000
312.000
266.000
259.000
244.000
241.000
244.000
264.000
237.000
250.000
249.000
247.000
223.000
246.000
163.000
198.000
187.000
218.000
197.000
182.000
182.000
180.000
211.000
193.000
178.000
203.000
209.000
198.000
175.000
212.000
187.000
190.000
185.000
193.000
152.000
173.000
192.000
215.000
183.000
181.000
179.000
197.000
192.000
162.000
151.000
182.000
199.000
218.000
187.000
164.000
166.000
187.000
178.000
170.000
148.000
191.000
191.000
214.000
188.000
194.000
189.000
202.000
232.000
217.000
182.000
226.000
251.000
242.000
269.000
306.000
285.000
328.000
281.000
315.000
331.000
311.000
370.000
385.000
416.000
377.000
409.000
497.000
486.000
509.000
513.000
560.000
609.000
702.000
699.000
671.000
680.000
793.000
851.000
877.000
883.000
867.000
974.000
959.000
1022.000
1037.000
1081.000
1225.000
1195.000
1195.000
1108.000
1245.000
1361.000
1444.000
1356.000
1207.000
1370.000
1395.000
1309.000
1321.000
1203.000
1322.000
1411.000
1397.000
1225.000
1215.000
1113.000
1255.000
1260.000
1098.000
1043.000
965.000
1046.000
964.000
856.000
873.000
830.000
851.000
711.000
696.000
600.000
560.000
577.000
506.000
425.000
423.000
387.000
409.000
339.000
282.000
282.000
248.000
260.000
251.000
179.000
204.000
148.000
178.000
146.000
129.000
107.000
108.000
85.000
80.000
66.000
69.000
77.000
56.000
41.000
47.000
38.000
46.000
41.000
43.000
29.000
40.000
32.000
26.000
27.000
18.000
20.000
26.000
26.000
17.000
26.000
25.000
18.000
27.000
22.000
24.000
13.000
15.000
20.000
15.000
17.000
23.000
32.000
22.000
27.000
18.000
12.000
10.000
22.000
16.000
24.000
29.000
25.000
32.000
21.000
18.000
15.000
14.000
24.000
25.000
12.000
19.000
23.000
19.000
16.000
20.000
12.000
13.000
25.000
21.000
12.000
24.000
23.000
18.000
22.000
11.000
18.000
17.000
9.000
14.000
14.000
23.000
21.000
25.000
17.000
16.000
24.000
19.000
14.000
18.000
20.000
25.000
18.000
24.000
14.000
13.000
14.000
17.000
28.000
20.000
19.000
16.000
21.000
18.000
19.000
17.000
22.000
18.000
22.000
17.000
18.000
18.000
13.000
15.000
15.000
22.000
15.000
22.000
16.000
17.000
23.000
18.000
20.000
27.000
27.000
19.000
27.000
22.000
16.000
23.000
20.000
21.000
25.000
26.000
19.000
17.000
17.000
15.000
14.000
26.000
14.000
22.000
19.000
10.000
12.000
13.000
14.000
14.000
18.000
18.000
25.000
18.000
23.000
13.000
12.000
15.000
12.000
22.000
23.000
9.000
12.000
11.000
9.000
12.000
14.000
15.000
11.000
15.000
12.000
14.000
22.000
15.000
20.000
14.000
14.000
15.000
22.000
14.000
9.000
12.000
8.000
17.000
12.000
15.000
12.000
16.000
18.000
8.000
17.000
13.000
12.000
14.000
13.000
15.000
9.000
13.000
14.000
10.000
11.000
13.000
12.000
15.000
9.000
10.000
15.000
12.000
12.000
15.000
10.000
16.000
12.000
16.000
17.000
9.000
15.000
11.000
10.000
15.000
10.000
5.000
4.000
9.000
9.000
8.000
13.000
17.000
4.000
18.000
17.000
16.000
9.000
12.000
4.000
6.000
9.000
12.000
9.000
14.000
11.000
19.000
12.000
14.000
11.000
10.000
11.000
12.000
15.000
14.000
10.000
15.000
15.000
6.000
14.000
7.000
19.000
15.000
11.000
21.000
18.000
14.000
15.000
14.000
6.000
11.000
10.000
12.000
18.000
12.000
16.000
13.000
11.000
13.000
8.000
14.000
9.000
13.000
10.000
7.000
10.000
15.000
12.000
5.000
8.000
10.000
8.000
13.000
10.000
15.000
11.000
12.000
8.000
10.000
11.000
10.000
14.000
14.000
7.000
13.000
10.000
12.000
17.000
5.000
3.000
10.000
11.000
15.000
10.000
14.000
9.000
8.000
8.000
8.000
6.000
9.000
12.000
9.000
9.000
7.000
8.000
5.000
8.000
9.000
10.000
6.000
8.000
8.000
6.000
8.000
10.000
7.000
8.000
10.000
7.000
11.000
8.000
9.000
9.000
8.000
7.000
9.000
9.000
6.000
5.000
4.000
4.000
8.000
5.000
6.000
8.000
7.000
1.000
7.000
9.000
9.000
5.000
9.000
8.000
10.000
7.000
6.000
5.000
1.000
8.000
5.000
4.000
4.000
6.000
4.000
7.000
3.000
9.000
6.000
5.000
5.000
8.000
5.000
12.000
10.000
6.000
2.000
4.000
4.000
8.000
9.000
8.000
2.000
6.000
10.000
7.000
3.000
6.000
8.000
4.000
16.000
12.000
6.000
7.000
4.000
12.000
9.000
7.000
13.000
9.000
12.000
5.000
9.000
10.000
6.000
5.000
5.000
12.000
5.000
5.000
5.000
9.000
5.000
5.000
5.000
6.000
3.000
15.000
10.000
7.000
4.000
6.000
8.000
8.000
6.000
13.000
3.000
4.000
7.000
5.000
3.000
2.000
7.000
8.000
11.000
6.000
5.000
5.000
12.000
9.000
3.000
4.000
8.000
6.000
4.000
5.000
5.000
2.000
6.000
7.000
12.000
3.000
3.000
5.000
5.000
7.000
7.000
3.000
7.000
6.000
8.000
7.000
5.000
5.000
5.000
3.000
6.000
7.000
4.000
4.000
5.000
8.000
8.000
5.000
5.000
5.000
6.000
6.000
7.000
3.000
4.000
6.000
5.000
4.000
10.000
5.000
9.000
9.000
3.000
2.000
7.000
6.000
4.000
4.000
5.000
9.000
4.000
5.000
1.000
4.000
1.000
5.000
4.000
7.000
7.000
6.000
3.000
4.000
6.000
5.000
1.000
2.000
4.000
7.000
6.000
1.000
5.000
2.000
6.000
5.000
1.000
0.000
6.000
4.000
4.000
2.000
4.000
0.000
0.000
0.000
0.000
0.000
0.000
0.000
0.000
0.000
0.000
0.000
0.000
0.000
0.000
0.000
0.000
0.000
0.000
0.000
0.000
0.000
0.000
0.000
0.000
0.000
0.000
0.000
