0.000
0.000
0.000
0.000
0.000
0.000
0.000
0.000
0.000
0.000
0.000
0.000
0.000
0.000
0.000
0.000
0.000
0.000
0.000
0.000
0.000
0.000
0.000
0.000
0.000
0.000
0.000
0.000
0.000
0.000
0.000
0.000
0.000
0.000
0.000
0.000
0.000
0.000
0.000
0.000
1.000
4.000
7.000
10.000
16.000
10.000
28.000
45.000
78.000
104.000
125.000
178.000
251.000
330.000
354.000
358.000
411.000
472.000
565.000
623.000
556.000
709.000
802.000
799.000
802.000
615.000
654.000
807.000
800.000
825.000
795.000
765.000
843.000
785.000
708.000
632.000
648.000
766.000
806.000
705.000
690.000
619.000
708.000
723.000
725.000
605.000
691.000
624.000
671.000
603.000
563.000
584.000
667.000
666.000
605.000
522.000
558.000
605.000
627.000
571.000
551.000
565.000
636.000
550.000
497.000
487.000
503.000
522.000
551.000
495.000
508.000
495.000
540.000
506.000
529.000
445.000
456.000
487.000
541.000
458.000
439.000
407.000
458.000
449.000
426.000
430.000
417.000
448.000
436.000
422.000
398.000
408.000
458.000
419.000
398.000
356.000
373.000
357.000
415.000
385.000
402.000
395.000
403.000
384.000
376.000
356.000
366.000
376.000
462.000
361.000
371.000
374.000
347.000
378.000
339.000
281.000
301.000
349.000
369.000
329.000
352.000
304.000
327.000
303.000
302.000
279.000
259.000
291.000
347.000
283.000
262.000
261.000
239.000
278.000
209.000
239.000
259.000
238.000
268.000
242.000
261.000
279.000
238.000
253.000
257.000
232.000
227.000
249.000
249.000
227.000
232.000
236.000
247.000
172.000
225.000
190.000
210.000
229.000
235.000
216.000
209.000
210.000
200.000
190.000
168.000
193.000
210.000
207.000
185.000
187.000
195.000
188.000
202.000
188.000
185.000
221.000
209.000
192.000
178.000
163.000
180.000
171.000
171.000
174.000
165.000
163.000
212.000
156.000
178.000
188.000
169.000
148.000
178.000
153.000
141.000
148.000
152.000
172.000
134.000
156.000
142.000
183.000
157.000
150.000
137.000
146.000
162.000
157.000
136.000
148.000
125.000
135.000
144.000
154.000
143.000
144.000
139.000
136.000
137.000
114.000
162.000
175.000
155.000
125.000
138.000
129.000
151.000
134.000
124.000
124.000
146.000
137.000
162.000
110.000
126.000
129.000
148.000
151.000
142.000
149.000
148.000
125.000
154.000
126.000
126.000
132.000
144.000
129.000
116.000
126.000
150.000
128.000
141.000
127.000
132.000
108.000
116.000
154.000
137.000
120.000
101.000
138.000
151.000
109.000
116.000
139.000
153.000
122.000
126.000
106.000
129.000
130.000
132.000
118.000
111.000
111.000
83.000
132.000
114.000
125.000
126.000
119.000
143.000
116.000
113.000
111.000
128.000
136.000
122.000
108.000
110.000
117.000
122.000
120.000
104.000
110.000
131.000
155.000
112.000
110.000
129.000
122.000
108.000
103.000
96.000
115.000
105.000
114.000
93.000
90.000
117.000
97.000
96.000
91.000
110.000
87.000
116.000
131.000
125.000
92.000
119.000
123.000
111.000
81.000
88.000
97.000
101.000
91.000
92.000
115.000
113.000
111.000
114.000
100.000
86.000
93.000
132.000
104.000
94.000
95.000
100.000
107.000
102.000
94.000
89.000
93.000
105.000
112.000
100.000
108.000
112.000
137.000
104.000
103.000
107.000
91.000
134.000
121.000
82.000
91.000
99.000
100.000
99.000
104.000
106.000
124.000
113.000
106.000
110.000
101.000
141.000
142.000
124.000
109.000
129.000
107.000
96.000
121.000
124.000
127.000
122.000
94.000
129.000
102.000
115.000
127.000
125.000
116.000
113.000
134.000
124.000
123.000
116.000
115.000
118.000
116.000
120.000
97.000
122.000
109.000
109.000
126.000
146.000
108.000
115.000
109.000
117.000
85.000
114.000
91.000
114.000
95.000
100.000
81.000
98.000
101.000
100.000
108.000
99.000
95.000
95.000
111.000
94.000
78.000
84.000
75.000
94.000
95.000
92.000
82.000
93.000
82.000
89.000
86.000
79.000
84.000
69.000
80.000
77.000
73.000
86.000
78.000
85.000
57.000
93.000
82.000
86.000
78.000
86.000
70.000
74.000
68.000
96.000
68.000
82.000
58.000
79.000
69.000
78.000
68.000
65.000
65.000
84.000
93.000
86.000
65.000
68.000
90.000
63.000
69.000
79.000
70.000
85.000
73.000
102.000
72.000
80.000
82.000
80.000
77.000
90.000
92.000
71.000
71.000
71.000
87.000
89.000
101.000
82.000
72.000
84.000
83.000
87.000
87.000
87.000
81.000
83.000
80.000
74.000
88.000
56.000
69.000
60.000
65.000
79.000
82.000
73.000
67.000
77.000
55.000
92.000
71.000
73.000
67.000
78.000
66.000
77.000
90.000
81.000
75.000
68.000
97.000
79.000
77.000
80.000
68.000
81.000
84.000
75.000
76.000
70.000
89.000
72.000
72.000
88.000
69.000
77.000
63.000
78.000
74.000
103.000
87.000
61.000
56.000
77.000
71.000
66.000
93.000
70.000
65.000
79.000
59.000
53.000
43.000
87.000
65.000
74.000
75.000
76.000
77.000
88.000
81.000
77.000
61.000
62.000
69.000
59.000
72.000
60.000
70.000
65.000
65.000
52.000
58.000
58.000
65.000
56.000
71.000
66.000
61.000
67.000
64.000
50.000
46.000
73.000
70.000
59.000
60.000
47.000
61.000
61.000
56.000
63.000
48.000
75.000
58.000
41.000
51.000
47.000
53.000
51.000
46.000
48.000
44.000
56.000
48.000
65.000
61.000
49.000
43.000
71.000
52.000
54.000
49.000
62.000
67.000
62.000
46.000
50.000
45.000
47.000
52.000
55.000
49.000
51.000
35.000
31.000
46.000
33.000
43.000
45.000
42.000
52.000
50.000
51.000
49.000
47.000
52.000
55.000
65.000
48.000
31.000
41.000
54.000
36.000
40.000
47.000
57.000
50.000
44.000
61.000
52.000
49.000
48.000
50.000
40.000
52.000
50.000
52.000
55.000
47.000
45.000
51.000
49.000
63.000
52.000
61.000
60.000
42.000
47.000
53.000
57.000
59.000
54.000
56.000
55.000
64.000
42.000
62.000
45.000
66.000
57.000
57.000
60.000
57.000
56.000
53.000
62.000
68.000
55.000
55.000
68.000
59.000
59.000
75.000
78.000
78.000
53.000
65.000
60.000
64.000
70.000
65.000
78.000
76.000
74.000
66.000
75.000
66.000
81.000
78.000
66.000
77.000
82.000
77.000
80.000
84.000
72.000
53.000
66.000
63.000
67.000
77.000
57.000
88.000
68.000
78.000
75.000
50.000
78.000
84.000
68.000
90.000
72.000
63.000
74.000
50.000
43.000
66.000
50.000
35.000
49.000
51.000
55.000
60.000
53.000
57.000
51.000
31.000
46.000
42.000
34.000
39.000
36.000
39.000
44.000
42.000
45.000
40.000
56.000
38.000
47.000
42.000
45.000
42.000
44.000
32.000
28.000
27.000
32.000
30.000
30.000
30.000
21.000
39.000
38.000
41.000
43.000
31.000
50.000
33.000
31.000
31.000
34.000
34.000
36.000
41.000
33.000
48.000
36.000
45.000
48.000
38.000
33.000
37.000
43.000
43.000
51.000
57.000
49.000
46.000
54.000
36.000
47.000
50.000
53.000
51.000
47.000
47.000
47.000
55.000
48.000
42.000
45.000
50.000
44.000
46.000
39.000
51.000
54.000
62.000
69.000
78.000
49.000
53.000
47.000
57.000
47.000
54.000
61.000
67.000
38.000
50.000
33.000
50.000
51.000
48.000
36.000
32.000
47.000
42.000
35.000
38.000
29.000
28.000
32.000
40.000
29.000
26.000
42.000
42.000
35.000
28.000
23.000
32.000
33.000
16.000
18.000
23.000
17.000
20.000
22.000
17.000
15.000
19.000
22.000
12.000
18.000
16.000
22.000
16.000
15.000
11.000
15.000
21.000
13.000
10.000
16.000
17.000
4.000
10.000
11.000
11.000
13.000
18.000
17.000
12.000
13.000
21.000
13.000
15.000
15.000
12.000
10.000
11.000
19.000
21.000
14.000
12.000
14.000
11.000
10.000
7.000
6.000
7.000
13.000
12.000
4.000
11.000
8.000
8.000
9.000
4.000
5.000
8.000
10.000
12.000
9.000
10.000
8.000
5.000
5.000
10.000
1.000
7.000
8.000
2.000
6.000
4.000
1.000
4.000
11.000
0.000
4.000
5.000
2.000
6.000
4.000
7.000
5.000
5.000
5.000
5.000
2.000
3.000
7.000
7.000
3.000
10.000
4.000
4.000
4.000
7.000
4.000
4.000
2.000
4.000
3.000
0.000
0.000
0.000
0.000
0.000
0.000
0.000
0.000
0.000
0.000
0.000
0.000
0.000
0.000
0.000
0.000
0.000
0.000
0.000
0.000
0.000
0.000
0.000
0.000
0.000
0.000
