0.000
0.000
0.000
0.000
0.000
0.000
0.000
0.000
0.000
0.000
0.000
0.000
0.000
0.000
0.000
0.000
0.000
0.000
0.000
0.000
0.000
0.000
0.000
0.000
0.000
0.000
0.000
0.000
0.000
0.000
0.000
0.000
0.000
0.000
0.000
1.000
0.000
0.000
0.000
0.000
0.000
0.000
5.000
6.000
4.000
4.000
8.000
25.000
30.000
46.000
64.000
81.000
105.000
127.000
138.000
161.000
197.000
192.000
211.000
248.000
264.000
281.000
306.000
337.000
353.000
271.000
300.000
332.000
346.000
371.000
321.000
321.000
367.000
312.000
334.000
284.000
277.000
363.000
331.000
307.000
276.000
239.000
302.000
273.000
293.000
260.000
291.000
282.000
271.000
278.000
236.000
244.000
299.000
308.000
245.000
225.000
236.000
264.000
245.000
242.000
231.000
272.000
269.000
230.000
216.000
185.000
211.000
243.000
251.000
224.000
200.000
207.000
223.000
221.000
217.000
172.000
187.000
225.000
208.000
208.000
203.000
180.000
190.000
193.000
181.000
166.000
197.000
185.000
201.000
173.000
145.000
209.000
210.000
183.000
168.000
176.000
153.000
154.000
184.000
167.000
141.000
189.000
179.000
167.000
182.000
156.000
178.000
199.000
174.000
138.000
165.000
167.000
171.000
150.000
168.000
124.000
123.000
170.000
153.000
149.000
146.000
156.000
130.000
108.000
138.000
131.000
116.000
150.000
137.000
138.000
121.000
135.000
109.000
129.000
109.000
101.000
104.000
122.000
98.000
99.000
89.000
110.000
122.000
103.000
107.000
95.000
107.000
95.000
82.000
106.000
114.000
94.000
123.000
107.000
87.000
74.000
95.000
94.000
106.000
88.000
87.000
98.000
92.000
89.000
96.000
77.000
78.000
84.000
83.000
72.000
75.000
80.000
90.000
85.000
88.000
93.000
92.000
77.000
81.000
64.000
63.000
85.000
78.000
75.000
63.000
89.000
72.000
80.000
82.000
69.000
63.000
79.000
73.000
81.000
49.000
73.000
70.000
71.000
69.000
67.000
74.000
61.000
77.000
60.000
67.000
56.000
89.000
65.000
69.000
60.000
66.000
67.000
67.000
60.000
62.000
56.000
69.000
57.000
49.000
75.000
64.000
77.000
72.000
63.000
58.000
60.000
64.000
66.000
83.000
55.000
62.000
55.000
49.000
64.000
54.000
60.000
62.000
50.000
59.000
57.000
54.000
67.000
73.000
38.000
60.000
47.000
67.000
59.000
49.000
52.000
52.000
62.000
57.000
50.000
67.000
60.000
65.000
65.000
68.000
32.000
56.000
68.000
54.000
64.000
62.000
53.000
49.000
49.000
58.000
54.000
54.000
48.000
52.000
48.000
49.000
58.000
55.000
68.000
51.000
39.000
65.000
53.000
64.000
51.000
60.000
55.000
64.000
56.000
40.000
53.000
54.000
40.000
56.000
48.000
43.000
67.000
64.000
59.000
53.000
42.000
54.000
47.000
54.000
46.000
37.000
48.000
48.000
62.000
35.000
53.000
46.000
59.000
43.000
41.000
44.000
50.000
31.000
49.000
64.000
46.000
55.000
49.000
53.000
38.000
33.000
52.000
51.000
40.000
51.000
45.000
45.000
39.000
46.000
42.000
54.000
46.000
66.000
39.000
38.000
50.000
46.000
44.000
50.000
42.000
41.000
38.000
55.000
39.000
40.000
54.000
51.000
53.000
56.000
46.000
48.000
50.000
42.000
63.000
48.000
26.000
36.000
44.000
39.000
38.000
42.000
43.000
45.000
55.000
53.000
41.000
53.000
46.000
46.000
57.000
53.000
43.000
48.000
50.000
51.000
52.000
56.000
63.000
48.000
37.000
57.000
46.000
62.000
55.000
62.000
58.000
52.000
42.000
54.000
43.000
59.000
60.000
49.000
43.000
40.000
50.000
40.000
54.000
64.000
47.000
48.000
41.000
56.000
38.000
53.000
49.000
37.000
50.000
51.000
36.000
39.000
42.000
49.000
46.000
48.000
33.000
34.000
38.000
27.000
32.000
44.000
43.000
49.000
41.000
40.000
39.000
41.000
41.000
40.000
31.000
31.000
30.000
34.000
34.000
28.000
36.000
33.000
36.000
32.000
36.000
47.000
36.000
33.000
27.000
39.000
36.000
29.000
23.000
40.000
35.000
42.000
29.000
41.000
40.000
37.000
45.000
40.000
27.000
52.000
33.000
34.000
31.000
37.000
30.000
34.000
21.000
34.000
26.000
32.000
31.000
31.000
32.000
33.000
32.000
42.000
28.000
50.000
32.000
30.000
28.000
21.000
34.000
42.000
36.000
27.000
36.000
37.000
35.000
28.000
28.000
31.000
41.000
46.000
37.000
28.000
29.000
33.000
35.000
30.000
27.000
35.000
34.000
37.000
41.000
36.000
34.000
34.000
28.000
30.000
27.000
28.000
32.000
40.000
38.000
33.000
35.000
33.000
37.000
37.000
34.000
24.000
33.000
40.000
30.000
22.000
30.000
31.000
41.000
43.000
31.000
32.000
24.000
21.000
31.000
26.000
41.000
27.000
29.000
25.000
33.000
32.000
33.000
34.000
32.000
34.000
34.000
41.000
28.000
24.000
37.000
33.000
29.000
30.000
40.000
36.000
29.000
20.000
26.000
32.000
38.000
23.000
31.000
32.000
33.000
21.000
28.000
24.000
24.000
28.000
24.000
31.000
33.000
21.000
21.000
24.000
29.000
31.000
19.000
20.000
23.000
34.000
31.000
31.000
29.000
21.000
23.000
22.000
24.000
25.000
19.000
23.000
27.000
33.000
25.000
28.000
32.000
23.000
29.000
20.000
38.000
19.000
15.000
18.000
24.000
28.000
29.000
26.000
18.000
25.000
26.000
29.000
18.000
28.000
19.000
22.000
26.000
18.000
16.000
23.000
16.000
16.000
18.000
14.000
21.000
13.000
19.000
21.000
23.000
22.000
16.000
24.000
24.000
22.000
23.000
23.000
12.000
18.000
20.000
20.000
15.000
27.000
18.000
18.000
24.000
30.000
21.000
19.000
19.000
33.000
19.000
15.000
20.000
28.000
24.000
26.000
21.000
16.000
24.000
18.000
13.000
28.000
19.000
33.000
24.000
24.000
19.000
17.000
32.000
25.000
24.000
25.000
21.000
22.000
18.000
27.000
26.000
20.000
29.000
39.000
27.000
25.000
20.000
25.000
32.000
31.000
24.000
25.000
38.000
28.000
28.000
33.000
30.000
37.000
35.000
28.000
26.000
28.000
32.000
34.000
47.000
30.000
36.000
27.000
24.000
34.000
39.000
45.000
31.000
39.000
27.000
36.000
31.000
36.000
24.000
36.000
21.000
29.000
20.000
33.000
20.000
39.000
22.000
25.000
27.000
35.000
30.000
43.000
38.000
40.000
33.000
30.000
31.000
16.000
23.000
20.000
25.000
29.000
37.000
17.000
32.000
16.000
18.000
27.000
19.000
17.000
14.000
19.000
22.000
15.000
22.000
17.000
24.000
15.000
19.000
19.000
18.000
23.000
18.000
20.000
17.000
20.000
10.000
14.000
16.000
16.000
12.000
15.000
14.000
18.000
15.000
13.000
19.000
20.000
13.000
15.000
10.000
16.000
11.000
14.000
20.000
18.000
9.000
14.000
17.000
19.000
10.000
15.000
19.000
21.000
21.000
15.000
22.000
22.000
12.000
19.000
24.000
20.000
25.000
21.000
20.000
24.000
25.000
20.000
17.000
11.000
33.000
20.000
15.000
18.000
24.000
16.000
19.000
23.000
23.000
23.000
23.000
25.000
25.000
28.000
24.000
28.000
22.000
24.000
20.000
33.000
19.000
22.000
26.000
24.000
25.000
23.000
25.000
19.000
11.000
15.000
16.000
12.000
9.000
13.000
15.000
14.000
13.000
22.000
15.000
16.000
11.000
13.000
10.000
17.000
15.000
12.000
11.000
4.000
16.000
5.000
13.000
14.000
10.000
4.000
12.000
9.000
5.000
6.000
6.000
10.000
12.000
7.000
5.000
5.000
4.000
11.000
9.000
5.000
5.000
6.000
6.000
10.000
8.000
7.000
11.000
3.000
7.000
5.000
6.000
5.000
8.000
8.000
6.000
3.000
6.000
3.000
9.000
8.000
5.000
4.000
2.000
2.000
4.000
6.000
4.000
8.000
3.000
7.000
6.000
0.000
2.000
5.000
7.000
2.000
6.000
2.000
5.000
3.000
5.000
3.000
1.000
3.000
0.000
1.000
1.000
3.000
3.000
3.000
1.000
1.000
2.000
1.000
1.000
0.000
0.000
0.000
3.000
4.000
1.000
1.000
0.000
3.000
1.000
1.000
2.000
1.000
3.000
3.000
1.000
2.000
2.000
1.000
2.000
0.000
0.000
3.000
1.000
2.000
0.000
0.000
0.000
0.000
0.000
0.000
0.000
0.000
0.000
0.000
0.000
0.000
0.000
0.000
0.000
0.000
0.000
0.000
0.000
0.000
0.000
0.000
0.000
0.000
0.000
0.000
0.000
